"location","reference_date","horizon","target_end_date","target","output_type","output_type_id","value"
"01",2026-05-09,0,2026-05-09,"wk inc flu hosp","quantile",0.01,1.2824739759737
"01",2026-05-09,0,2026-05-09,"wk inc flu hosp","quantile",0.025,3.17049178711118
"01",2026-05-09,0,2026-05-09,"wk inc flu hosp","quantile",0.05,4.54029017511454
"01",2026-05-09,0,2026-05-09,"wk inc flu hosp","quantile",0.1,6.26796682811278
"01",2026-05-09,0,2026-05-09,"wk inc flu hosp","quantile",0.15,7.78303540383924
"01",2026-05-09,0,2026-05-09,"wk inc flu hosp","quantile",0.2,9.26166002623082
"01",2026-05-09,0,2026-05-09,"wk inc flu hosp","quantile",0.25,10.5091073541617
"01",2026-05-09,0,2026-05-09,"wk inc flu hosp","quantile",0.3,11.8121913882545
"01",2026-05-09,0,2026-05-09,"wk inc flu hosp","quantile",0.35,12.9229783240941
"01",2026-05-09,0,2026-05-09,"wk inc flu hosp","quantile",0.4,13.9310809281805
"01",2026-05-09,0,2026-05-09,"wk inc flu hosp","quantile",0.45,15.038727832425
"01",2026-05-09,0,2026-05-09,"wk inc flu hosp","quantile",0.5,16.0152502371592
"01",2026-05-09,0,2026-05-09,"wk inc flu hosp","quantile",0.55,16.8590774659385
"01",2026-05-09,0,2026-05-09,"wk inc flu hosp","quantile",0.6,17.9892478164655
"01",2026-05-09,0,2026-05-09,"wk inc flu hosp","quantile",0.65,19.0260521836546
"01",2026-05-09,0,2026-05-09,"wk inc flu hosp","quantile",0.7,20.042277009961
"01",2026-05-09,0,2026-05-09,"wk inc flu hosp","quantile",0.75,21.4318372878021
"01",2026-05-09,0,2026-05-09,"wk inc flu hosp","quantile",0.8,22.8807046874336
"01",2026-05-09,0,2026-05-09,"wk inc flu hosp","quantile",0.85,24.6862266856832
"01",2026-05-09,0,2026-05-09,"wk inc flu hosp","quantile",0.9,26.5513448490467
"01",2026-05-09,0,2026-05-09,"wk inc flu hosp","quantile",0.95,29.8962756847017
"01",2026-05-09,0,2026-05-09,"wk inc flu hosp","quantile",0.975,33.9124511388053
"01",2026-05-09,0,2026-05-09,"wk inc flu hosp","quantile",0.99,40.65792418504
"01",2026-05-09,1,2026-05-16,"wk inc flu hosp","quantile",0.01,0.716077174338258
"01",2026-05-09,1,2026-05-16,"wk inc flu hosp","quantile",0.025,2.35547666683216
"01",2026-05-09,1,2026-05-16,"wk inc flu hosp","quantile",0.05,3.12907618287461
"01",2026-05-09,1,2026-05-16,"wk inc flu hosp","quantile",0.1,3.81425419707691
"01",2026-05-09,1,2026-05-16,"wk inc flu hosp","quantile",0.15,5.37207747340624
"01",2026-05-09,1,2026-05-16,"wk inc flu hosp","quantile",0.2,7.0020770406047
"01",2026-05-09,1,2026-05-16,"wk inc flu hosp","quantile",0.25,8.5264298939791
"01",2026-05-09,1,2026-05-16,"wk inc flu hosp","quantile",0.3,10.1135813577583
"01",2026-05-09,1,2026-05-16,"wk inc flu hosp","quantile",0.35,11.5419150996724
"01",2026-05-09,1,2026-05-16,"wk inc flu hosp","quantile",0.4,13.0671520891975
"01",2026-05-09,1,2026-05-16,"wk inc flu hosp","quantile",0.45,14.3798250274096
"01",2026-05-09,1,2026-05-16,"wk inc flu hosp","quantile",0.5,16.0585704883228
"01",2026-05-09,1,2026-05-16,"wk inc flu hosp","quantile",0.55,17.4182970468392
"01",2026-05-09,1,2026-05-16,"wk inc flu hosp","quantile",0.6,18.8834074368105
"01",2026-05-09,1,2026-05-16,"wk inc flu hosp","quantile",0.65,20.620062595805
"01",2026-05-09,1,2026-05-16,"wk inc flu hosp","quantile",0.7,22.4906664598078
"01",2026-05-09,1,2026-05-16,"wk inc flu hosp","quantile",0.75,24.5361655709469
"01",2026-05-09,1,2026-05-16,"wk inc flu hosp","quantile",0.8,26.5914151210344
"01",2026-05-09,1,2026-05-16,"wk inc flu hosp","quantile",0.85,29.3866173518843
"01",2026-05-09,1,2026-05-16,"wk inc flu hosp","quantile",0.9,33.3608602265645
"01",2026-05-09,1,2026-05-16,"wk inc flu hosp","quantile",0.95,40.0056154522178
"01",2026-05-09,1,2026-05-16,"wk inc flu hosp","quantile",0.975,46.1211516722215
"01",2026-05-09,1,2026-05-16,"wk inc flu hosp","quantile",0.99,56.8558571959311
"01",2026-05-09,2,2026-05-23,"wk inc flu hosp","quantile",0.01,0.1032793768642
"01",2026-05-09,2,2026-05-23,"wk inc flu hosp","quantile",0.025,1.5622661656016
"01",2026-05-09,2,2026-05-23,"wk inc flu hosp","quantile",0.05,2.25309762165485
"01",2026-05-09,2,2026-05-23,"wk inc flu hosp","quantile",0.1,3.48205309317667
"01",2026-05-09,2,2026-05-23,"wk inc flu hosp","quantile",0.15,4.28744159617897
"01",2026-05-09,2,2026-05-23,"wk inc flu hosp","quantile",0.2,6.21038921881017
"01",2026-05-09,2,2026-05-23,"wk inc flu hosp","quantile",0.25,8.02131401358071
"01",2026-05-09,2,2026-05-23,"wk inc flu hosp","quantile",0.3,9.87892793216773
"01",2026-05-09,2,2026-05-23,"wk inc flu hosp","quantile",0.35,11.8212077167276
"01",2026-05-09,2,2026-05-23,"wk inc flu hosp","quantile",0.4,13.2541829912703
"01",2026-05-09,2,2026-05-23,"wk inc flu hosp","quantile",0.45,15.0362949281829
"01",2026-05-09,2,2026-05-23,"wk inc flu hosp","quantile",0.5,16.8436974880789
"01",2026-05-09,2,2026-05-23,"wk inc flu hosp","quantile",0.55,18.7192649086126
"01",2026-05-09,2,2026-05-23,"wk inc flu hosp","quantile",0.6,21.3396618793062
"01",2026-05-09,2,2026-05-23,"wk inc flu hosp","quantile",0.65,23.417771697693
"01",2026-05-09,2,2026-05-23,"wk inc flu hosp","quantile",0.7,25.781568465528
"01",2026-05-09,2,2026-05-23,"wk inc flu hosp","quantile",0.75,28.2354975479737
"01",2026-05-09,2,2026-05-23,"wk inc flu hosp","quantile",0.8,31.3494142119757
"01",2026-05-09,2,2026-05-23,"wk inc flu hosp","quantile",0.85,35.0386143042324
"01",2026-05-09,2,2026-05-23,"wk inc flu hosp","quantile",0.9,41.4457970043341
"01",2026-05-09,2,2026-05-23,"wk inc flu hosp","quantile",0.95,50.3953594940717
"01",2026-05-09,2,2026-05-23,"wk inc flu hosp","quantile",0.975,60.8582744700265
"01",2026-05-09,2,2026-05-23,"wk inc flu hosp","quantile",0.99,73.503194374652
"01",2026-05-09,3,2026-05-30,"wk inc flu hosp","quantile",0.01,0
"01",2026-05-09,3,2026-05-30,"wk inc flu hosp","quantile",0.025,1.00478333552651
"01",2026-05-09,3,2026-05-30,"wk inc flu hosp","quantile",0.05,1.68779080231882
"01",2026-05-09,3,2026-05-30,"wk inc flu hosp","quantile",0.1,3.00274557910127
"01",2026-05-09,3,2026-05-30,"wk inc flu hosp","quantile",0.15,3.73059819550507
"01",2026-05-09,3,2026-05-30,"wk inc flu hosp","quantile",0.2,5.32212174194011
"01",2026-05-09,3,2026-05-30,"wk inc flu hosp","quantile",0.25,7.36735432626522
"01",2026-05-09,3,2026-05-30,"wk inc flu hosp","quantile",0.3,9.35764773183139
"01",2026-05-09,3,2026-05-30,"wk inc flu hosp","quantile",0.35,11.7706663806938
"01",2026-05-09,3,2026-05-30,"wk inc flu hosp","quantile",0.4,13.6368866985133
"01",2026-05-09,3,2026-05-30,"wk inc flu hosp","quantile",0.45,15.925297133576
"01",2026-05-09,3,2026-05-30,"wk inc flu hosp","quantile",0.5,18.1783931620281
"01",2026-05-09,3,2026-05-30,"wk inc flu hosp","quantile",0.55,20.3244707213094
"01",2026-05-09,3,2026-05-30,"wk inc flu hosp","quantile",0.6,23.0039548753079
"01",2026-05-09,3,2026-05-30,"wk inc flu hosp","quantile",0.65,25.8176808015614
"01",2026-05-09,3,2026-05-30,"wk inc flu hosp","quantile",0.7,28.5552508921005
"01",2026-05-09,3,2026-05-30,"wk inc flu hosp","quantile",0.75,32.6386608525194
"01",2026-05-09,3,2026-05-30,"wk inc flu hosp","quantile",0.8,37.3985091352275
"01",2026-05-09,3,2026-05-30,"wk inc flu hosp","quantile",0.85,42.1919757522359
"01",2026-05-09,3,2026-05-30,"wk inc flu hosp","quantile",0.9,49.5083752481441
"01",2026-05-09,3,2026-05-30,"wk inc flu hosp","quantile",0.95,61.8363758772151
"01",2026-05-09,3,2026-05-30,"wk inc flu hosp","quantile",0.975,79.1593688300515
"01",2026-05-09,3,2026-05-30,"wk inc flu hosp","quantile",0.99,99.757727887652
"02",2026-05-09,0,2026-05-09,"wk inc flu hosp","quantile",0.01,0
"02",2026-05-09,0,2026-05-09,"wk inc flu hosp","quantile",0.025,0.00305348331431263
"02",2026-05-09,0,2026-05-09,"wk inc flu hosp","quantile",0.05,0.135243035472864
"02",2026-05-09,0,2026-05-09,"wk inc flu hosp","quantile",0.1,0.342153963829462
"02",2026-05-09,0,2026-05-09,"wk inc flu hosp","quantile",0.15,0.700413207857032
"02",2026-05-09,0,2026-05-09,"wk inc flu hosp","quantile",0.2,1.06455550096983
"02",2026-05-09,0,2026-05-09,"wk inc flu hosp","quantile",0.25,1.40353535290054
"02",2026-05-09,0,2026-05-09,"wk inc flu hosp","quantile",0.3,1.67987336863156
"02",2026-05-09,0,2026-05-09,"wk inc flu hosp","quantile",0.35,1.93383068918752
"02",2026-05-09,0,2026-05-09,"wk inc flu hosp","quantile",0.4,2.20174627922377
"02",2026-05-09,0,2026-05-09,"wk inc flu hosp","quantile",0.45,2.46992084973396
"02",2026-05-09,0,2026-05-09,"wk inc flu hosp","quantile",0.5,2.81479026848487
"02",2026-05-09,0,2026-05-09,"wk inc flu hosp","quantile",0.55,3.15609010939601
"02",2026-05-09,0,2026-05-09,"wk inc flu hosp","quantile",0.6,3.49803318312516
"02",2026-05-09,0,2026-05-09,"wk inc flu hosp","quantile",0.65,3.84463817934224
"02",2026-05-09,0,2026-05-09,"wk inc flu hosp","quantile",0.7,4.32981759578418
"02",2026-05-09,0,2026-05-09,"wk inc flu hosp","quantile",0.75,4.77968725335324
"02",2026-05-09,0,2026-05-09,"wk inc flu hosp","quantile",0.8,5.3532395331701
"02",2026-05-09,0,2026-05-09,"wk inc flu hosp","quantile",0.85,6.08566507120214
"02",2026-05-09,0,2026-05-09,"wk inc flu hosp","quantile",0.9,7.19850512950766
"02",2026-05-09,0,2026-05-09,"wk inc flu hosp","quantile",0.95,8.58390056487181
"02",2026-05-09,0,2026-05-09,"wk inc flu hosp","quantile",0.975,9.83461871268924
"02",2026-05-09,0,2026-05-09,"wk inc flu hosp","quantile",0.99,11.5537186631726
"02",2026-05-09,1,2026-05-16,"wk inc flu hosp","quantile",0.01,0
"02",2026-05-09,1,2026-05-16,"wk inc flu hosp","quantile",0.025,0
"02",2026-05-09,1,2026-05-16,"wk inc flu hosp","quantile",0.05,0.0469758115470392
"02",2026-05-09,1,2026-05-16,"wk inc flu hosp","quantile",0.1,0.227455359589843
"02",2026-05-09,1,2026-05-16,"wk inc flu hosp","quantile",0.15,0.476736289893914
"02",2026-05-09,1,2026-05-16,"wk inc flu hosp","quantile",0.2,0.639558698389155
"02",2026-05-09,1,2026-05-16,"wk inc flu hosp","quantile",0.25,0.819995616869465
"02",2026-05-09,1,2026-05-16,"wk inc flu hosp","quantile",0.3,1.17945071134474
"02",2026-05-09,1,2026-05-16,"wk inc flu hosp","quantile",0.35,1.49705774397476
"02",2026-05-09,1,2026-05-16,"wk inc flu hosp","quantile",0.4,1.85749287453593
"02",2026-05-09,1,2026-05-16,"wk inc flu hosp","quantile",0.45,2.26932300833404
"02",2026-05-09,1,2026-05-16,"wk inc flu hosp","quantile",0.5,2.81368354470143
"02",2026-05-09,1,2026-05-16,"wk inc flu hosp","quantile",0.55,3.29795145073776
"02",2026-05-09,1,2026-05-16,"wk inc flu hosp","quantile",0.6,3.74007350569825
"02",2026-05-09,1,2026-05-16,"wk inc flu hosp","quantile",0.65,4.25193892166769
"02",2026-05-09,1,2026-05-16,"wk inc flu hosp","quantile",0.7,4.81587032347278
"02",2026-05-09,1,2026-05-16,"wk inc flu hosp","quantile",0.75,5.5599770201895
"02",2026-05-09,1,2026-05-16,"wk inc flu hosp","quantile",0.8,6.47290597535095
"02",2026-05-09,1,2026-05-16,"wk inc flu hosp","quantile",0.85,7.70942861866079
"02",2026-05-09,1,2026-05-16,"wk inc flu hosp","quantile",0.9,9.31073506455057
"02",2026-05-09,1,2026-05-16,"wk inc flu hosp","quantile",0.95,12.0545380406877
"02",2026-05-09,1,2026-05-16,"wk inc flu hosp","quantile",0.975,14.5983766312166
"02",2026-05-09,1,2026-05-16,"wk inc flu hosp","quantile",0.99,19.0066396181634
"02",2026-05-09,2,2026-05-23,"wk inc flu hosp","quantile",0.01,0
"02",2026-05-09,2,2026-05-23,"wk inc flu hosp","quantile",0.025,0
"02",2026-05-09,2,2026-05-23,"wk inc flu hosp","quantile",0.05,0
"02",2026-05-09,2,2026-05-23,"wk inc flu hosp","quantile",0.1,0.184576336441158
"02",2026-05-09,2,2026-05-23,"wk inc flu hosp","quantile",0.15,0.408803447202097
"02",2026-05-09,2,2026-05-23,"wk inc flu hosp","quantile",0.2,0.639316445578205
"02",2026-05-09,2,2026-05-23,"wk inc flu hosp","quantile",0.25,0.761208366814111
"02",2026-05-09,2,2026-05-23,"wk inc flu hosp","quantile",0.3,0.9111127043581
"02",2026-05-09,2,2026-05-23,"wk inc flu hosp","quantile",0.35,1.2559065895242
"02",2026-05-09,2,2026-05-23,"wk inc flu hosp","quantile",0.4,1.6476749429395
"02",2026-05-09,2,2026-05-23,"wk inc flu hosp","quantile",0.45,2.02872466674898
"02",2026-05-09,2,2026-05-23,"wk inc flu hosp","quantile",0.5,2.52290614647357
"02",2026-05-09,2,2026-05-23,"wk inc flu hosp","quantile",0.55,3.06095534288001
"02",2026-05-09,2,2026-05-23,"wk inc flu hosp","quantile",0.6,3.65112721013377
"02",2026-05-09,2,2026-05-23,"wk inc flu hosp","quantile",0.65,4.34496452250642
"02",2026-05-09,2,2026-05-23,"wk inc flu hosp","quantile",0.7,5.27869310807136
"02",2026-05-09,2,2026-05-23,"wk inc flu hosp","quantile",0.75,6.19641449790021
"02",2026-05-09,2,2026-05-23,"wk inc flu hosp","quantile",0.8,7.39149365389467
"02",2026-05-09,2,2026-05-23,"wk inc flu hosp","quantile",0.85,9.06405821901294
"02",2026-05-09,2,2026-05-23,"wk inc flu hosp","quantile",0.9,11.2975430275178
"02",2026-05-09,2,2026-05-23,"wk inc flu hosp","quantile",0.95,14.9138349810452
"02",2026-05-09,2,2026-05-23,"wk inc flu hosp","quantile",0.975,19.1251132787836
"02",2026-05-09,2,2026-05-23,"wk inc flu hosp","quantile",0.99,25.9288239373062
"02",2026-05-09,3,2026-05-30,"wk inc flu hosp","quantile",0.01,0
"02",2026-05-09,3,2026-05-30,"wk inc flu hosp","quantile",0.025,0
"02",2026-05-09,3,2026-05-30,"wk inc flu hosp","quantile",0.05,0
"02",2026-05-09,3,2026-05-30,"wk inc flu hosp","quantile",0.1,0.140856189207958
"02",2026-05-09,3,2026-05-30,"wk inc flu hosp","quantile",0.15,0.360318292004527
"02",2026-05-09,3,2026-05-30,"wk inc flu hosp","quantile",0.2,0.555121293744307
"02",2026-05-09,3,2026-05-30,"wk inc flu hosp","quantile",0.25,0.685102672502799
"02",2026-05-09,3,2026-05-30,"wk inc flu hosp","quantile",0.3,0.814768435541041
"02",2026-05-09,3,2026-05-30,"wk inc flu hosp","quantile",0.35,1.09864720232347
"02",2026-05-09,3,2026-05-30,"wk inc flu hosp","quantile",0.4,1.62632848918382
"02",2026-05-09,3,2026-05-30,"wk inc flu hosp","quantile",0.45,2.05539908490732
"02",2026-05-09,3,2026-05-30,"wk inc flu hosp","quantile",0.5,2.67597406452592
"02",2026-05-09,3,2026-05-30,"wk inc flu hosp","quantile",0.55,3.33886350809752
"02",2026-05-09,3,2026-05-30,"wk inc flu hosp","quantile",0.6,4.1244282807934
"02",2026-05-09,3,2026-05-30,"wk inc flu hosp","quantile",0.65,4.94738104063136
"02",2026-05-09,3,2026-05-30,"wk inc flu hosp","quantile",0.7,5.944346451777
"02",2026-05-09,3,2026-05-30,"wk inc flu hosp","quantile",0.75,7.19111057191941
"02",2026-05-09,3,2026-05-30,"wk inc flu hosp","quantile",0.8,8.75757861483895
"02",2026-05-09,3,2026-05-30,"wk inc flu hosp","quantile",0.85,10.9999262554279
"02",2026-05-09,3,2026-05-30,"wk inc flu hosp","quantile",0.9,14.3999352500565
"02",2026-05-09,3,2026-05-30,"wk inc flu hosp","quantile",0.95,20.1831706587189
"02",2026-05-09,3,2026-05-30,"wk inc flu hosp","quantile",0.975,27.3909500589438
"02",2026-05-09,3,2026-05-30,"wk inc flu hosp","quantile",0.99,35.6758689777391
"04",2026-05-09,0,2026-05-09,"wk inc flu hosp","quantile",0.01,27.6082355554899
"04",2026-05-09,0,2026-05-09,"wk inc flu hosp","quantile",0.025,33.1505781544937
"04",2026-05-09,0,2026-05-09,"wk inc flu hosp","quantile",0.05,37.405548253135
"04",2026-05-09,0,2026-05-09,"wk inc flu hosp","quantile",0.1,43.1358129541104
"04",2026-05-09,0,2026-05-09,"wk inc flu hosp","quantile",0.15,46.8518625465075
"04",2026-05-09,0,2026-05-09,"wk inc flu hosp","quantile",0.2,50.6355242608621
"04",2026-05-09,0,2026-05-09,"wk inc flu hosp","quantile",0.25,53.3893432024692
"04",2026-05-09,0,2026-05-09,"wk inc flu hosp","quantile",0.3,56.4304526313998
"04",2026-05-09,0,2026-05-09,"wk inc flu hosp","quantile",0.35,59.1397806462294
"04",2026-05-09,0,2026-05-09,"wk inc flu hosp","quantile",0.4,61.6800708864212
"04",2026-05-09,0,2026-05-09,"wk inc flu hosp","quantile",0.45,63.6073207612036
"04",2026-05-09,0,2026-05-09,"wk inc flu hosp","quantile",0.5,66.2993221608989
"04",2026-05-09,0,2026-05-09,"wk inc flu hosp","quantile",0.55,69.1111244679668
"04",2026-05-09,0,2026-05-09,"wk inc flu hosp","quantile",0.6,72.1865387416629
"04",2026-05-09,0,2026-05-09,"wk inc flu hosp","quantile",0.65,75.0366504098526
"04",2026-05-09,0,2026-05-09,"wk inc flu hosp","quantile",0.7,78.4374540798302
"04",2026-05-09,0,2026-05-09,"wk inc flu hosp","quantile",0.75,82.2984077500297
"04",2026-05-09,0,2026-05-09,"wk inc flu hosp","quantile",0.8,86.1122436155876
"04",2026-05-09,0,2026-05-09,"wk inc flu hosp","quantile",0.85,91.229758468321
"04",2026-05-09,0,2026-05-09,"wk inc flu hosp","quantile",0.9,98.6383855331585
"04",2026-05-09,0,2026-05-09,"wk inc flu hosp","quantile",0.95,110.227802904466
"04",2026-05-09,0,2026-05-09,"wk inc flu hosp","quantile",0.975,123.969214603599
"04",2026-05-09,0,2026-05-09,"wk inc flu hosp","quantile",0.99,142.848993198204
"04",2026-05-09,1,2026-05-16,"wk inc flu hosp","quantile",0.01,17.574490168842
"04",2026-05-09,1,2026-05-16,"wk inc flu hosp","quantile",0.025,23.1856529200001
"04",2026-05-09,1,2026-05-16,"wk inc flu hosp","quantile",0.05,27.9935934252134
"04",2026-05-09,1,2026-05-16,"wk inc flu hosp","quantile",0.1,34.3357267353374
"04",2026-05-09,1,2026-05-16,"wk inc flu hosp","quantile",0.15,39.9673792732138
"04",2026-05-09,1,2026-05-16,"wk inc flu hosp","quantile",0.2,44.4544972216235
"04",2026-05-09,1,2026-05-16,"wk inc flu hosp","quantile",0.25,48.1888311562017
"04",2026-05-09,1,2026-05-16,"wk inc flu hosp","quantile",0.3,52.337437632199
"04",2026-05-09,1,2026-05-16,"wk inc flu hosp","quantile",0.35,56.1439034079781
"04",2026-05-09,1,2026-05-16,"wk inc flu hosp","quantile",0.4,59.8822643991974
"04",2026-05-09,1,2026-05-16,"wk inc flu hosp","quantile",0.45,63.5816977263865
"04",2026-05-09,1,2026-05-16,"wk inc flu hosp","quantile",0.5,68.6257104787627
"04",2026-05-09,1,2026-05-16,"wk inc flu hosp","quantile",0.55,73.0137046017706
"04",2026-05-09,1,2026-05-16,"wk inc flu hosp","quantile",0.6,77.2360623422024
"04",2026-05-09,1,2026-05-16,"wk inc flu hosp","quantile",0.65,81.9721614031
"04",2026-05-09,1,2026-05-16,"wk inc flu hosp","quantile",0.7,88.2302109275365
"04",2026-05-09,1,2026-05-16,"wk inc flu hosp","quantile",0.75,94.0616452194703
"04",2026-05-09,1,2026-05-16,"wk inc flu hosp","quantile",0.8,100.328928244862
"04",2026-05-09,1,2026-05-16,"wk inc flu hosp","quantile",0.85,108.715345385479
"04",2026-05-09,1,2026-05-16,"wk inc flu hosp","quantile",0.9,119.549103784754
"04",2026-05-09,1,2026-05-16,"wk inc flu hosp","quantile",0.95,139.620637082496
"04",2026-05-09,1,2026-05-16,"wk inc flu hosp","quantile",0.975,162.485798663893
"04",2026-05-09,1,2026-05-16,"wk inc flu hosp","quantile",0.99,203.681516116423
"04",2026-05-09,2,2026-05-23,"wk inc flu hosp","quantile",0.01,16.2779583235051
"04",2026-05-09,2,2026-05-23,"wk inc flu hosp","quantile",0.025,17.9707759258625
"04",2026-05-09,2,2026-05-23,"wk inc flu hosp","quantile",0.05,21.6591679415692
"04",2026-05-09,2,2026-05-23,"wk inc flu hosp","quantile",0.1,28.7795491916719
"04",2026-05-09,2,2026-05-23,"wk inc flu hosp","quantile",0.15,35.8513090970973
"04",2026-05-09,2,2026-05-23,"wk inc flu hosp","quantile",0.2,40.6318194442699
"04",2026-05-09,2,2026-05-23,"wk inc flu hosp","quantile",0.25,44.8616058793807
"04",2026-05-09,2,2026-05-23,"wk inc flu hosp","quantile",0.3,50.0186516780169
"04",2026-05-09,2,2026-05-23,"wk inc flu hosp","quantile",0.35,54.6552580784411
"04",2026-05-09,2,2026-05-23,"wk inc flu hosp","quantile",0.4,59.5819361095764
"04",2026-05-09,2,2026-05-23,"wk inc flu hosp","quantile",0.45,64.8018398586887
"04",2026-05-09,2,2026-05-23,"wk inc flu hosp","quantile",0.5,70.2106527841498
"04",2026-05-09,2,2026-05-23,"wk inc flu hosp","quantile",0.55,76.352295674571
"04",2026-05-09,2,2026-05-23,"wk inc flu hosp","quantile",0.6,82.9648925772187
"04",2026-05-09,2,2026-05-23,"wk inc flu hosp","quantile",0.65,89.3253546043151
"04",2026-05-09,2,2026-05-23,"wk inc flu hosp","quantile",0.7,97.2125334984842
"04",2026-05-09,2,2026-05-23,"wk inc flu hosp","quantile",0.75,106.808899330515
"04",2026-05-09,2,2026-05-23,"wk inc flu hosp","quantile",0.8,116.383164494612
"04",2026-05-09,2,2026-05-23,"wk inc flu hosp","quantile",0.85,130.419517714225
"04",2026-05-09,2,2026-05-23,"wk inc flu hosp","quantile",0.9,148.119397093053
"04",2026-05-09,2,2026-05-23,"wk inc flu hosp","quantile",0.95,177.345059062569
"04",2026-05-09,2,2026-05-23,"wk inc flu hosp","quantile",0.975,211.7684570077
"04",2026-05-09,2,2026-05-23,"wk inc flu hosp","quantile",0.99,271.358121226392
"04",2026-05-09,3,2026-05-30,"wk inc flu hosp","quantile",0.01,15.2622779268342
"04",2026-05-09,3,2026-05-30,"wk inc flu hosp","quantile",0.025,16.7072509183556
"04",2026-05-09,3,2026-05-30,"wk inc flu hosp","quantile",0.05,17.7956703590282
"04",2026-05-09,3,2026-05-30,"wk inc flu hosp","quantile",0.1,24.7852920362099
"04",2026-05-09,3,2026-05-30,"wk inc flu hosp","quantile",0.15,32.2304765036195
"04",2026-05-09,3,2026-05-30,"wk inc flu hosp","quantile",0.2,37.3987241275258
"04",2026-05-09,3,2026-05-30,"wk inc flu hosp","quantile",0.25,41.9105355530669
"04",2026-05-09,3,2026-05-30,"wk inc flu hosp","quantile",0.3,47.7748252476164
"04",2026-05-09,3,2026-05-30,"wk inc flu hosp","quantile",0.35,52.9197678487976
"04",2026-05-09,3,2026-05-30,"wk inc flu hosp","quantile",0.4,60.0780798750727
"04",2026-05-09,3,2026-05-30,"wk inc flu hosp","quantile",0.45,67.1979915934823
"04",2026-05-09,3,2026-05-30,"wk inc flu hosp","quantile",0.5,73.4442125868313
"04",2026-05-09,3,2026-05-30,"wk inc flu hosp","quantile",0.55,82.3091971247286
"04",2026-05-09,3,2026-05-30,"wk inc flu hosp","quantile",0.6,90.3348836320147
"04",2026-05-09,3,2026-05-30,"wk inc flu hosp","quantile",0.65,99.4412668984158
"04",2026-05-09,3,2026-05-30,"wk inc flu hosp","quantile",0.7,110.595389223719
"04",2026-05-09,3,2026-05-30,"wk inc flu hosp","quantile",0.75,122.182446921758
"04",2026-05-09,3,2026-05-30,"wk inc flu hosp","quantile",0.8,137.36513571788
"04",2026-05-09,3,2026-05-30,"wk inc flu hosp","quantile",0.85,154.655993191471
"04",2026-05-09,3,2026-05-30,"wk inc flu hosp","quantile",0.9,175.505131255896
"04",2026-05-09,3,2026-05-30,"wk inc flu hosp","quantile",0.95,216.892226273146
"04",2026-05-09,3,2026-05-30,"wk inc flu hosp","quantile",0.975,265.51153420856
"04",2026-05-09,3,2026-05-30,"wk inc flu hosp","quantile",0.99,330.765062107212
"05",2026-05-09,0,2026-05-09,"wk inc flu hosp","quantile",0.01,0
"05",2026-05-09,0,2026-05-09,"wk inc flu hosp","quantile",0.025,0
"05",2026-05-09,0,2026-05-09,"wk inc flu hosp","quantile",0.05,0
"05",2026-05-09,0,2026-05-09,"wk inc flu hosp","quantile",0.1,0
"05",2026-05-09,0,2026-05-09,"wk inc flu hosp","quantile",0.15,0.549770575471057
"05",2026-05-09,0,2026-05-09,"wk inc flu hosp","quantile",0.2,1.37006168106163
"05",2026-05-09,0,2026-05-09,"wk inc flu hosp","quantile",0.25,2.02807118793261
"05",2026-05-09,0,2026-05-09,"wk inc flu hosp","quantile",0.3,2.70058351587808
"05",2026-05-09,0,2026-05-09,"wk inc flu hosp","quantile",0.35,3.43688994740645
"05",2026-05-09,0,2026-05-09,"wk inc flu hosp","quantile",0.4,4.27496421184073
"05",2026-05-09,0,2026-05-09,"wk inc flu hosp","quantile",0.45,4.99694727320873
"05",2026-05-09,0,2026-05-09,"wk inc flu hosp","quantile",0.5,5.54703337594142
"05",2026-05-09,0,2026-05-09,"wk inc flu hosp","quantile",0.55,6.02775420948787
"05",2026-05-09,0,2026-05-09,"wk inc flu hosp","quantile",0.6,6.76381396001437
"05",2026-05-09,0,2026-05-09,"wk inc flu hosp","quantile",0.65,7.69440090898659
"05",2026-05-09,0,2026-05-09,"wk inc flu hosp","quantile",0.7,8.69095076505872
"05",2026-05-09,0,2026-05-09,"wk inc flu hosp","quantile",0.75,9.78025171993401
"05",2026-05-09,0,2026-05-09,"wk inc flu hosp","quantile",0.8,11.0347752073027
"05",2026-05-09,0,2026-05-09,"wk inc flu hosp","quantile",0.85,12.2631004339305
"05",2026-05-09,0,2026-05-09,"wk inc flu hosp","quantile",0.9,14.1880467107075
"05",2026-05-09,0,2026-05-09,"wk inc flu hosp","quantile",0.95,16.5577201612491
"05",2026-05-09,0,2026-05-09,"wk inc flu hosp","quantile",0.975,19.4785301095778
"05",2026-05-09,0,2026-05-09,"wk inc flu hosp","quantile",0.99,25.3145373115771
"05",2026-05-09,1,2026-05-16,"wk inc flu hosp","quantile",0.01,0
"05",2026-05-09,1,2026-05-16,"wk inc flu hosp","quantile",0.025,0
"05",2026-05-09,1,2026-05-16,"wk inc flu hosp","quantile",0.05,0
"05",2026-05-09,1,2026-05-16,"wk inc flu hosp","quantile",0.1,0
"05",2026-05-09,1,2026-05-16,"wk inc flu hosp","quantile",0.15,0.047851777589282
"05",2026-05-09,1,2026-05-16,"wk inc flu hosp","quantile",0.2,0.472401636918761
"05",2026-05-09,1,2026-05-16,"wk inc flu hosp","quantile",0.25,1.2210393787395
"05",2026-05-09,1,2026-05-16,"wk inc flu hosp","quantile",0.3,2.04187225058917
"05",2026-05-09,1,2026-05-16,"wk inc flu hosp","quantile",0.35,2.84234484991112
"05",2026-05-09,1,2026-05-16,"wk inc flu hosp","quantile",0.4,3.87807997607781
"05",2026-05-09,1,2026-05-16,"wk inc flu hosp","quantile",0.45,4.89394691867295
"05",2026-05-09,1,2026-05-16,"wk inc flu hosp","quantile",0.5,5.69268130474624
"05",2026-05-09,1,2026-05-16,"wk inc flu hosp","quantile",0.55,6.62785602650428
"05",2026-05-09,1,2026-05-16,"wk inc flu hosp","quantile",0.6,7.96212370169934
"05",2026-05-09,1,2026-05-16,"wk inc flu hosp","quantile",0.65,9.22692163004535
"05",2026-05-09,1,2026-05-16,"wk inc flu hosp","quantile",0.7,10.5252635743353
"05",2026-05-09,1,2026-05-16,"wk inc flu hosp","quantile",0.75,12.3411597463089
"05",2026-05-09,1,2026-05-16,"wk inc flu hosp","quantile",0.8,14.3768028697322
"05",2026-05-09,1,2026-05-16,"wk inc flu hosp","quantile",0.85,16.8331205469037
"05",2026-05-09,1,2026-05-16,"wk inc flu hosp","quantile",0.9,19.9733997495932
"05",2026-05-09,1,2026-05-16,"wk inc flu hosp","quantile",0.95,24.9436016972768
"05",2026-05-09,1,2026-05-16,"wk inc flu hosp","quantile",0.975,30.034676847611
"05",2026-05-09,1,2026-05-16,"wk inc flu hosp","quantile",0.99,41.0050359824601
"05",2026-05-09,2,2026-05-23,"wk inc flu hosp","quantile",0.01,0
"05",2026-05-09,2,2026-05-23,"wk inc flu hosp","quantile",0.025,0
"05",2026-05-09,2,2026-05-23,"wk inc flu hosp","quantile",0.05,0
"05",2026-05-09,2,2026-05-23,"wk inc flu hosp","quantile",0.1,0
"05",2026-05-09,2,2026-05-23,"wk inc flu hosp","quantile",0.15,0
"05",2026-05-09,2,2026-05-23,"wk inc flu hosp","quantile",0.2,0.38623450897366
"05",2026-05-09,2,2026-05-23,"wk inc flu hosp","quantile",0.25,0.967940902782595
"05",2026-05-09,2,2026-05-23,"wk inc flu hosp","quantile",0.3,2.28933398585836
"05",2026-05-09,2,2026-05-23,"wk inc flu hosp","quantile",0.35,3.4100209127715
"05",2026-05-09,2,2026-05-23,"wk inc flu hosp","quantile",0.4,4.53205816827713
"05",2026-05-09,2,2026-05-23,"wk inc flu hosp","quantile",0.45,5.76009455665524
"05",2026-05-09,2,2026-05-23,"wk inc flu hosp","quantile",0.5,6.8113657798232
"05",2026-05-09,2,2026-05-23,"wk inc flu hosp","quantile",0.55,8.29849744455727
"05",2026-05-09,2,2026-05-23,"wk inc flu hosp","quantile",0.6,9.81365876467123
"05",2026-05-09,2,2026-05-23,"wk inc flu hosp","quantile",0.65,11.6025625064761
"05",2026-05-09,2,2026-05-23,"wk inc flu hosp","quantile",0.7,13.574737529375
"05",2026-05-09,2,2026-05-23,"wk inc flu hosp","quantile",0.75,15.5979592477864
"05",2026-05-09,2,2026-05-23,"wk inc flu hosp","quantile",0.8,18.6042283723188
"05",2026-05-09,2,2026-05-23,"wk inc flu hosp","quantile",0.85,21.9312004615381
"05",2026-05-09,2,2026-05-23,"wk inc flu hosp","quantile",0.9,27.1300860008479
"05",2026-05-09,2,2026-05-23,"wk inc flu hosp","quantile",0.95,35.8933099767697
"05",2026-05-09,2,2026-05-23,"wk inc flu hosp","quantile",0.975,45.0044190043802
"05",2026-05-09,2,2026-05-23,"wk inc flu hosp","quantile",0.99,60.4176320659939
"05",2026-05-09,3,2026-05-30,"wk inc flu hosp","quantile",0.01,0
"05",2026-05-09,3,2026-05-30,"wk inc flu hosp","quantile",0.025,0
"05",2026-05-09,3,2026-05-30,"wk inc flu hosp","quantile",0.05,0
"05",2026-05-09,3,2026-05-30,"wk inc flu hosp","quantile",0.1,0
"05",2026-05-09,3,2026-05-30,"wk inc flu hosp","quantile",0.15,0
"05",2026-05-09,3,2026-05-30,"wk inc flu hosp","quantile",0.2,0.233296280105038
"05",2026-05-09,3,2026-05-30,"wk inc flu hosp","quantile",0.25,1.48538861223502
"05",2026-05-09,3,2026-05-30,"wk inc flu hosp","quantile",0.3,2.6430254917402
"05",2026-05-09,3,2026-05-30,"wk inc flu hosp","quantile",0.35,4.24716492757572
"05",2026-05-09,3,2026-05-30,"wk inc flu hosp","quantile",0.4,5.82840156291532
"05",2026-05-09,3,2026-05-30,"wk inc flu hosp","quantile",0.45,7.36052851485646
"05",2026-05-09,3,2026-05-30,"wk inc flu hosp","quantile",0.5,9.05887957327231
"05",2026-05-09,3,2026-05-30,"wk inc flu hosp","quantile",0.55,10.70574212585
"05",2026-05-09,3,2026-05-30,"wk inc flu hosp","quantile",0.6,12.9499859251897
"05",2026-05-09,3,2026-05-30,"wk inc flu hosp","quantile",0.65,14.6406884266255
"05",2026-05-09,3,2026-05-30,"wk inc flu hosp","quantile",0.7,17.1048695026139
"05",2026-05-09,3,2026-05-30,"wk inc flu hosp","quantile",0.75,19.8920090408352
"05",2026-05-09,3,2026-05-30,"wk inc flu hosp","quantile",0.8,23.9618252760556
"05",2026-05-09,3,2026-05-30,"wk inc flu hosp","quantile",0.85,28.5486463711585
"05",2026-05-09,3,2026-05-30,"wk inc flu hosp","quantile",0.9,35.5182883801034
"05",2026-05-09,3,2026-05-30,"wk inc flu hosp","quantile",0.95,48.9870129173172
"05",2026-05-09,3,2026-05-30,"wk inc flu hosp","quantile",0.975,63.4047576177624
"05",2026-05-09,3,2026-05-30,"wk inc flu hosp","quantile",0.99,82.6588793770169
"06",2026-05-09,0,2026-05-09,"wk inc flu hosp","quantile",0.01,84.5858868220235
"06",2026-05-09,0,2026-05-09,"wk inc flu hosp","quantile",0.025,108.507713615343
"06",2026-05-09,0,2026-05-09,"wk inc flu hosp","quantile",0.05,121.339315319279
"06",2026-05-09,0,2026-05-09,"wk inc flu hosp","quantile",0.1,138.465382322647
"06",2026-05-09,0,2026-05-09,"wk inc flu hosp","quantile",0.15,147.723949642069
"06",2026-05-09,0,2026-05-09,"wk inc flu hosp","quantile",0.2,155.075364106066
"06",2026-05-09,0,2026-05-09,"wk inc flu hosp","quantile",0.25,161.138207696715
"06",2026-05-09,0,2026-05-09,"wk inc flu hosp","quantile",0.3,169.145984031996
"06",2026-05-09,0,2026-05-09,"wk inc flu hosp","quantile",0.35,176.850364480875
"06",2026-05-09,0,2026-05-09,"wk inc flu hosp","quantile",0.4,183.850497332961
"06",2026-05-09,0,2026-05-09,"wk inc flu hosp","quantile",0.45,187.481674999254
"06",2026-05-09,0,2026-05-09,"wk inc flu hosp","quantile",0.5,193.024578679722
"06",2026-05-09,0,2026-05-09,"wk inc flu hosp","quantile",0.55,199.71859956303
"06",2026-05-09,0,2026-05-09,"wk inc flu hosp","quantile",0.6,206.159448665006
"06",2026-05-09,0,2026-05-09,"wk inc flu hosp","quantile",0.65,211.779640302571
"06",2026-05-09,0,2026-05-09,"wk inc flu hosp","quantile",0.7,218.856889661676
"06",2026-05-09,0,2026-05-09,"wk inc flu hosp","quantile",0.75,224.311487516872
"06",2026-05-09,0,2026-05-09,"wk inc flu hosp","quantile",0.8,230.725673428286
"06",2026-05-09,0,2026-05-09,"wk inc flu hosp","quantile",0.85,239.580061037911
"06",2026-05-09,0,2026-05-09,"wk inc flu hosp","quantile",0.9,253.283455238588
"06",2026-05-09,0,2026-05-09,"wk inc flu hosp","quantile",0.95,277.649182804957
"06",2026-05-09,0,2026-05-09,"wk inc flu hosp","quantile",0.975,302.434369416963
"06",2026-05-09,0,2026-05-09,"wk inc flu hosp","quantile",0.99,345.943802238849
"06",2026-05-09,1,2026-05-16,"wk inc flu hosp","quantile",0.01,55.8472284545273
"06",2026-05-09,1,2026-05-16,"wk inc flu hosp","quantile",0.025,76.0141921308929
"06",2026-05-09,1,2026-05-16,"wk inc flu hosp","quantile",0.05,93.4710257338582
"06",2026-05-09,1,2026-05-16,"wk inc flu hosp","quantile",0.1,113.007865348669
"06",2026-05-09,1,2026-05-16,"wk inc flu hosp","quantile",0.15,126.527520784896
"06",2026-05-09,1,2026-05-16,"wk inc flu hosp","quantile",0.2,136.075778021942
"06",2026-05-09,1,2026-05-16,"wk inc flu hosp","quantile",0.25,146.278246332494
"06",2026-05-09,1,2026-05-16,"wk inc flu hosp","quantile",0.3,156.255240913489
"06",2026-05-09,1,2026-05-16,"wk inc flu hosp","quantile",0.35,165.502498193602
"06",2026-05-09,1,2026-05-16,"wk inc flu hosp","quantile",0.4,174.126777473848
"06",2026-05-09,1,2026-05-16,"wk inc flu hosp","quantile",0.45,179.918450571251
"06",2026-05-09,1,2026-05-16,"wk inc flu hosp","quantile",0.5,188.195215325879
"06",2026-05-09,1,2026-05-16,"wk inc flu hosp","quantile",0.55,197.728766552073
"06",2026-05-09,1,2026-05-16,"wk inc flu hosp","quantile",0.6,207.544120604653
"06",2026-05-09,1,2026-05-16,"wk inc flu hosp","quantile",0.65,214.14330396731
"06",2026-05-09,1,2026-05-16,"wk inc flu hosp","quantile",0.7,227.095578756552
"06",2026-05-09,1,2026-05-16,"wk inc flu hosp","quantile",0.75,235.73742079503
"06",2026-05-09,1,2026-05-16,"wk inc flu hosp","quantile",0.8,248.220566319186
"06",2026-05-09,1,2026-05-16,"wk inc flu hosp","quantile",0.85,262.282293378926
"06",2026-05-09,1,2026-05-16,"wk inc flu hosp","quantile",0.9,283.971693009665
"06",2026-05-09,1,2026-05-16,"wk inc flu hosp","quantile",0.95,327.13925199961
"06",2026-05-09,1,2026-05-16,"wk inc flu hosp","quantile",0.975,364.327236380358
"06",2026-05-09,1,2026-05-16,"wk inc flu hosp","quantile",0.99,426.225150102706
"06",2026-05-09,2,2026-05-23,"wk inc flu hosp","quantile",0.01,38.5318383067541
"06",2026-05-09,2,2026-05-23,"wk inc flu hosp","quantile",0.025,57.287338763692
"06",2026-05-09,2,2026-05-23,"wk inc flu hosp","quantile",0.05,71.2381764573826
"06",2026-05-09,2,2026-05-23,"wk inc flu hosp","quantile",0.1,95.8933685410007
"06",2026-05-09,2,2026-05-23,"wk inc flu hosp","quantile",0.15,112.76646979081
"06",2026-05-09,2,2026-05-23,"wk inc flu hosp","quantile",0.2,125.055249568538
"06",2026-05-09,2,2026-05-23,"wk inc flu hosp","quantile",0.25,134.942227533822
"06",2026-05-09,2,2026-05-23,"wk inc flu hosp","quantile",0.3,146.016771356378
"06",2026-05-09,2,2026-05-23,"wk inc flu hosp","quantile",0.35,156.596549386365
"06",2026-05-09,2,2026-05-23,"wk inc flu hosp","quantile",0.4,165.480511743028
"06",2026-05-09,2,2026-05-23,"wk inc flu hosp","quantile",0.45,175.636658268913
"06",2026-05-09,2,2026-05-23,"wk inc flu hosp","quantile",0.5,188.336087216344
"06",2026-05-09,2,2026-05-23,"wk inc flu hosp","quantile",0.55,198.911783120465
"06",2026-05-09,2,2026-05-23,"wk inc flu hosp","quantile",0.6,210.406603728204
"06",2026-05-09,2,2026-05-23,"wk inc flu hosp","quantile",0.65,221.456912694682
"06",2026-05-09,2,2026-05-23,"wk inc flu hosp","quantile",0.7,237.494243493604
"06",2026-05-09,2,2026-05-23,"wk inc flu hosp","quantile",0.75,251.993817126469
"06",2026-05-09,2,2026-05-23,"wk inc flu hosp","quantile",0.8,268.000976337046
"06",2026-05-09,2,2026-05-23,"wk inc flu hosp","quantile",0.85,286.809159937926
"06",2026-05-09,2,2026-05-23,"wk inc flu hosp","quantile",0.9,316.451111104135
"06",2026-05-09,2,2026-05-23,"wk inc flu hosp","quantile",0.95,379.21133118229
"06",2026-05-09,2,2026-05-23,"wk inc flu hosp","quantile",0.975,429.083404762505
"06",2026-05-09,2,2026-05-23,"wk inc flu hosp","quantile",0.99,517.427156019492
"06",2026-05-09,3,2026-05-30,"wk inc flu hosp","quantile",0.01,34.3482111679088
"06",2026-05-09,3,2026-05-30,"wk inc flu hosp","quantile",0.025,47.8706613574578
"06",2026-05-09,3,2026-05-30,"wk inc flu hosp","quantile",0.05,56.6658792102885
"06",2026-05-09,3,2026-05-30,"wk inc flu hosp","quantile",0.1,83.1107324483864
"06",2026-05-09,3,2026-05-30,"wk inc flu hosp","quantile",0.15,101.58941468783
"06",2026-05-09,3,2026-05-30,"wk inc flu hosp","quantile",0.2,115.441603991677
"06",2026-05-09,3,2026-05-30,"wk inc flu hosp","quantile",0.25,127.615455034615
"06",2026-05-09,3,2026-05-30,"wk inc flu hosp","quantile",0.3,139.807389789504
"06",2026-05-09,3,2026-05-30,"wk inc flu hosp","quantile",0.35,154.069795347763
"06",2026-05-09,3,2026-05-30,"wk inc flu hosp","quantile",0.4,166.03267695324
"06",2026-05-09,3,2026-05-30,"wk inc flu hosp","quantile",0.45,180.674112503196
"06",2026-05-09,3,2026-05-30,"wk inc flu hosp","quantile",0.5,194.3547478645
"06",2026-05-09,3,2026-05-30,"wk inc flu hosp","quantile",0.55,208.013718458194
"06",2026-05-09,3,2026-05-30,"wk inc flu hosp","quantile",0.6,225.589093318532
"06",2026-05-09,3,2026-05-30,"wk inc flu hosp","quantile",0.65,240.77165485011
"06",2026-05-09,3,2026-05-30,"wk inc flu hosp","quantile",0.7,261.451145818114
"06",2026-05-09,3,2026-05-30,"wk inc flu hosp","quantile",0.75,277.206072117688
"06",2026-05-09,3,2026-05-30,"wk inc flu hosp","quantile",0.8,299.889207878817
"06",2026-05-09,3,2026-05-30,"wk inc flu hosp","quantile",0.85,323.859563201588
"06",2026-05-09,3,2026-05-30,"wk inc flu hosp","quantile",0.9,366.124557466956
"06",2026-05-09,3,2026-05-30,"wk inc flu hosp","quantile",0.95,435.033123908586
"06",2026-05-09,3,2026-05-30,"wk inc flu hosp","quantile",0.975,497.981973493388
"06",2026-05-09,3,2026-05-30,"wk inc flu hosp","quantile",0.99,603.811855797729
"08",2026-05-09,0,2026-05-09,"wk inc flu hosp","quantile",0.01,5.35191908158174
"08",2026-05-09,0,2026-05-09,"wk inc flu hosp","quantile",0.025,8.42731699309262
"08",2026-05-09,0,2026-05-09,"wk inc flu hosp","quantile",0.05,11.1084940682188
"08",2026-05-09,0,2026-05-09,"wk inc flu hosp","quantile",0.1,13.4580216781276
"08",2026-05-09,0,2026-05-09,"wk inc flu hosp","quantile",0.15,15.258099622166
"08",2026-05-09,0,2026-05-09,"wk inc flu hosp","quantile",0.2,16.8820895437668
"08",2026-05-09,0,2026-05-09,"wk inc flu hosp","quantile",0.25,18.4717649297318
"08",2026-05-09,0,2026-05-09,"wk inc flu hosp","quantile",0.3,19.3544000035085
"08",2026-05-09,0,2026-05-09,"wk inc flu hosp","quantile",0.35,20.8811238510521
"08",2026-05-09,0,2026-05-09,"wk inc flu hosp","quantile",0.4,22.5684019553907
"08",2026-05-09,0,2026-05-09,"wk inc flu hosp","quantile",0.45,24.1250094933016
"08",2026-05-09,0,2026-05-09,"wk inc flu hosp","quantile",0.5,25.3867065158109
"08",2026-05-09,0,2026-05-09,"wk inc flu hosp","quantile",0.55,26.9490998028793
"08",2026-05-09,0,2026-05-09,"wk inc flu hosp","quantile",0.6,28.2557221575217
"08",2026-05-09,0,2026-05-09,"wk inc flu hosp","quantile",0.65,29.8615579292206
"08",2026-05-09,0,2026-05-09,"wk inc flu hosp","quantile",0.7,31.1398010793327
"08",2026-05-09,0,2026-05-09,"wk inc flu hosp","quantile",0.75,32.6958972806872
"08",2026-05-09,0,2026-05-09,"wk inc flu hosp","quantile",0.8,34.5493601339962
"08",2026-05-09,0,2026-05-09,"wk inc flu hosp","quantile",0.85,36.9818353414196
"08",2026-05-09,0,2026-05-09,"wk inc flu hosp","quantile",0.9,40.5046849037199
"08",2026-05-09,0,2026-05-09,"wk inc flu hosp","quantile",0.95,46.0697207463307
"08",2026-05-09,0,2026-05-09,"wk inc flu hosp","quantile",0.975,51.9518739057169
"08",2026-05-09,0,2026-05-09,"wk inc flu hosp","quantile",0.99,61.442102172301
"08",2026-05-09,1,2026-05-16,"wk inc flu hosp","quantile",0.01,3.04355882902327
"08",2026-05-09,1,2026-05-16,"wk inc flu hosp","quantile",0.025,4.33992552936765
"08",2026-05-09,1,2026-05-16,"wk inc flu hosp","quantile",0.05,5.62151815900162
"08",2026-05-09,1,2026-05-16,"wk inc flu hosp","quantile",0.1,9.07220514815331
"08",2026-05-09,1,2026-05-16,"wk inc flu hosp","quantile",0.15,11.3689205147707
"08",2026-05-09,1,2026-05-16,"wk inc flu hosp","quantile",0.2,13.6101062173254
"08",2026-05-09,1,2026-05-16,"wk inc flu hosp","quantile",0.25,15.4843631953411
"08",2026-05-09,1,2026-05-16,"wk inc flu hosp","quantile",0.3,16.6905352317047
"08",2026-05-09,1,2026-05-16,"wk inc flu hosp","quantile",0.35,18.5670564643325
"08",2026-05-09,1,2026-05-16,"wk inc flu hosp","quantile",0.4,20.4346906521412
"08",2026-05-09,1,2026-05-16,"wk inc flu hosp","quantile",0.45,22.3823347622892
"08",2026-05-09,1,2026-05-16,"wk inc flu hosp","quantile",0.5,24.4772474988638
"08",2026-05-09,1,2026-05-16,"wk inc flu hosp","quantile",0.55,26.5279386520608
"08",2026-05-09,1,2026-05-16,"wk inc flu hosp","quantile",0.6,28.7357651264187
"08",2026-05-09,1,2026-05-16,"wk inc flu hosp","quantile",0.65,31.5122524075452
"08",2026-05-09,1,2026-05-16,"wk inc flu hosp","quantile",0.7,34.004397401156
"08",2026-05-09,1,2026-05-16,"wk inc flu hosp","quantile",0.75,36.8241485424222
"08",2026-05-09,1,2026-05-16,"wk inc flu hosp","quantile",0.8,39.8731192835926
"08",2026-05-09,1,2026-05-16,"wk inc flu hosp","quantile",0.85,44.2160103896912
"08",2026-05-09,1,2026-05-16,"wk inc flu hosp","quantile",0.9,49.3160948650172
"08",2026-05-09,1,2026-05-16,"wk inc flu hosp","quantile",0.95,57.9716159417529
"08",2026-05-09,1,2026-05-16,"wk inc flu hosp","quantile",0.975,66.0459914682659
"08",2026-05-09,1,2026-05-16,"wk inc flu hosp","quantile",0.99,83.2131952482077
"08",2026-05-09,2,2026-05-23,"wk inc flu hosp","quantile",0.01,2.49663816812435
"08",2026-05-09,2,2026-05-23,"wk inc flu hosp","quantile",0.025,3.1527821982183
"08",2026-05-09,2,2026-05-23,"wk inc flu hosp","quantile",0.05,3.80834126313236
"08",2026-05-09,2,2026-05-23,"wk inc flu hosp","quantile",0.1,6.44561252815746
"08",2026-05-09,2,2026-05-23,"wk inc flu hosp","quantile",0.15,9.55585936487136
"08",2026-05-09,2,2026-05-23,"wk inc flu hosp","quantile",0.2,11.8917360619129
"08",2026-05-09,2,2026-05-23,"wk inc flu hosp","quantile",0.25,13.9546896353733
"08",2026-05-09,2,2026-05-23,"wk inc flu hosp","quantile",0.3,15.6638820358793
"08",2026-05-09,2,2026-05-23,"wk inc flu hosp","quantile",0.35,17.4810492781158
"08",2026-05-09,2,2026-05-23,"wk inc flu hosp","quantile",0.4,19.9675139503026
"08",2026-05-09,2,2026-05-23,"wk inc flu hosp","quantile",0.45,22.5873169857459
"08",2026-05-09,2,2026-05-23,"wk inc flu hosp","quantile",0.5,25.1763140426404
"08",2026-05-09,2,2026-05-23,"wk inc flu hosp","quantile",0.55,28.2772498184194
"08",2026-05-09,2,2026-05-23,"wk inc flu hosp","quantile",0.6,30.9524406613187
"08",2026-05-09,2,2026-05-23,"wk inc flu hosp","quantile",0.65,34.3425955967813
"08",2026-05-09,2,2026-05-23,"wk inc flu hosp","quantile",0.7,38.1940347525475
"08",2026-05-09,2,2026-05-23,"wk inc flu hosp","quantile",0.75,41.9128867353435
"08",2026-05-09,2,2026-05-23,"wk inc flu hosp","quantile",0.8,46.6074367824696
"08",2026-05-09,2,2026-05-23,"wk inc flu hosp","quantile",0.85,52.1773752362632
"08",2026-05-09,2,2026-05-23,"wk inc flu hosp","quantile",0.9,60.0004818013613
"08",2026-05-09,2,2026-05-23,"wk inc flu hosp","quantile",0.95,73.041648179499
"08",2026-05-09,2,2026-05-23,"wk inc flu hosp","quantile",0.975,87.6321452032615
"08",2026-05-09,2,2026-05-23,"wk inc flu hosp","quantile",0.99,113.696778066079
"08",2026-05-09,3,2026-05-30,"wk inc flu hosp","quantile",0.01,1.96545089783633
"08",2026-05-09,3,2026-05-30,"wk inc flu hosp","quantile",0.025,2.61403951450736
"08",2026-05-09,3,2026-05-30,"wk inc flu hosp","quantile",0.05,2.98464994230837
"08",2026-05-09,3,2026-05-30,"wk inc flu hosp","quantile",0.1,4.98695216447551
"08",2026-05-09,3,2026-05-30,"wk inc flu hosp","quantile",0.15,8.13730642027427
"08",2026-05-09,3,2026-05-30,"wk inc flu hosp","quantile",0.2,10.9277101388373
"08",2026-05-09,3,2026-05-30,"wk inc flu hosp","quantile",0.25,13.3962124220964
"08",2026-05-09,3,2026-05-30,"wk inc flu hosp","quantile",0.3,15.847936375484
"08",2026-05-09,3,2026-05-30,"wk inc flu hosp","quantile",0.35,17.8073717149529
"08",2026-05-09,3,2026-05-30,"wk inc flu hosp","quantile",0.4,21.0734018172115
"08",2026-05-09,3,2026-05-30,"wk inc flu hosp","quantile",0.45,24.0392828128687
"08",2026-05-09,3,2026-05-30,"wk inc flu hosp","quantile",0.5,27.4423135235049
"08",2026-05-09,3,2026-05-30,"wk inc flu hosp","quantile",0.55,30.4369823242796
"08",2026-05-09,3,2026-05-30,"wk inc flu hosp","quantile",0.6,34.2735724391493
"08",2026-05-09,3,2026-05-30,"wk inc flu hosp","quantile",0.65,38.4654525482631
"08",2026-05-09,3,2026-05-30,"wk inc flu hosp","quantile",0.7,42.9540709985469
"08",2026-05-09,3,2026-05-30,"wk inc flu hosp","quantile",0.75,47.9991099970866
"08",2026-05-09,3,2026-05-30,"wk inc flu hosp","quantile",0.8,53.7639306054794
"08",2026-05-09,3,2026-05-30,"wk inc flu hosp","quantile",0.85,61.1904193622761
"08",2026-05-09,3,2026-05-30,"wk inc flu hosp","quantile",0.9,73.0420069506333
"08",2026-05-09,3,2026-05-30,"wk inc flu hosp","quantile",0.95,93.5703862976124
"08",2026-05-09,3,2026-05-30,"wk inc flu hosp","quantile",0.975,110.478099698359
"08",2026-05-09,3,2026-05-30,"wk inc flu hosp","quantile",0.99,142.719931647356
"09",2026-05-09,0,2026-05-09,"wk inc flu hosp","quantile",0.01,0
"09",2026-05-09,0,2026-05-09,"wk inc flu hosp","quantile",0.025,0.0096847221463796
"09",2026-05-09,0,2026-05-09,"wk inc flu hosp","quantile",0.05,0.612759941045997
"09",2026-05-09,0,2026-05-09,"wk inc flu hosp","quantile",0.1,1.30811436448809
"09",2026-05-09,0,2026-05-09,"wk inc flu hosp","quantile",0.15,2.0526837498475
"09",2026-05-09,0,2026-05-09,"wk inc flu hosp","quantile",0.2,2.9779947042956
"09",2026-05-09,0,2026-05-09,"wk inc flu hosp","quantile",0.25,4.06788824115378
"09",2026-05-09,0,2026-05-09,"wk inc flu hosp","quantile",0.3,4.98161915153216
"09",2026-05-09,0,2026-05-09,"wk inc flu hosp","quantile",0.35,5.91658338204485
"09",2026-05-09,0,2026-05-09,"wk inc flu hosp","quantile",0.4,6.71969363305554
"09",2026-05-09,0,2026-05-09,"wk inc flu hosp","quantile",0.45,7.41556322583805
"09",2026-05-09,0,2026-05-09,"wk inc flu hosp","quantile",0.5,8.13074990069581
"09",2026-05-09,0,2026-05-09,"wk inc flu hosp","quantile",0.55,8.71153194683698
"09",2026-05-09,0,2026-05-09,"wk inc flu hosp","quantile",0.6,9.5918610664184
"09",2026-05-09,0,2026-05-09,"wk inc flu hosp","quantile",0.65,10.4740654651452
"09",2026-05-09,0,2026-05-09,"wk inc flu hosp","quantile",0.7,11.3379613502486
"09",2026-05-09,0,2026-05-09,"wk inc flu hosp","quantile",0.75,12.5367012984405
"09",2026-05-09,0,2026-05-09,"wk inc flu hosp","quantile",0.8,14.0909035583745
"09",2026-05-09,0,2026-05-09,"wk inc flu hosp","quantile",0.85,15.5686713340923
"09",2026-05-09,0,2026-05-09,"wk inc flu hosp","quantile",0.9,17.2041873423726
"09",2026-05-09,0,2026-05-09,"wk inc flu hosp","quantile",0.95,20.2552744595359
"09",2026-05-09,0,2026-05-09,"wk inc flu hosp","quantile",0.975,23.0454960771065
"09",2026-05-09,0,2026-05-09,"wk inc flu hosp","quantile",0.99,27.0455065409636
"09",2026-05-09,1,2026-05-16,"wk inc flu hosp","quantile",0.01,0
"09",2026-05-09,1,2026-05-16,"wk inc flu hosp","quantile",0.025,0
"09",2026-05-09,1,2026-05-16,"wk inc flu hosp","quantile",0.05,0
"09",2026-05-09,1,2026-05-16,"wk inc flu hosp","quantile",0.1,0.73088334183256
"09",2026-05-09,1,2026-05-16,"wk inc flu hosp","quantile",0.15,1.61603200207089
"09",2026-05-09,1,2026-05-16,"wk inc flu hosp","quantile",0.2,1.94298403293121
"09",2026-05-09,1,2026-05-16,"wk inc flu hosp","quantile",0.25,2.73984407693553
"09",2026-05-09,1,2026-05-16,"wk inc flu hosp","quantile",0.3,3.51296041027328
"09",2026-05-09,1,2026-05-16,"wk inc flu hosp","quantile",0.35,4.76171012365382
"09",2026-05-09,1,2026-05-16,"wk inc flu hosp","quantile",0.4,5.68798300591146
"09",2026-05-09,1,2026-05-16,"wk inc flu hosp","quantile",0.45,6.58466503007094
"09",2026-05-09,1,2026-05-16,"wk inc flu hosp","quantile",0.5,7.59887272576199
"09",2026-05-09,1,2026-05-16,"wk inc flu hosp","quantile",0.55,8.5282117806837
"09",2026-05-09,1,2026-05-16,"wk inc flu hosp","quantile",0.6,9.65533595997472
"09",2026-05-09,1,2026-05-16,"wk inc flu hosp","quantile",0.65,10.9427149377798
"09",2026-05-09,1,2026-05-16,"wk inc flu hosp","quantile",0.7,12.2965838805512
"09",2026-05-09,1,2026-05-16,"wk inc flu hosp","quantile",0.75,13.9633575834253
"09",2026-05-09,1,2026-05-16,"wk inc flu hosp","quantile",0.8,16.1595843108391
"09",2026-05-09,1,2026-05-16,"wk inc flu hosp","quantile",0.85,18.3235606686996
"09",2026-05-09,1,2026-05-16,"wk inc flu hosp","quantile",0.9,21.4674965331994
"09",2026-05-09,1,2026-05-16,"wk inc flu hosp","quantile",0.95,26.9862851167442
"09",2026-05-09,1,2026-05-16,"wk inc flu hosp","quantile",0.975,30.6424488871601
"09",2026-05-09,1,2026-05-16,"wk inc flu hosp","quantile",0.99,37.290670312245
"09",2026-05-09,2,2026-05-23,"wk inc flu hosp","quantile",0.01,0
"09",2026-05-09,2,2026-05-23,"wk inc flu hosp","quantile",0.025,0
"09",2026-05-09,2,2026-05-23,"wk inc flu hosp","quantile",0.05,0
"09",2026-05-09,2,2026-05-23,"wk inc flu hosp","quantile",0.1,0.265559416126803
"09",2026-05-09,2,2026-05-23,"wk inc flu hosp","quantile",0.15,1.22401396967844
"09",2026-05-09,2,2026-05-23,"wk inc flu hosp","quantile",0.2,1.75926749720072
"09",2026-05-09,2,2026-05-23,"wk inc flu hosp","quantile",0.25,2.31885974329898
"09",2026-05-09,2,2026-05-23,"wk inc flu hosp","quantile",0.3,3.02227535261789
"09",2026-05-09,2,2026-05-23,"wk inc flu hosp","quantile",0.35,4.33932887040391
"09",2026-05-09,2,2026-05-23,"wk inc flu hosp","quantile",0.4,5.3059598729702
"09",2026-05-09,2,2026-05-23,"wk inc flu hosp","quantile",0.45,6.47843163547036
"09",2026-05-09,2,2026-05-23,"wk inc flu hosp","quantile",0.5,7.68703214697732
"09",2026-05-09,2,2026-05-23,"wk inc flu hosp","quantile",0.55,8.90891549785969
"09",2026-05-09,2,2026-05-23,"wk inc flu hosp","quantile",0.6,10.5165818061488
"09",2026-05-09,2,2026-05-23,"wk inc flu hosp","quantile",0.65,12.0015580736019
"09",2026-05-09,2,2026-05-23,"wk inc flu hosp","quantile",0.7,14.0280958304926
"09",2026-05-09,2,2026-05-23,"wk inc flu hosp","quantile",0.75,16.0472306298927
"09",2026-05-09,2,2026-05-23,"wk inc flu hosp","quantile",0.8,19.1895750863292
"09",2026-05-09,2,2026-05-23,"wk inc flu hosp","quantile",0.85,22.0305063422028
"09",2026-05-09,2,2026-05-23,"wk inc flu hosp","quantile",0.9,25.5935437953061
"09",2026-05-09,2,2026-05-23,"wk inc flu hosp","quantile",0.95,34.0687840852672
"09",2026-05-09,2,2026-05-23,"wk inc flu hosp","quantile",0.975,42.1032599949872
"09",2026-05-09,2,2026-05-23,"wk inc flu hosp","quantile",0.99,50.4836599085561
"09",2026-05-09,3,2026-05-30,"wk inc flu hosp","quantile",0.01,0
"09",2026-05-09,3,2026-05-30,"wk inc flu hosp","quantile",0.025,0
"09",2026-05-09,3,2026-05-30,"wk inc flu hosp","quantile",0.05,0
"09",2026-05-09,3,2026-05-30,"wk inc flu hosp","quantile",0.1,0
"09",2026-05-09,3,2026-05-30,"wk inc flu hosp","quantile",0.15,0.865079453994584
"09",2026-05-09,3,2026-05-30,"wk inc flu hosp","quantile",0.2,1.34873851051141
"09",2026-05-09,3,2026-05-30,"wk inc flu hosp","quantile",0.25,1.93195324031335
"09",2026-05-09,3,2026-05-30,"wk inc flu hosp","quantile",0.3,2.52371053688899
"09",2026-05-09,3,2026-05-30,"wk inc flu hosp","quantile",0.35,3.58769382160228
"09",2026-05-09,3,2026-05-30,"wk inc flu hosp","quantile",0.4,4.68267138947133
"09",2026-05-09,3,2026-05-30,"wk inc flu hosp","quantile",0.45,5.78970748725416
"09",2026-05-09,3,2026-05-30,"wk inc flu hosp","quantile",0.5,7.40588520845154
"09",2026-05-09,3,2026-05-30,"wk inc flu hosp","quantile",0.55,8.93757546502897
"09",2026-05-09,3,2026-05-30,"wk inc flu hosp","quantile",0.6,10.8292873522038
"09",2026-05-09,3,2026-05-30,"wk inc flu hosp","quantile",0.65,13.0849466176151
"09",2026-05-09,3,2026-05-30,"wk inc flu hosp","quantile",0.7,15.2966919616187
"09",2026-05-09,3,2026-05-30,"wk inc flu hosp","quantile",0.75,18.1473701554761
"09",2026-05-09,3,2026-05-30,"wk inc flu hosp","quantile",0.8,21.6767273322585
"09",2026-05-09,3,2026-05-30,"wk inc flu hosp","quantile",0.85,25.6196563982707
"09",2026-05-09,3,2026-05-30,"wk inc flu hosp","quantile",0.9,30.7396411216645
"09",2026-05-09,3,2026-05-30,"wk inc flu hosp","quantile",0.95,43.2570027255415
"09",2026-05-09,3,2026-05-30,"wk inc flu hosp","quantile",0.975,55.1127352572088
"09",2026-05-09,3,2026-05-30,"wk inc flu hosp","quantile",0.99,69.3503431102266
"10",2026-05-09,0,2026-05-09,"wk inc flu hosp","quantile",0.01,0
"10",2026-05-09,0,2026-05-09,"wk inc flu hosp","quantile",0.025,0
"10",2026-05-09,0,2026-05-09,"wk inc flu hosp","quantile",0.05,0
"10",2026-05-09,0,2026-05-09,"wk inc flu hosp","quantile",0.1,0.218200295417509
"10",2026-05-09,0,2026-05-09,"wk inc flu hosp","quantile",0.15,0.660181788163992
"10",2026-05-09,0,2026-05-09,"wk inc flu hosp","quantile",0.2,1.08545976140098
"10",2026-05-09,0,2026-05-09,"wk inc flu hosp","quantile",0.25,1.51680127782486
"10",2026-05-09,0,2026-05-09,"wk inc flu hosp","quantile",0.3,1.89101924747548
"10",2026-05-09,0,2026-05-09,"wk inc flu hosp","quantile",0.35,2.27487113254409
"10",2026-05-09,0,2026-05-09,"wk inc flu hosp","quantile",0.4,2.65446777677429
"10",2026-05-09,0,2026-05-09,"wk inc flu hosp","quantile",0.45,3.11881224598638
"10",2026-05-09,0,2026-05-09,"wk inc flu hosp","quantile",0.5,3.50833334437099
"10",2026-05-09,0,2026-05-09,"wk inc flu hosp","quantile",0.55,3.8910776213812
"10",2026-05-09,0,2026-05-09,"wk inc flu hosp","quantile",0.6,4.30040522490954
"10",2026-05-09,0,2026-05-09,"wk inc flu hosp","quantile",0.65,4.740221297078
"10",2026-05-09,0,2026-05-09,"wk inc flu hosp","quantile",0.7,5.2523720019483
"10",2026-05-09,0,2026-05-09,"wk inc flu hosp","quantile",0.75,5.77875790797672
"10",2026-05-09,0,2026-05-09,"wk inc flu hosp","quantile",0.8,6.46989399235551
"10",2026-05-09,0,2026-05-09,"wk inc flu hosp","quantile",0.85,7.38764789575256
"10",2026-05-09,0,2026-05-09,"wk inc flu hosp","quantile",0.9,8.49642566492905
"10",2026-05-09,0,2026-05-09,"wk inc flu hosp","quantile",0.95,10.7162663952076
"10",2026-05-09,0,2026-05-09,"wk inc flu hosp","quantile",0.975,12.3367235177729
"10",2026-05-09,0,2026-05-09,"wk inc flu hosp","quantile",0.99,15.1918928232015
"10",2026-05-09,1,2026-05-16,"wk inc flu hosp","quantile",0.01,0
"10",2026-05-09,1,2026-05-16,"wk inc flu hosp","quantile",0.025,0
"10",2026-05-09,1,2026-05-16,"wk inc flu hosp","quantile",0.05,0
"10",2026-05-09,1,2026-05-16,"wk inc flu hosp","quantile",0.1,0
"10",2026-05-09,1,2026-05-16,"wk inc flu hosp","quantile",0.15,0
"10",2026-05-09,1,2026-05-16,"wk inc flu hosp","quantile",0.2,0.269378951756422
"10",2026-05-09,1,2026-05-16,"wk inc flu hosp","quantile",0.25,0.800948198226102
"10",2026-05-09,1,2026-05-16,"wk inc flu hosp","quantile",0.3,1.3396306819469
"10",2026-05-09,1,2026-05-16,"wk inc flu hosp","quantile",0.35,1.8253913778176
"10",2026-05-09,1,2026-05-16,"wk inc flu hosp","quantile",0.4,2.35816482657926
"10",2026-05-09,1,2026-05-16,"wk inc flu hosp","quantile",0.45,2.89650567730004
"10",2026-05-09,1,2026-05-16,"wk inc flu hosp","quantile",0.5,3.42605540406033
"10",2026-05-09,1,2026-05-16,"wk inc flu hosp","quantile",0.55,4.04024780485883
"10",2026-05-09,1,2026-05-16,"wk inc flu hosp","quantile",0.6,4.59637219987634
"10",2026-05-09,1,2026-05-16,"wk inc flu hosp","quantile",0.65,5.23032356930839
"10",2026-05-09,1,2026-05-16,"wk inc flu hosp","quantile",0.7,6.01353409958985
"10",2026-05-09,1,2026-05-16,"wk inc flu hosp","quantile",0.75,6.96685103801893
"10",2026-05-09,1,2026-05-16,"wk inc flu hosp","quantile",0.8,8.33633581541351
"10",2026-05-09,1,2026-05-16,"wk inc flu hosp","quantile",0.85,9.79031974119443
"10",2026-05-09,1,2026-05-16,"wk inc flu hosp","quantile",0.9,11.8812131064706
"10",2026-05-09,1,2026-05-16,"wk inc flu hosp","quantile",0.95,15.5846231135563
"10",2026-05-09,1,2026-05-16,"wk inc flu hosp","quantile",0.975,18.6343850435207
"10",2026-05-09,1,2026-05-16,"wk inc flu hosp","quantile",0.99,22.400838615476
"10",2026-05-09,2,2026-05-23,"wk inc flu hosp","quantile",0.01,0
"10",2026-05-09,2,2026-05-23,"wk inc flu hosp","quantile",0.025,0
"10",2026-05-09,2,2026-05-23,"wk inc flu hosp","quantile",0.05,0
"10",2026-05-09,2,2026-05-23,"wk inc flu hosp","quantile",0.1,0
"10",2026-05-09,2,2026-05-23,"wk inc flu hosp","quantile",0.15,0
"10",2026-05-09,2,2026-05-23,"wk inc flu hosp","quantile",0.2,0.00869687979431336
"10",2026-05-09,2,2026-05-23,"wk inc flu hosp","quantile",0.25,0.395148155212522
"10",2026-05-09,2,2026-05-23,"wk inc flu hosp","quantile",0.3,0.984507962665019
"10",2026-05-09,2,2026-05-23,"wk inc flu hosp","quantile",0.35,1.58526305065668
"10",2026-05-09,2,2026-05-23,"wk inc flu hosp","quantile",0.4,2.20540034438009
"10",2026-05-09,2,2026-05-23,"wk inc flu hosp","quantile",0.45,2.94150142528678
"10",2026-05-09,2,2026-05-23,"wk inc flu hosp","quantile",0.5,3.64674476580228
"10",2026-05-09,2,2026-05-23,"wk inc flu hosp","quantile",0.55,4.30614538113256
"10",2026-05-09,2,2026-05-23,"wk inc flu hosp","quantile",0.6,5.2230542139821
"10",2026-05-09,2,2026-05-23,"wk inc flu hosp","quantile",0.65,6.21862017625735
"10",2026-05-09,2,2026-05-23,"wk inc flu hosp","quantile",0.7,7.47064748007068
"10",2026-05-09,2,2026-05-23,"wk inc flu hosp","quantile",0.75,8.67492064344473
"10",2026-05-09,2,2026-05-23,"wk inc flu hosp","quantile",0.8,10.3070637773478
"10",2026-05-09,2,2026-05-23,"wk inc flu hosp","quantile",0.85,12.3300786894504
"10",2026-05-09,2,2026-05-23,"wk inc flu hosp","quantile",0.9,15.3884324018901
"10",2026-05-09,2,2026-05-23,"wk inc flu hosp","quantile",0.95,20.7360308377019
"10",2026-05-09,2,2026-05-23,"wk inc flu hosp","quantile",0.975,27.0516184516736
"10",2026-05-09,2,2026-05-23,"wk inc flu hosp","quantile",0.99,34.5463605181647
"10",2026-05-09,3,2026-05-30,"wk inc flu hosp","quantile",0.01,0
"10",2026-05-09,3,2026-05-30,"wk inc flu hosp","quantile",0.025,0
"10",2026-05-09,3,2026-05-30,"wk inc flu hosp","quantile",0.05,0
"10",2026-05-09,3,2026-05-30,"wk inc flu hosp","quantile",0.1,0
"10",2026-05-09,3,2026-05-30,"wk inc flu hosp","quantile",0.15,0
"10",2026-05-09,3,2026-05-30,"wk inc flu hosp","quantile",0.2,0
"10",2026-05-09,3,2026-05-30,"wk inc flu hosp","quantile",0.25,0.293083041022047
"10",2026-05-09,3,2026-05-30,"wk inc flu hosp","quantile",0.3,1.07586721787963
"10",2026-05-09,3,2026-05-30,"wk inc flu hosp","quantile",0.35,1.67213092443934
"10",2026-05-09,3,2026-05-30,"wk inc flu hosp","quantile",0.4,2.40032397566137
"10",2026-05-09,3,2026-05-30,"wk inc flu hosp","quantile",0.45,3.26860737650359
"10",2026-05-09,3,2026-05-30,"wk inc flu hosp","quantile",0.5,4.09416651752786
"10",2026-05-09,3,2026-05-30,"wk inc flu hosp","quantile",0.55,5.0139295864329
"10",2026-05-09,3,2026-05-30,"wk inc flu hosp","quantile",0.6,6.07826500842209
"10",2026-05-09,3,2026-05-30,"wk inc flu hosp","quantile",0.65,7.41737260794222
"10",2026-05-09,3,2026-05-30,"wk inc flu hosp","quantile",0.7,8.82189359184687
"10",2026-05-09,3,2026-05-30,"wk inc flu hosp","quantile",0.75,10.6627906538643
"10",2026-05-09,3,2026-05-30,"wk inc flu hosp","quantile",0.8,12.8296623837584
"10",2026-05-09,3,2026-05-30,"wk inc flu hosp","quantile",0.85,15.8283381592475
"10",2026-05-09,3,2026-05-30,"wk inc flu hosp","quantile",0.9,20.0563509983914
"10",2026-05-09,3,2026-05-30,"wk inc flu hosp","quantile",0.95,27.6920647005583
"10",2026-05-09,3,2026-05-30,"wk inc flu hosp","quantile",0.975,34.9136567759931
"10",2026-05-09,3,2026-05-30,"wk inc flu hosp","quantile",0.99,48.452185860076
"11",2026-05-09,0,2026-05-09,"wk inc flu hosp","quantile",0.01,0
"11",2026-05-09,0,2026-05-09,"wk inc flu hosp","quantile",0.025,0
"11",2026-05-09,0,2026-05-09,"wk inc flu hosp","quantile",0.05,0
"11",2026-05-09,0,2026-05-09,"wk inc flu hosp","quantile",0.1,0
"11",2026-05-09,0,2026-05-09,"wk inc flu hosp","quantile",0.15,0.0419167058531363
"11",2026-05-09,0,2026-05-09,"wk inc flu hosp","quantile",0.2,0.214451848754838
"11",2026-05-09,0,2026-05-09,"wk inc flu hosp","quantile",0.25,0.370508499352356
"11",2026-05-09,0,2026-05-09,"wk inc flu hosp","quantile",0.3,0.521423320990788
"11",2026-05-09,0,2026-05-09,"wk inc flu hosp","quantile",0.35,0.676994229096228
"11",2026-05-09,0,2026-05-09,"wk inc flu hosp","quantile",0.4,0.86887614885676
"11",2026-05-09,0,2026-05-09,"wk inc flu hosp","quantile",0.45,1.05003804442917
"11",2026-05-09,0,2026-05-09,"wk inc flu hosp","quantile",0.5,1.22860530884895
"11",2026-05-09,0,2026-05-09,"wk inc flu hosp","quantile",0.55,1.44868412572397
"11",2026-05-09,0,2026-05-09,"wk inc flu hosp","quantile",0.6,1.77191536021661
"11",2026-05-09,0,2026-05-09,"wk inc flu hosp","quantile",0.65,2.16463386395692
"11",2026-05-09,0,2026-05-09,"wk inc flu hosp","quantile",0.7,2.53965946648434
"11",2026-05-09,0,2026-05-09,"wk inc flu hosp","quantile",0.75,2.92565024792401
"11",2026-05-09,0,2026-05-09,"wk inc flu hosp","quantile",0.8,3.27502690684936
"11",2026-05-09,0,2026-05-09,"wk inc flu hosp","quantile",0.85,3.76847413559051
"11",2026-05-09,0,2026-05-09,"wk inc flu hosp","quantile",0.9,4.51898219958386
"11",2026-05-09,0,2026-05-09,"wk inc flu hosp","quantile",0.95,5.75125718332042
"11",2026-05-09,0,2026-05-09,"wk inc flu hosp","quantile",0.975,6.80096224298507
"11",2026-05-09,0,2026-05-09,"wk inc flu hosp","quantile",0.99,8.2290454923342
"11",2026-05-09,1,2026-05-16,"wk inc flu hosp","quantile",0.01,0
"11",2026-05-09,1,2026-05-16,"wk inc flu hosp","quantile",0.025,0
"11",2026-05-09,1,2026-05-16,"wk inc flu hosp","quantile",0.05,0
"11",2026-05-09,1,2026-05-16,"wk inc flu hosp","quantile",0.1,0
"11",2026-05-09,1,2026-05-16,"wk inc flu hosp","quantile",0.15,0.00100117019466287
"11",2026-05-09,1,2026-05-16,"wk inc flu hosp","quantile",0.2,0.189570067420814
"11",2026-05-09,1,2026-05-16,"wk inc flu hosp","quantile",0.25,0.351884683447346
"11",2026-05-09,1,2026-05-16,"wk inc flu hosp","quantile",0.3,0.494541081384316
"11",2026-05-09,1,2026-05-16,"wk inc flu hosp","quantile",0.35,0.657227279370924
"11",2026-05-09,1,2026-05-16,"wk inc flu hosp","quantile",0.4,0.938994739422167
"11",2026-05-09,1,2026-05-16,"wk inc flu hosp","quantile",0.45,1.19129795048404
"11",2026-05-09,1,2026-05-16,"wk inc flu hosp","quantile",0.5,1.45315968278212
"11",2026-05-09,1,2026-05-16,"wk inc flu hosp","quantile",0.55,1.79242539390094
"11",2026-05-09,1,2026-05-16,"wk inc flu hosp","quantile",0.6,2.27030530992479
"11",2026-05-09,1,2026-05-16,"wk inc flu hosp","quantile",0.65,2.79354066954249
"11",2026-05-09,1,2026-05-16,"wk inc flu hosp","quantile",0.7,3.33500951689267
"11",2026-05-09,1,2026-05-16,"wk inc flu hosp","quantile",0.75,3.9024294411623
"11",2026-05-09,1,2026-05-16,"wk inc flu hosp","quantile",0.8,4.55795768888608
"11",2026-05-09,1,2026-05-16,"wk inc flu hosp","quantile",0.85,5.49190655257308
"11",2026-05-09,1,2026-05-16,"wk inc flu hosp","quantile",0.9,6.98916714399499
"11",2026-05-09,1,2026-05-16,"wk inc flu hosp","quantile",0.95,9.50117803580546
"11",2026-05-09,1,2026-05-16,"wk inc flu hosp","quantile",0.975,11.7022734207846
"11",2026-05-09,1,2026-05-16,"wk inc flu hosp","quantile",0.99,15.2683610476193
"11",2026-05-09,2,2026-05-23,"wk inc flu hosp","quantile",0.01,0
"11",2026-05-09,2,2026-05-23,"wk inc flu hosp","quantile",0.025,0
"11",2026-05-09,2,2026-05-23,"wk inc flu hosp","quantile",0.05,0
"11",2026-05-09,2,2026-05-23,"wk inc flu hosp","quantile",0.1,0
"11",2026-05-09,2,2026-05-23,"wk inc flu hosp","quantile",0.15,0.0128204878540515
"11",2026-05-09,2,2026-05-23,"wk inc flu hosp","quantile",0.2,0.205206663681356
"11",2026-05-09,2,2026-05-23,"wk inc flu hosp","quantile",0.25,0.371375519730815
"11",2026-05-09,2,2026-05-23,"wk inc flu hosp","quantile",0.3,0.523574820436265
"11",2026-05-09,2,2026-05-23,"wk inc flu hosp","quantile",0.35,0.70207213415744
"11",2026-05-09,2,2026-05-23,"wk inc flu hosp","quantile",0.4,1.07688254571621
"11",2026-05-09,2,2026-05-23,"wk inc flu hosp","quantile",0.45,1.43508305435855
"11",2026-05-09,2,2026-05-23,"wk inc flu hosp","quantile",0.5,1.82522278561428
"11",2026-05-09,2,2026-05-23,"wk inc flu hosp","quantile",0.55,2.2286694747235
"11",2026-05-09,2,2026-05-23,"wk inc flu hosp","quantile",0.6,2.89136646545121
"11",2026-05-09,2,2026-05-23,"wk inc flu hosp","quantile",0.65,3.56047797084943
"11",2026-05-09,2,2026-05-23,"wk inc flu hosp","quantile",0.7,4.39421203180241
"11",2026-05-09,2,2026-05-23,"wk inc flu hosp","quantile",0.75,5.26813586111999
"11",2026-05-09,2,2026-05-23,"wk inc flu hosp","quantile",0.8,6.33700285839666
"11",2026-05-09,2,2026-05-23,"wk inc flu hosp","quantile",0.85,7.80472003929833
"11",2026-05-09,2,2026-05-23,"wk inc flu hosp","quantile",0.9,10.0849030596193
"11",2026-05-09,2,2026-05-23,"wk inc flu hosp","quantile",0.95,15.0088613689899
"11",2026-05-09,2,2026-05-23,"wk inc flu hosp","quantile",0.975,19.9223546052442
"11",2026-05-09,2,2026-05-23,"wk inc flu hosp","quantile",0.99,26.3366743993732
"11",2026-05-09,3,2026-05-30,"wk inc flu hosp","quantile",0.01,0
"11",2026-05-09,3,2026-05-30,"wk inc flu hosp","quantile",0.025,0
"11",2026-05-09,3,2026-05-30,"wk inc flu hosp","quantile",0.05,0
"11",2026-05-09,3,2026-05-30,"wk inc flu hosp","quantile",0.1,0
"11",2026-05-09,3,2026-05-30,"wk inc flu hosp","quantile",0.15,0
"11",2026-05-09,3,2026-05-30,"wk inc flu hosp","quantile",0.2,0.162329241350441
"11",2026-05-09,3,2026-05-30,"wk inc flu hosp","quantile",0.25,0.32193557279414
"11",2026-05-09,3,2026-05-30,"wk inc flu hosp","quantile",0.3,0.467914790754512
"11",2026-05-09,3,2026-05-30,"wk inc flu hosp","quantile",0.35,0.648207297042336
"11",2026-05-09,3,2026-05-30,"wk inc flu hosp","quantile",0.4,0.993153933787241
"11",2026-05-09,3,2026-05-30,"wk inc flu hosp","quantile",0.45,1.47438317529825
"11",2026-05-09,3,2026-05-30,"wk inc flu hosp","quantile",0.5,1.93534664940137
"11",2026-05-09,3,2026-05-30,"wk inc flu hosp","quantile",0.55,2.50909023038297
"11",2026-05-09,3,2026-05-30,"wk inc flu hosp","quantile",0.6,3.29230813144432
"11",2026-05-09,3,2026-05-30,"wk inc flu hosp","quantile",0.65,4.23205280284834
"11",2026-05-09,3,2026-05-30,"wk inc flu hosp","quantile",0.7,5.20584518144578
"11",2026-05-09,3,2026-05-30,"wk inc flu hosp","quantile",0.75,6.47960273919479
"11",2026-05-09,3,2026-05-30,"wk inc flu hosp","quantile",0.8,7.84745800808716
"11",2026-05-09,3,2026-05-30,"wk inc flu hosp","quantile",0.85,9.95338169546181
"11",2026-05-09,3,2026-05-30,"wk inc flu hosp","quantile",0.9,13.5631996705626
"11",2026-05-09,3,2026-05-30,"wk inc flu hosp","quantile",0.95,20.0015870698697
"11",2026-05-09,3,2026-05-30,"wk inc flu hosp","quantile",0.975,27.4259542839978
"11",2026-05-09,3,2026-05-30,"wk inc flu hosp","quantile",0.99,38.8151195980542
"12",2026-05-09,0,2026-05-09,"wk inc flu hosp","quantile",0.01,56.9681220296359
"12",2026-05-09,0,2026-05-09,"wk inc flu hosp","quantile",0.025,71.9887200180466
"12",2026-05-09,0,2026-05-09,"wk inc flu hosp","quantile",0.05,81.3818602508555
"12",2026-05-09,0,2026-05-09,"wk inc flu hosp","quantile",0.1,90.3780594564627
"12",2026-05-09,0,2026-05-09,"wk inc flu hosp","quantile",0.15,98.7843905065409
"12",2026-05-09,0,2026-05-09,"wk inc flu hosp","quantile",0.2,104.739456989087
"12",2026-05-09,0,2026-05-09,"wk inc flu hosp","quantile",0.25,110.070243892818
"12",2026-05-09,0,2026-05-09,"wk inc flu hosp","quantile",0.3,116.888676151359
"12",2026-05-09,0,2026-05-09,"wk inc flu hosp","quantile",0.35,122.071886174787
"12",2026-05-09,0,2026-05-09,"wk inc flu hosp","quantile",0.4,127.496092445689
"12",2026-05-09,0,2026-05-09,"wk inc flu hosp","quantile",0.45,131.359841204893
"12",2026-05-09,0,2026-05-09,"wk inc flu hosp","quantile",0.5,135.527897796636
"12",2026-05-09,0,2026-05-09,"wk inc flu hosp","quantile",0.55,139.509196434333
"12",2026-05-09,0,2026-05-09,"wk inc flu hosp","quantile",0.6,143.016356315787
"12",2026-05-09,0,2026-05-09,"wk inc flu hosp","quantile",0.65,148.329215206328
"12",2026-05-09,0,2026-05-09,"wk inc flu hosp","quantile",0.7,154.452950577544
"12",2026-05-09,0,2026-05-09,"wk inc flu hosp","quantile",0.75,159.929533575962
"12",2026-05-09,0,2026-05-09,"wk inc flu hosp","quantile",0.8,167.61525473416
"12",2026-05-09,0,2026-05-09,"wk inc flu hosp","quantile",0.85,174.99879758509
"12",2026-05-09,0,2026-05-09,"wk inc flu hosp","quantile",0.9,183.752642761154
"12",2026-05-09,0,2026-05-09,"wk inc flu hosp","quantile",0.95,199.844982983755
"12",2026-05-09,0,2026-05-09,"wk inc flu hosp","quantile",0.975,217.974634081101
"12",2026-05-09,0,2026-05-09,"wk inc flu hosp","quantile",0.99,248.653044160743
"12",2026-05-09,1,2026-05-16,"wk inc flu hosp","quantile",0.01,34.4768696704186
"12",2026-05-09,1,2026-05-16,"wk inc flu hosp","quantile",0.025,52.7609793926886
"12",2026-05-09,1,2026-05-16,"wk inc flu hosp","quantile",0.05,64.2033401704611
"12",2026-05-09,1,2026-05-16,"wk inc flu hosp","quantile",0.1,77.0489580737395
"12",2026-05-09,1,2026-05-16,"wk inc flu hosp","quantile",0.15,88.1801147015474
"12",2026-05-09,1,2026-05-16,"wk inc flu hosp","quantile",0.2,94.9960309263953
"12",2026-05-09,1,2026-05-16,"wk inc flu hosp","quantile",0.25,102.758406084298
"12",2026-05-09,1,2026-05-16,"wk inc flu hosp","quantile",0.3,110.62517341411
"12",2026-05-09,1,2026-05-16,"wk inc flu hosp","quantile",0.35,119.671770961689
"12",2026-05-09,1,2026-05-16,"wk inc flu hosp","quantile",0.4,125.264824686167
"12",2026-05-09,1,2026-05-16,"wk inc flu hosp","quantile",0.45,131.083131720312
"12",2026-05-09,1,2026-05-16,"wk inc flu hosp","quantile",0.5,135.965979558976
"12",2026-05-09,1,2026-05-16,"wk inc flu hosp","quantile",0.55,140.819454453368
"12",2026-05-09,1,2026-05-16,"wk inc flu hosp","quantile",0.6,148.361102754876
"12",2026-05-09,1,2026-05-16,"wk inc flu hosp","quantile",0.65,155.939674976186
"12",2026-05-09,1,2026-05-16,"wk inc flu hosp","quantile",0.7,165.012839319694
"12",2026-05-09,1,2026-05-16,"wk inc flu hosp","quantile",0.75,174.463984488151
"12",2026-05-09,1,2026-05-16,"wk inc flu hosp","quantile",0.8,185.293398506625
"12",2026-05-09,1,2026-05-16,"wk inc flu hosp","quantile",0.85,196.808794699157
"12",2026-05-09,1,2026-05-16,"wk inc flu hosp","quantile",0.9,210.197435808766
"12",2026-05-09,1,2026-05-16,"wk inc flu hosp","quantile",0.95,235.256382404814
"12",2026-05-09,1,2026-05-16,"wk inc flu hosp","quantile",0.975,261.479600954311
"12",2026-05-09,1,2026-05-16,"wk inc flu hosp","quantile",0.99,316.880419931533
"12",2026-05-09,2,2026-05-23,"wk inc flu hosp","quantile",0.01,26.8696386525572
"12",2026-05-09,2,2026-05-23,"wk inc flu hosp","quantile",0.025,39.7981438403895
"12",2026-05-09,2,2026-05-23,"wk inc flu hosp","quantile",0.05,55.5666757272152
"12",2026-05-09,2,2026-05-23,"wk inc flu hosp","quantile",0.1,70.9362855281198
"12",2026-05-09,2,2026-05-23,"wk inc flu hosp","quantile",0.15,84.2127933320586
"12",2026-05-09,2,2026-05-23,"wk inc flu hosp","quantile",0.2,94.3402123515804
"12",2026-05-09,2,2026-05-23,"wk inc flu hosp","quantile",0.25,104.450980734781
"12",2026-05-09,2,2026-05-23,"wk inc flu hosp","quantile",0.3,113.525937135794
"12",2026-05-09,2,2026-05-23,"wk inc flu hosp","quantile",0.35,121.346406824311
"12",2026-05-09,2,2026-05-23,"wk inc flu hosp","quantile",0.4,128.440223354177
"12",2026-05-09,2,2026-05-23,"wk inc flu hosp","quantile",0.45,135.981587207621
"12",2026-05-09,2,2026-05-23,"wk inc flu hosp","quantile",0.5,142.690451154563
"12",2026-05-09,2,2026-05-23,"wk inc flu hosp","quantile",0.55,152.058821761056
"12",2026-05-09,2,2026-05-23,"wk inc flu hosp","quantile",0.6,161.833055175526
"12",2026-05-09,2,2026-05-23,"wk inc flu hosp","quantile",0.65,170.645155064037
"12",2026-05-09,2,2026-05-23,"wk inc flu hosp","quantile",0.7,182.776483071629
"12",2026-05-09,2,2026-05-23,"wk inc flu hosp","quantile",0.75,195.556316377393
"12",2026-05-09,2,2026-05-23,"wk inc flu hosp","quantile",0.8,210.719994163164
"12",2026-05-09,2,2026-05-23,"wk inc flu hosp","quantile",0.85,229.289968922003
"12",2026-05-09,2,2026-05-23,"wk inc flu hosp","quantile",0.9,252.449167648418
"12",2026-05-09,2,2026-05-23,"wk inc flu hosp","quantile",0.95,290.371319069004
"12",2026-05-09,2,2026-05-23,"wk inc flu hosp","quantile",0.975,330.476583423484
"12",2026-05-09,2,2026-05-23,"wk inc flu hosp","quantile",0.99,386.247446955812
"12",2026-05-09,3,2026-05-30,"wk inc flu hosp","quantile",0.01,24.8814391237583
"12",2026-05-09,3,2026-05-30,"wk inc flu hosp","quantile",0.025,31.8903199935827
"12",2026-05-09,3,2026-05-30,"wk inc flu hosp","quantile",0.05,46.6226896091584
"12",2026-05-09,3,2026-05-30,"wk inc flu hosp","quantile",0.1,65.5965687081948
"12",2026-05-09,3,2026-05-30,"wk inc flu hosp","quantile",0.15,80.1526671727528
"12",2026-05-09,3,2026-05-30,"wk inc flu hosp","quantile",0.2,91.3034307357372
"12",2026-05-09,3,2026-05-30,"wk inc flu hosp","quantile",0.25,103.409952712175
"12",2026-05-09,3,2026-05-30,"wk inc flu hosp","quantile",0.3,114.776498238731
"12",2026-05-09,3,2026-05-30,"wk inc flu hosp","quantile",0.35,126.816070273549
"12",2026-05-09,3,2026-05-30,"wk inc flu hosp","quantile",0.4,136.014252782644
"12",2026-05-09,3,2026-05-30,"wk inc flu hosp","quantile",0.45,144.658144074572
"12",2026-05-09,3,2026-05-30,"wk inc flu hosp","quantile",0.5,155.732339258923
"12",2026-05-09,3,2026-05-30,"wk inc flu hosp","quantile",0.55,164.974385496111
"12",2026-05-09,3,2026-05-30,"wk inc flu hosp","quantile",0.6,176.128513364262
"12",2026-05-09,3,2026-05-30,"wk inc flu hosp","quantile",0.65,190.032172662706
"12",2026-05-09,3,2026-05-30,"wk inc flu hosp","quantile",0.7,203.514059621313
"12",2026-05-09,3,2026-05-30,"wk inc flu hosp","quantile",0.75,221.335704147081
"12",2026-05-09,3,2026-05-30,"wk inc flu hosp","quantile",0.8,243.644193032662
"12",2026-05-09,3,2026-05-30,"wk inc flu hosp","quantile",0.85,267.677936716153
"12",2026-05-09,3,2026-05-30,"wk inc flu hosp","quantile",0.9,297.682494901623
"12",2026-05-09,3,2026-05-30,"wk inc flu hosp","quantile",0.95,348.932257525435
"12",2026-05-09,3,2026-05-30,"wk inc flu hosp","quantile",0.975,392.917789293465
"12",2026-05-09,3,2026-05-30,"wk inc flu hosp","quantile",0.99,484.388424233107
"13",2026-05-09,0,2026-05-09,"wk inc flu hosp","quantile",0.01,0
"13",2026-05-09,0,2026-05-09,"wk inc flu hosp","quantile",0.025,0.443932349357169
"13",2026-05-09,0,2026-05-09,"wk inc flu hosp","quantile",0.05,1.42954027185329
"13",2026-05-09,0,2026-05-09,"wk inc flu hosp","quantile",0.1,2.57655136559073
"13",2026-05-09,0,2026-05-09,"wk inc flu hosp","quantile",0.15,3.57119098027642
"13",2026-05-09,0,2026-05-09,"wk inc flu hosp","quantile",0.2,4.711886079558
"13",2026-05-09,0,2026-05-09,"wk inc flu hosp","quantile",0.25,6.69395351748391
"13",2026-05-09,0,2026-05-09,"wk inc flu hosp","quantile",0.3,8.47354887743391
"13",2026-05-09,0,2026-05-09,"wk inc flu hosp","quantile",0.35,10.4017533504759
"13",2026-05-09,0,2026-05-09,"wk inc flu hosp","quantile",0.4,12.2815614971838
"13",2026-05-09,0,2026-05-09,"wk inc flu hosp","quantile",0.45,13.9410739466622
"13",2026-05-09,0,2026-05-09,"wk inc flu hosp","quantile",0.5,15.4624892956254
"13",2026-05-09,0,2026-05-09,"wk inc flu hosp","quantile",0.55,16.7564513790108
"13",2026-05-09,0,2026-05-09,"wk inc flu hosp","quantile",0.6,18.0565767569154
"13",2026-05-09,0,2026-05-09,"wk inc flu hosp","quantile",0.65,19.3813588636263
"13",2026-05-09,0,2026-05-09,"wk inc flu hosp","quantile",0.7,21.118175493324
"13",2026-05-09,0,2026-05-09,"wk inc flu hosp","quantile",0.75,22.7089618654366
"13",2026-05-09,0,2026-05-09,"wk inc flu hosp","quantile",0.8,25.0172646403499
"13",2026-05-09,0,2026-05-09,"wk inc flu hosp","quantile",0.85,27.532270308238
"13",2026-05-09,0,2026-05-09,"wk inc flu hosp","quantile",0.9,31.9319160552665
"13",2026-05-09,0,2026-05-09,"wk inc flu hosp","quantile",0.95,38.9331156522093
"13",2026-05-09,0,2026-05-09,"wk inc flu hosp","quantile",0.975,44.8562731724369
"13",2026-05-09,0,2026-05-09,"wk inc flu hosp","quantile",0.99,56.8703580964444
"13",2026-05-09,1,2026-05-16,"wk inc flu hosp","quantile",0.01,0
"13",2026-05-09,1,2026-05-16,"wk inc flu hosp","quantile",0.025,0
"13",2026-05-09,1,2026-05-16,"wk inc flu hosp","quantile",0.05,0.54121266117565
"13",2026-05-09,1,2026-05-16,"wk inc flu hosp","quantile",0.1,1.86043647792431
"13",2026-05-09,1,2026-05-16,"wk inc flu hosp","quantile",0.15,2.98261580739345
"13",2026-05-09,1,2026-05-16,"wk inc flu hosp","quantile",0.2,4.01500814019575
"13",2026-05-09,1,2026-05-16,"wk inc flu hosp","quantile",0.25,4.79355669521628
"13",2026-05-09,1,2026-05-16,"wk inc flu hosp","quantile",0.3,5.76185082076639
"13",2026-05-09,1,2026-05-16,"wk inc flu hosp","quantile",0.35,8.19536064522737
"13",2026-05-09,1,2026-05-16,"wk inc flu hosp","quantile",0.4,10.3753399958619
"13",2026-05-09,1,2026-05-16,"wk inc flu hosp","quantile",0.45,12.5095768089404
"13",2026-05-09,1,2026-05-16,"wk inc flu hosp","quantile",0.5,14.9925180856537
"13",2026-05-09,1,2026-05-16,"wk inc flu hosp","quantile",0.55,17.1391440388238
"13",2026-05-09,1,2026-05-16,"wk inc flu hosp","quantile",0.6,19.2125691635907
"13",2026-05-09,1,2026-05-16,"wk inc flu hosp","quantile",0.65,21.0261466908174
"13",2026-05-09,1,2026-05-16,"wk inc flu hosp","quantile",0.7,24.3468861545513
"13",2026-05-09,1,2026-05-16,"wk inc flu hosp","quantile",0.75,27.5232953297278
"13",2026-05-09,1,2026-05-16,"wk inc flu hosp","quantile",0.8,31.1562969793641
"13",2026-05-09,1,2026-05-16,"wk inc flu hosp","quantile",0.85,35.7388938080396
"13",2026-05-09,1,2026-05-16,"wk inc flu hosp","quantile",0.9,42.5356528773463
"13",2026-05-09,1,2026-05-16,"wk inc flu hosp","quantile",0.95,52.1744562157716
"13",2026-05-09,1,2026-05-16,"wk inc flu hosp","quantile",0.975,63.0223218340717
"13",2026-05-09,1,2026-05-16,"wk inc flu hosp","quantile",0.99,80.8933122274027
"13",2026-05-09,2,2026-05-23,"wk inc flu hosp","quantile",0.01,0
"13",2026-05-09,2,2026-05-23,"wk inc flu hosp","quantile",0.025,0
"13",2026-05-09,2,2026-05-23,"wk inc flu hosp","quantile",0.05,0
"13",2026-05-09,2,2026-05-23,"wk inc flu hosp","quantile",0.1,1.27649869890024
"13",2026-05-09,2,2026-05-23,"wk inc flu hosp","quantile",0.15,2.49889161530576
"13",2026-05-09,2,2026-05-23,"wk inc flu hosp","quantile",0.2,3.71241232109721
"13",2026-05-09,2,2026-05-23,"wk inc flu hosp","quantile",0.25,4.45168283334327
"13",2026-05-09,2,2026-05-23,"wk inc flu hosp","quantile",0.3,5.07221516669238
"13",2026-05-09,2,2026-05-23,"wk inc flu hosp","quantile",0.35,8.14444487404798
"13",2026-05-09,2,2026-05-23,"wk inc flu hosp","quantile",0.4,10.6899618324887
"13",2026-05-09,2,2026-05-23,"wk inc flu hosp","quantile",0.45,13.7654400103202
"13",2026-05-09,2,2026-05-23,"wk inc flu hosp","quantile",0.5,16.9341254588237
"13",2026-05-09,2,2026-05-23,"wk inc flu hosp","quantile",0.55,19.4203804702771
"13",2026-05-09,2,2026-05-23,"wk inc flu hosp","quantile",0.6,22.7703067640788
"13",2026-05-09,2,2026-05-23,"wk inc flu hosp","quantile",0.65,25.8504229714662
"13",2026-05-09,2,2026-05-23,"wk inc flu hosp","quantile",0.7,29.9584072884695
"13",2026-05-09,2,2026-05-23,"wk inc flu hosp","quantile",0.75,33.8704460556153
"13",2026-05-09,2,2026-05-23,"wk inc flu hosp","quantile",0.8,38.9527016038635
"13",2026-05-09,2,2026-05-23,"wk inc flu hosp","quantile",0.85,46.761590933389
"13",2026-05-09,2,2026-05-23,"wk inc flu hosp","quantile",0.9,56.8477384385991
"13",2026-05-09,2,2026-05-23,"wk inc flu hosp","quantile",0.95,73.5059707144453
"13",2026-05-09,2,2026-05-23,"wk inc flu hosp","quantile",0.975,89.6927643322572
"13",2026-05-09,2,2026-05-23,"wk inc flu hosp","quantile",0.99,115.8349968653
"13",2026-05-09,3,2026-05-30,"wk inc flu hosp","quantile",0.01,0
"13",2026-05-09,3,2026-05-30,"wk inc flu hosp","quantile",0.025,0
"13",2026-05-09,3,2026-05-30,"wk inc flu hosp","quantile",0.05,0
"13",2026-05-09,3,2026-05-30,"wk inc flu hosp","quantile",0.1,0.307929022610362
"13",2026-05-09,3,2026-05-30,"wk inc flu hosp","quantile",0.15,1.52200971580906
"13",2026-05-09,3,2026-05-30,"wk inc flu hosp","quantile",0.2,2.70700392199501
"13",2026-05-09,3,2026-05-30,"wk inc flu hosp","quantile",0.25,3.51499451259571
"13",2026-05-09,3,2026-05-30,"wk inc flu hosp","quantile",0.3,4.24424567927061
"13",2026-05-09,3,2026-05-30,"wk inc flu hosp","quantile",0.35,8.43570880221015
"13",2026-05-09,3,2026-05-30,"wk inc flu hosp","quantile",0.4,11.8881910551796
"13",2026-05-09,3,2026-05-30,"wk inc flu hosp","quantile",0.45,15.4709155299905
"13",2026-05-09,3,2026-05-30,"wk inc flu hosp","quantile",0.5,18.7246828884344
"13",2026-05-09,3,2026-05-30,"wk inc flu hosp","quantile",0.55,22.1359088108352
"13",2026-05-09,3,2026-05-30,"wk inc flu hosp","quantile",0.6,26.6852474859727
"13",2026-05-09,3,2026-05-30,"wk inc flu hosp","quantile",0.65,31.2937019529754
"13",2026-05-09,3,2026-05-30,"wk inc flu hosp","quantile",0.7,36.5889279645919
"13",2026-05-09,3,2026-05-30,"wk inc flu hosp","quantile",0.75,42.2651015868801
"13",2026-05-09,3,2026-05-30,"wk inc flu hosp","quantile",0.8,49.9447246182916
"13",2026-05-09,3,2026-05-30,"wk inc flu hosp","quantile",0.85,60.5712241503702
"13",2026-05-09,3,2026-05-30,"wk inc flu hosp","quantile",0.9,73.4526994478458
"13",2026-05-09,3,2026-05-30,"wk inc flu hosp","quantile",0.95,97.8188258193398
"13",2026-05-09,3,2026-05-30,"wk inc flu hosp","quantile",0.975,120.654336110995
"13",2026-05-09,3,2026-05-30,"wk inc flu hosp","quantile",0.99,163.535345650584
"15",2026-05-09,0,2026-05-09,"wk inc flu hosp","quantile",0.01,5.08644915245802
"15",2026-05-09,0,2026-05-09,"wk inc flu hosp","quantile",0.025,6.85994314081272
"15",2026-05-09,0,2026-05-09,"wk inc flu hosp","quantile",0.05,8.27825877591665
"15",2026-05-09,0,2026-05-09,"wk inc flu hosp","quantile",0.1,10.2703356971889
"15",2026-05-09,0,2026-05-09,"wk inc flu hosp","quantile",0.15,11.9330592264926
"15",2026-05-09,0,2026-05-09,"wk inc flu hosp","quantile",0.2,13.186756285215
"15",2026-05-09,0,2026-05-09,"wk inc flu hosp","quantile",0.25,14.1696511057787
"15",2026-05-09,0,2026-05-09,"wk inc flu hosp","quantile",0.3,15.3483043005154
"15",2026-05-09,0,2026-05-09,"wk inc flu hosp","quantile",0.35,16.5043663348433
"15",2026-05-09,0,2026-05-09,"wk inc flu hosp","quantile",0.4,17.7334656508619
"15",2026-05-09,0,2026-05-09,"wk inc flu hosp","quantile",0.45,18.8571706857749
"15",2026-05-09,0,2026-05-09,"wk inc flu hosp","quantile",0.5,19.8330614778685
"15",2026-05-09,0,2026-05-09,"wk inc flu hosp","quantile",0.55,21.024323059319
"15",2026-05-09,0,2026-05-09,"wk inc flu hosp","quantile",0.6,22.1514388363131
"15",2026-05-09,0,2026-05-09,"wk inc flu hosp","quantile",0.65,23.357142319548
"15",2026-05-09,0,2026-05-09,"wk inc flu hosp","quantile",0.7,25.0080205216353
"15",2026-05-09,0,2026-05-09,"wk inc flu hosp","quantile",0.75,26.6574815086037
"15",2026-05-09,0,2026-05-09,"wk inc flu hosp","quantile",0.8,28.8065449269513
"15",2026-05-09,0,2026-05-09,"wk inc flu hosp","quantile",0.85,31.1783719226791
"15",2026-05-09,0,2026-05-09,"wk inc flu hosp","quantile",0.9,34.0658118187106
"15",2026-05-09,0,2026-05-09,"wk inc flu hosp","quantile",0.95,37.8689049243219
"15",2026-05-09,0,2026-05-09,"wk inc flu hosp","quantile",0.975,41.8903607709824
"15",2026-05-09,0,2026-05-09,"wk inc flu hosp","quantile",0.99,47.6014364511557
"15",2026-05-09,1,2026-05-16,"wk inc flu hosp","quantile",0.01,2.31970823738247
"15",2026-05-09,1,2026-05-16,"wk inc flu hosp","quantile",0.025,3.87114609007089
"15",2026-05-09,1,2026-05-16,"wk inc flu hosp","quantile",0.05,5.67610647654905
"15",2026-05-09,1,2026-05-16,"wk inc flu hosp","quantile",0.1,8.01302174042999
"15",2026-05-09,1,2026-05-16,"wk inc flu hosp","quantile",0.15,10.1982734253563
"15",2026-05-09,1,2026-05-16,"wk inc flu hosp","quantile",0.2,11.6274505860491
"15",2026-05-09,1,2026-05-16,"wk inc flu hosp","quantile",0.25,13.2796966338376
"15",2026-05-09,1,2026-05-16,"wk inc flu hosp","quantile",0.3,14.9178799412696
"15",2026-05-09,1,2026-05-16,"wk inc flu hosp","quantile",0.35,16.2270997289089
"15",2026-05-09,1,2026-05-16,"wk inc flu hosp","quantile",0.4,18.0454946389522
"15",2026-05-09,1,2026-05-16,"wk inc flu hosp","quantile",0.45,19.5469192887977
"15",2026-05-09,1,2026-05-16,"wk inc flu hosp","quantile",0.5,21.1417728191598
"15",2026-05-09,1,2026-05-16,"wk inc flu hosp","quantile",0.55,22.70612920457
"15",2026-05-09,1,2026-05-16,"wk inc flu hosp","quantile",0.6,24.420678655681
"15",2026-05-09,1,2026-05-16,"wk inc flu hosp","quantile",0.65,26.1606918741235
"15",2026-05-09,1,2026-05-16,"wk inc flu hosp","quantile",0.7,28.4993444919926
"15",2026-05-09,1,2026-05-16,"wk inc flu hosp","quantile",0.75,30.5317506187878
"15",2026-05-09,1,2026-05-16,"wk inc flu hosp","quantile",0.8,33.7610465781945
"15",2026-05-09,1,2026-05-16,"wk inc flu hosp","quantile",0.85,37.838611535717
"15",2026-05-09,1,2026-05-16,"wk inc flu hosp","quantile",0.9,42.2561727986653
"15",2026-05-09,1,2026-05-16,"wk inc flu hosp","quantile",0.95,49.0161933171691
"15",2026-05-09,1,2026-05-16,"wk inc flu hosp","quantile",0.975,56.3711142073275
"15",2026-05-09,1,2026-05-16,"wk inc flu hosp","quantile",0.99,66.1756840731496
"15",2026-05-09,2,2026-05-23,"wk inc flu hosp","quantile",0.01,1.19553261896698
"15",2026-05-09,2,2026-05-23,"wk inc flu hosp","quantile",0.025,2.06595047112743
"15",2026-05-09,2,2026-05-23,"wk inc flu hosp","quantile",0.05,3.65791035809566
"15",2026-05-09,2,2026-05-23,"wk inc flu hosp","quantile",0.1,6.37498589420924
"15",2026-05-09,2,2026-05-23,"wk inc flu hosp","quantile",0.15,8.63165160154072
"15",2026-05-09,2,2026-05-23,"wk inc flu hosp","quantile",0.2,10.813357292088
"15",2026-05-09,2,2026-05-23,"wk inc flu hosp","quantile",0.25,12.7113969526229
"15",2026-05-09,2,2026-05-23,"wk inc flu hosp","quantile",0.3,14.7609609228861
"15",2026-05-09,2,2026-05-23,"wk inc flu hosp","quantile",0.35,16.7352681805938
"15",2026-05-09,2,2026-05-23,"wk inc flu hosp","quantile",0.4,18.6414163474055
"15",2026-05-09,2,2026-05-23,"wk inc flu hosp","quantile",0.45,20.6760290048308
"15",2026-05-09,2,2026-05-23,"wk inc flu hosp","quantile",0.5,22.124735975748
"15",2026-05-09,2,2026-05-23,"wk inc flu hosp","quantile",0.55,24.376395070744
"15",2026-05-09,2,2026-05-23,"wk inc flu hosp","quantile",0.6,26.4904382434406
"15",2026-05-09,2,2026-05-23,"wk inc flu hosp","quantile",0.65,29.4251982696512
"15",2026-05-09,2,2026-05-23,"wk inc flu hosp","quantile",0.7,32.0776151487971
"15",2026-05-09,2,2026-05-23,"wk inc flu hosp","quantile",0.75,35.1636083745345
"15",2026-05-09,2,2026-05-23,"wk inc flu hosp","quantile",0.8,39.1334105689418
"15",2026-05-09,2,2026-05-23,"wk inc flu hosp","quantile",0.85,44.8475511147726
"15",2026-05-09,2,2026-05-23,"wk inc flu hosp","quantile",0.9,51.8209269437291
"15",2026-05-09,2,2026-05-23,"wk inc flu hosp","quantile",0.95,62.0626325795812
"15",2026-05-09,2,2026-05-23,"wk inc flu hosp","quantile",0.975,74.922412651471
"15",2026-05-09,2,2026-05-23,"wk inc flu hosp","quantile",0.99,87.8238003221663
"15",2026-05-09,3,2026-05-30,"wk inc flu hosp","quantile",0.01,0.914533299230938
"15",2026-05-09,3,2026-05-30,"wk inc flu hosp","quantile",0.025,1.43219878335041
"15",2026-05-09,3,2026-05-30,"wk inc flu hosp","quantile",0.05,2.66482460145392
"15",2026-05-09,3,2026-05-30,"wk inc flu hosp","quantile",0.1,5.50212630909114
"15",2026-05-09,3,2026-05-30,"wk inc flu hosp","quantile",0.15,7.74784698918443
"15",2026-05-09,3,2026-05-30,"wk inc flu hosp","quantile",0.2,10.0784385039299
"15",2026-05-09,3,2026-05-30,"wk inc flu hosp","quantile",0.25,12.3776456305696
"15",2026-05-09,3,2026-05-30,"wk inc flu hosp","quantile",0.3,15.0110959956404
"15",2026-05-09,3,2026-05-30,"wk inc flu hosp","quantile",0.35,16.8781674021886
"15",2026-05-09,3,2026-05-30,"wk inc flu hosp","quantile",0.4,19.2299237623963
"15",2026-05-09,3,2026-05-30,"wk inc flu hosp","quantile",0.45,21.8764036935426
"15",2026-05-09,3,2026-05-30,"wk inc flu hosp","quantile",0.5,23.8608271647681
"15",2026-05-09,3,2026-05-30,"wk inc flu hosp","quantile",0.55,26.5073103906232
"15",2026-05-09,3,2026-05-30,"wk inc flu hosp","quantile",0.6,28.9980766591068
"15",2026-05-09,3,2026-05-30,"wk inc flu hosp","quantile",0.65,32.2008534284191
"15",2026-05-09,3,2026-05-30,"wk inc flu hosp","quantile",0.7,36.2360663031169
"15",2026-05-09,3,2026-05-30,"wk inc flu hosp","quantile",0.75,40.2297746095538
"15",2026-05-09,3,2026-05-30,"wk inc flu hosp","quantile",0.8,45.8141261824247
"15",2026-05-09,3,2026-05-30,"wk inc flu hosp","quantile",0.85,52.6279560454377
"15",2026-05-09,3,2026-05-30,"wk inc flu hosp","quantile",0.9,61.9436833840369
"15",2026-05-09,3,2026-05-30,"wk inc flu hosp","quantile",0.95,76.8453287212975
"15",2026-05-09,3,2026-05-30,"wk inc flu hosp","quantile",0.975,91.6389320744284
"15",2026-05-09,3,2026-05-30,"wk inc flu hosp","quantile",0.99,112.831856814422
"16",2026-05-09,0,2026-05-09,"wk inc flu hosp","quantile",0.01,0.107723279121061
"16",2026-05-09,0,2026-05-09,"wk inc flu hosp","quantile",0.025,0.438145884539921
"16",2026-05-09,0,2026-05-09,"wk inc flu hosp","quantile",0.05,0.613286535231131
"16",2026-05-09,0,2026-05-09,"wk inc flu hosp","quantile",0.1,1.2983918877986
"16",2026-05-09,0,2026-05-09,"wk inc flu hosp","quantile",0.15,2.10900952797581
"16",2026-05-09,0,2026-05-09,"wk inc flu hosp","quantile",0.2,2.71207407734518
"16",2026-05-09,0,2026-05-09,"wk inc flu hosp","quantile",0.25,3.36045101277194
"16",2026-05-09,0,2026-05-09,"wk inc flu hosp","quantile",0.3,3.88180782587688
"16",2026-05-09,0,2026-05-09,"wk inc flu hosp","quantile",0.35,4.45032228589576
"16",2026-05-09,0,2026-05-09,"wk inc flu hosp","quantile",0.4,4.88342167152354
"16",2026-05-09,0,2026-05-09,"wk inc flu hosp","quantile",0.45,5.3553756821859
"16",2026-05-09,0,2026-05-09,"wk inc flu hosp","quantile",0.5,5.80464845449361
"16",2026-05-09,0,2026-05-09,"wk inc flu hosp","quantile",0.55,6.30634007027533
"16",2026-05-09,0,2026-05-09,"wk inc flu hosp","quantile",0.6,6.86977244500214
"16",2026-05-09,0,2026-05-09,"wk inc flu hosp","quantile",0.65,7.40142544082963
"16",2026-05-09,0,2026-05-09,"wk inc flu hosp","quantile",0.7,8.00796950753659
"16",2026-05-09,0,2026-05-09,"wk inc flu hosp","quantile",0.75,8.75043689135044
"16",2026-05-09,0,2026-05-09,"wk inc flu hosp","quantile",0.8,9.58843189618828
"16",2026-05-09,0,2026-05-09,"wk inc flu hosp","quantile",0.85,10.4706637927814
"16",2026-05-09,0,2026-05-09,"wk inc flu hosp","quantile",0.9,11.9525558567413
"16",2026-05-09,0,2026-05-09,"wk inc flu hosp","quantile",0.95,13.9277667975357
"16",2026-05-09,0,2026-05-09,"wk inc flu hosp","quantile",0.975,16.2536864271327
"16",2026-05-09,0,2026-05-09,"wk inc flu hosp","quantile",0.99,19.8932502996461
"16",2026-05-09,1,2026-05-16,"wk inc flu hosp","quantile",0.01,0
"16",2026-05-09,1,2026-05-16,"wk inc flu hosp","quantile",0.025,0.151491477078825
"16",2026-05-09,1,2026-05-16,"wk inc flu hosp","quantile",0.05,0.315945272743544
"16",2026-05-09,1,2026-05-16,"wk inc flu hosp","quantile",0.1,0.794063309538145
"16",2026-05-09,1,2026-05-16,"wk inc flu hosp","quantile",0.15,1.22226656475416
"16",2026-05-09,1,2026-05-16,"wk inc flu hosp","quantile",0.2,1.62684595976919
"16",2026-05-09,1,2026-05-16,"wk inc flu hosp","quantile",0.25,2.39141559844024
"16",2026-05-09,1,2026-05-16,"wk inc flu hosp","quantile",0.3,3.07256218136045
"16",2026-05-09,1,2026-05-16,"wk inc flu hosp","quantile",0.35,3.75894250408779
"16",2026-05-09,1,2026-05-16,"wk inc flu hosp","quantile",0.4,4.46137400163589
"16",2026-05-09,1,2026-05-16,"wk inc flu hosp","quantile",0.45,5.03084939231527
"16",2026-05-09,1,2026-05-16,"wk inc flu hosp","quantile",0.5,5.74654281524956
"16",2026-05-09,1,2026-05-16,"wk inc flu hosp","quantile",0.55,6.53518065661168
"16",2026-05-09,1,2026-05-16,"wk inc flu hosp","quantile",0.6,7.33856607240082
"16",2026-05-09,1,2026-05-16,"wk inc flu hosp","quantile",0.65,8.1614487271568
"16",2026-05-09,1,2026-05-16,"wk inc flu hosp","quantile",0.7,9.13889123655074
"16",2026-05-09,1,2026-05-16,"wk inc flu hosp","quantile",0.75,10.3368411195839
"16",2026-05-09,1,2026-05-16,"wk inc flu hosp","quantile",0.8,11.932042883775
"16",2026-05-09,1,2026-05-16,"wk inc flu hosp","quantile",0.85,13.4202685882409
"16",2026-05-09,1,2026-05-16,"wk inc flu hosp","quantile",0.9,15.4883338812572
"16",2026-05-09,1,2026-05-16,"wk inc flu hosp","quantile",0.95,19.130940473275
"16",2026-05-09,1,2026-05-16,"wk inc flu hosp","quantile",0.975,22.2795078790422
"16",2026-05-09,1,2026-05-16,"wk inc flu hosp","quantile",0.99,27.9428792692378
"16",2026-05-09,2,2026-05-23,"wk inc flu hosp","quantile",0.01,0
"16",2026-05-09,2,2026-05-23,"wk inc flu hosp","quantile",0.025,0
"16",2026-05-09,2,2026-05-23,"wk inc flu hosp","quantile",0.05,0.0271517654754868
"16",2026-05-09,2,2026-05-23,"wk inc flu hosp","quantile",0.1,0.596550690107789
"16",2026-05-09,2,2026-05-23,"wk inc flu hosp","quantile",0.15,0.960933706494129
"16",2026-05-09,2,2026-05-23,"wk inc flu hosp","quantile",0.2,1.26472271384279
"16",2026-05-09,2,2026-05-23,"wk inc flu hosp","quantile",0.25,1.53990716399186
"16",2026-05-09,2,2026-05-23,"wk inc flu hosp","quantile",0.3,2.52305568345302
"16",2026-05-09,2,2026-05-23,"wk inc flu hosp","quantile",0.35,3.35006013104985
"16",2026-05-09,2,2026-05-23,"wk inc flu hosp","quantile",0.4,4.17321967297772
"16",2026-05-09,2,2026-05-23,"wk inc flu hosp","quantile",0.45,4.99226157987479
"16",2026-05-09,2,2026-05-23,"wk inc flu hosp","quantile",0.5,5.68549791459054
"16",2026-05-09,2,2026-05-23,"wk inc flu hosp","quantile",0.55,6.75503240075021
"16",2026-05-09,2,2026-05-23,"wk inc flu hosp","quantile",0.6,7.9313184572468
"16",2026-05-09,2,2026-05-23,"wk inc flu hosp","quantile",0.65,9.09285986197941
"16",2026-05-09,2,2026-05-23,"wk inc flu hosp","quantile",0.7,10.5945071677206
"16",2026-05-09,2,2026-05-23,"wk inc flu hosp","quantile",0.75,12.0481625681387
"16",2026-05-09,2,2026-05-23,"wk inc flu hosp","quantile",0.8,14.2272510622347
"16",2026-05-09,2,2026-05-23,"wk inc flu hosp","quantile",0.85,16.485403907439
"16",2026-05-09,2,2026-05-23,"wk inc flu hosp","quantile",0.9,20.5018767633671
"16",2026-05-09,2,2026-05-23,"wk inc flu hosp","quantile",0.95,26.0921748008963
"16",2026-05-09,2,2026-05-23,"wk inc flu hosp","quantile",0.975,31.0747182539309
"16",2026-05-09,2,2026-05-23,"wk inc flu hosp","quantile",0.99,38.7080509203162
"16",2026-05-09,3,2026-05-30,"wk inc flu hosp","quantile",0.01,0
"16",2026-05-09,3,2026-05-30,"wk inc flu hosp","quantile",0.025,0
"16",2026-05-09,3,2026-05-30,"wk inc flu hosp","quantile",0.05,0
"16",2026-05-09,3,2026-05-30,"wk inc flu hosp","quantile",0.1,0.406868799998675
"16",2026-05-09,3,2026-05-30,"wk inc flu hosp","quantile",0.15,0.78012882641439
"16",2026-05-09,3,2026-05-30,"wk inc flu hosp","quantile",0.2,1.06866855722988
"16",2026-05-09,3,2026-05-30,"wk inc flu hosp","quantile",0.25,1.37798012388045
"16",2026-05-09,3,2026-05-30,"wk inc flu hosp","quantile",0.3,2.31071270524657
"16",2026-05-09,3,2026-05-30,"wk inc flu hosp","quantile",0.35,3.26434685723128
"16",2026-05-09,3,2026-05-30,"wk inc flu hosp","quantile",0.4,4.30129636436378
"16",2026-05-09,3,2026-05-30,"wk inc flu hosp","quantile",0.45,5.34650767643062
"16",2026-05-09,3,2026-05-30,"wk inc flu hosp","quantile",0.5,6.44744580372393
"16",2026-05-09,3,2026-05-30,"wk inc flu hosp","quantile",0.55,7.68839839713168
"16",2026-05-09,3,2026-05-30,"wk inc flu hosp","quantile",0.6,8.96524972636951
"16",2026-05-09,3,2026-05-30,"wk inc flu hosp","quantile",0.65,10.6088093910285
"16",2026-05-09,3,2026-05-30,"wk inc flu hosp","quantile",0.7,12.3205826264563
"16",2026-05-09,3,2026-05-30,"wk inc flu hosp","quantile",0.75,14.4045606006025
"16",2026-05-09,3,2026-05-30,"wk inc flu hosp","quantile",0.8,16.626701264951
"16",2026-05-09,3,2026-05-30,"wk inc flu hosp","quantile",0.85,19.5751325195119
"16",2026-05-09,3,2026-05-30,"wk inc flu hosp","quantile",0.9,24.3923532167319
"16",2026-05-09,3,2026-05-30,"wk inc flu hosp","quantile",0.95,32.8258366503733
"16",2026-05-09,3,2026-05-30,"wk inc flu hosp","quantile",0.975,41.4285564734716
"16",2026-05-09,3,2026-05-30,"wk inc flu hosp","quantile",0.99,56.0036159071051
"17",2026-05-09,0,2026-05-09,"wk inc flu hosp","quantile",0.01,0
"17",2026-05-09,0,2026-05-09,"wk inc flu hosp","quantile",0.025,1.91485414802283
"17",2026-05-09,0,2026-05-09,"wk inc flu hosp","quantile",0.05,3.38487129087268
"17",2026-05-09,0,2026-05-09,"wk inc flu hosp","quantile",0.1,4.8355926621653
"17",2026-05-09,0,2026-05-09,"wk inc flu hosp","quantile",0.15,6.82082625052683
"17",2026-05-09,0,2026-05-09,"wk inc flu hosp","quantile",0.2,8.87227664624317
"17",2026-05-09,0,2026-05-09,"wk inc flu hosp","quantile",0.25,11.5783784368646
"17",2026-05-09,0,2026-05-09,"wk inc flu hosp","quantile",0.3,14.1340434107864
"17",2026-05-09,0,2026-05-09,"wk inc flu hosp","quantile",0.35,16.5971785085052
"17",2026-05-09,0,2026-05-09,"wk inc flu hosp","quantile",0.4,18.9409350128856
"17",2026-05-09,0,2026-05-09,"wk inc flu hosp","quantile",0.45,20.6383667000153
"17",2026-05-09,0,2026-05-09,"wk inc flu hosp","quantile",0.5,22.244468467217
"17",2026-05-09,0,2026-05-09,"wk inc flu hosp","quantile",0.55,23.8115618538034
"17",2026-05-09,0,2026-05-09,"wk inc flu hosp","quantile",0.6,25.9110358885837
"17",2026-05-09,0,2026-05-09,"wk inc flu hosp","quantile",0.65,27.9645750677297
"17",2026-05-09,0,2026-05-09,"wk inc flu hosp","quantile",0.7,30.4940409852453
"17",2026-05-09,0,2026-05-09,"wk inc flu hosp","quantile",0.75,33.0459336743475
"17",2026-05-09,0,2026-05-09,"wk inc flu hosp","quantile",0.8,35.8689624100043
"17",2026-05-09,0,2026-05-09,"wk inc flu hosp","quantile",0.85,38.3024614623615
"17",2026-05-09,0,2026-05-09,"wk inc flu hosp","quantile",0.9,42.4216638035904
"17",2026-05-09,0,2026-05-09,"wk inc flu hosp","quantile",0.95,48.8659565493188
"17",2026-05-09,0,2026-05-09,"wk inc flu hosp","quantile",0.975,55.3740253253012
"17",2026-05-09,0,2026-05-09,"wk inc flu hosp","quantile",0.99,67.2708901133775
"17",2026-05-09,1,2026-05-16,"wk inc flu hosp","quantile",0.01,0
"17",2026-05-09,1,2026-05-16,"wk inc flu hosp","quantile",0.025,0.304794009417501
"17",2026-05-09,1,2026-05-16,"wk inc flu hosp","quantile",0.05,2.02364952494194
"17",2026-05-09,1,2026-05-16,"wk inc flu hosp","quantile",0.1,3.73263848964832
"17",2026-05-09,1,2026-05-16,"wk inc flu hosp","quantile",0.15,5.39429522450249
"17",2026-05-09,1,2026-05-16,"wk inc flu hosp","quantile",0.2,6.29197197058582
"17",2026-05-09,1,2026-05-16,"wk inc flu hosp","quantile",0.25,7.89369477365258
"17",2026-05-09,1,2026-05-16,"wk inc flu hosp","quantile",0.3,9.6904835141046
"17",2026-05-09,1,2026-05-16,"wk inc flu hosp","quantile",0.35,12.555806659073
"17",2026-05-09,1,2026-05-16,"wk inc flu hosp","quantile",0.4,14.8773259980454
"17",2026-05-09,1,2026-05-16,"wk inc flu hosp","quantile",0.45,17.3948090598077
"17",2026-05-09,1,2026-05-16,"wk inc flu hosp","quantile",0.5,19.4815804291922
"17",2026-05-09,1,2026-05-16,"wk inc flu hosp","quantile",0.55,21.9619071993663
"17",2026-05-09,1,2026-05-16,"wk inc flu hosp","quantile",0.6,24.8508244005376
"17",2026-05-09,1,2026-05-16,"wk inc flu hosp","quantile",0.65,27.6981195623329
"17",2026-05-09,1,2026-05-16,"wk inc flu hosp","quantile",0.7,31.1855022422261
"17",2026-05-09,1,2026-05-16,"wk inc flu hosp","quantile",0.75,35.0370046890554
"17",2026-05-09,1,2026-05-16,"wk inc flu hosp","quantile",0.8,39.4604265573969
"17",2026-05-09,1,2026-05-16,"wk inc flu hosp","quantile",0.85,44.4231254557837
"17",2026-05-09,1,2026-05-16,"wk inc flu hosp","quantile",0.9,50.687120450052
"17",2026-05-09,1,2026-05-16,"wk inc flu hosp","quantile",0.95,60.9807253897972
"17",2026-05-09,1,2026-05-16,"wk inc flu hosp","quantile",0.975,69.5579982293213
"17",2026-05-09,1,2026-05-16,"wk inc flu hosp","quantile",0.99,87.028842168119
"17",2026-05-09,2,2026-05-23,"wk inc flu hosp","quantile",0.01,0
"17",2026-05-09,2,2026-05-23,"wk inc flu hosp","quantile",0.025,0
"17",2026-05-09,2,2026-05-23,"wk inc flu hosp","quantile",0.05,0.574477165707994
"17",2026-05-09,2,2026-05-23,"wk inc flu hosp","quantile",0.1,2.81571745290873
"17",2026-05-09,2,2026-05-23,"wk inc flu hosp","quantile",0.15,4.42505120399296
"17",2026-05-09,2,2026-05-23,"wk inc flu hosp","quantile",0.2,5.88917714594386
"17",2026-05-09,2,2026-05-23,"wk inc flu hosp","quantile",0.25,7.22440474491974
"17",2026-05-09,2,2026-05-23,"wk inc flu hosp","quantile",0.3,8.29242132753405
"17",2026-05-09,2,2026-05-23,"wk inc flu hosp","quantile",0.35,11.7320252492644
"17",2026-05-09,2,2026-05-23,"wk inc flu hosp","quantile",0.4,14.5967642566039
"17",2026-05-09,2,2026-05-23,"wk inc flu hosp","quantile",0.45,17.667665748684
"17",2026-05-09,2,2026-05-23,"wk inc flu hosp","quantile",0.5,20.9422093959095
"17",2026-05-09,2,2026-05-23,"wk inc flu hosp","quantile",0.55,23.8921592061909
"17",2026-05-09,2,2026-05-23,"wk inc flu hosp","quantile",0.6,27.7717010231147
"17",2026-05-09,2,2026-05-23,"wk inc flu hosp","quantile",0.65,31.4099615444764
"17",2026-05-09,2,2026-05-23,"wk inc flu hosp","quantile",0.7,35.2400226069808
"17",2026-05-09,2,2026-05-23,"wk inc flu hosp","quantile",0.75,39.5633704203779
"17",2026-05-09,2,2026-05-23,"wk inc flu hosp","quantile",0.8,45.8074959371783
"17",2026-05-09,2,2026-05-23,"wk inc flu hosp","quantile",0.85,51.4423549703482
"17",2026-05-09,2,2026-05-23,"wk inc flu hosp","quantile",0.9,60.02750179593
"17",2026-05-09,2,2026-05-23,"wk inc flu hosp","quantile",0.95,75.5902728736651
"17",2026-05-09,2,2026-05-23,"wk inc flu hosp","quantile",0.975,91.4514188261129
"17",2026-05-09,2,2026-05-23,"wk inc flu hosp","quantile",0.99,118.457276134846
"17",2026-05-09,3,2026-05-30,"wk inc flu hosp","quantile",0.01,0
"17",2026-05-09,3,2026-05-30,"wk inc flu hosp","quantile",0.025,0
"17",2026-05-09,3,2026-05-30,"wk inc flu hosp","quantile",0.05,0
"17",2026-05-09,3,2026-05-30,"wk inc flu hosp","quantile",0.1,1.51989965888719
"17",2026-05-09,3,2026-05-30,"wk inc flu hosp","quantile",0.15,3.31006743963655
"17",2026-05-09,3,2026-05-30,"wk inc flu hosp","quantile",0.2,4.57636235018674
"17",2026-05-09,3,2026-05-30,"wk inc flu hosp","quantile",0.25,6.00280177977798
"17",2026-05-09,3,2026-05-30,"wk inc flu hosp","quantile",0.3,7.3499710782277
"17",2026-05-09,3,2026-05-30,"wk inc flu hosp","quantile",0.35,11.0130491100623
"17",2026-05-09,3,2026-05-30,"wk inc flu hosp","quantile",0.4,14.2258214437338
"17",2026-05-09,3,2026-05-30,"wk inc flu hosp","quantile",0.45,17.9366888831303
"17",2026-05-09,3,2026-05-30,"wk inc flu hosp","quantile",0.5,21.5375966506661
"17",2026-05-09,3,2026-05-30,"wk inc flu hosp","quantile",0.55,25.2282140055677
"17",2026-05-09,3,2026-05-30,"wk inc flu hosp","quantile",0.6,30.6703089593025
"17",2026-05-09,3,2026-05-30,"wk inc flu hosp","quantile",0.65,35.3361776673899
"17",2026-05-09,3,2026-05-30,"wk inc flu hosp","quantile",0.7,40.5320024968856
"17",2026-05-09,3,2026-05-30,"wk inc flu hosp","quantile",0.75,45.7071890110213
"17",2026-05-09,3,2026-05-30,"wk inc flu hosp","quantile",0.8,53.4995895370779
"17",2026-05-09,3,2026-05-30,"wk inc flu hosp","quantile",0.85,61.557072084923
"17",2026-05-09,3,2026-05-30,"wk inc flu hosp","quantile",0.9,73.0923848345593
"17",2026-05-09,3,2026-05-30,"wk inc flu hosp","quantile",0.95,92.3941810887569
"17",2026-05-09,3,2026-05-30,"wk inc flu hosp","quantile",0.975,115.189237245293
"17",2026-05-09,3,2026-05-30,"wk inc flu hosp","quantile",0.99,152.881641983478
"18",2026-05-09,0,2026-05-09,"wk inc flu hosp","quantile",0.01,0.196525470362049
"18",2026-05-09,0,2026-05-09,"wk inc flu hosp","quantile",0.025,2.44317966610118
"18",2026-05-09,0,2026-05-09,"wk inc flu hosp","quantile",0.05,3.60452848496459
"18",2026-05-09,0,2026-05-09,"wk inc flu hosp","quantile",0.1,6.36686644532823
"18",2026-05-09,0,2026-05-09,"wk inc flu hosp","quantile",0.15,8.39562016297308
"18",2026-05-09,0,2026-05-09,"wk inc flu hosp","quantile",0.2,10.1658514991308
"18",2026-05-09,0,2026-05-09,"wk inc flu hosp","quantile",0.25,11.721400457797
"18",2026-05-09,0,2026-05-09,"wk inc flu hosp","quantile",0.3,13.2892991716365
"18",2026-05-09,0,2026-05-09,"wk inc flu hosp","quantile",0.35,14.8059406396431
"18",2026-05-09,0,2026-05-09,"wk inc flu hosp","quantile",0.4,16.3539341825806
"18",2026-05-09,0,2026-05-09,"wk inc flu hosp","quantile",0.45,17.5136811133203
"18",2026-05-09,0,2026-05-09,"wk inc flu hosp","quantile",0.5,18.3750860840919
"18",2026-05-09,0,2026-05-09,"wk inc flu hosp","quantile",0.55,19.6707330809271
"18",2026-05-09,0,2026-05-09,"wk inc flu hosp","quantile",0.6,21.0614186427185
"18",2026-05-09,0,2026-05-09,"wk inc flu hosp","quantile",0.65,22.3560500518977
"18",2026-05-09,0,2026-05-09,"wk inc flu hosp","quantile",0.7,23.9932649834792
"18",2026-05-09,0,2026-05-09,"wk inc flu hosp","quantile",0.75,25.8685892806751
"18",2026-05-09,0,2026-05-09,"wk inc flu hosp","quantile",0.8,27.7286822902493
"18",2026-05-09,0,2026-05-09,"wk inc flu hosp","quantile",0.85,30.2892521030416
"18",2026-05-09,0,2026-05-09,"wk inc flu hosp","quantile",0.9,32.4228396731183
"18",2026-05-09,0,2026-05-09,"wk inc flu hosp","quantile",0.95,37.8532692365961
"18",2026-05-09,0,2026-05-09,"wk inc flu hosp","quantile",0.975,43.7645165057732
"18",2026-05-09,0,2026-05-09,"wk inc flu hosp","quantile",0.99,55.3889576502653
"18",2026-05-09,1,2026-05-16,"wk inc flu hosp","quantile",0.01,0
"18",2026-05-09,1,2026-05-16,"wk inc flu hosp","quantile",0.025,1.4529088827389
"18",2026-05-09,1,2026-05-16,"wk inc flu hosp","quantile",0.05,2.31234283942474
"18",2026-05-09,1,2026-05-16,"wk inc flu hosp","quantile",0.1,3.38888308765911
"18",2026-05-09,1,2026-05-16,"wk inc flu hosp","quantile",0.15,5.69602648586662
"18",2026-05-09,1,2026-05-16,"wk inc flu hosp","quantile",0.2,7.89273004172313
"18",2026-05-09,1,2026-05-16,"wk inc flu hosp","quantile",0.25,10.1476971652998
"18",2026-05-09,1,2026-05-16,"wk inc flu hosp","quantile",0.3,11.8579508624373
"18",2026-05-09,1,2026-05-16,"wk inc flu hosp","quantile",0.35,13.9615701887849
"18",2026-05-09,1,2026-05-16,"wk inc flu hosp","quantile",0.4,15.862204856068
"18",2026-05-09,1,2026-05-16,"wk inc flu hosp","quantile",0.45,17.6287972809759
"18",2026-05-09,1,2026-05-16,"wk inc flu hosp","quantile",0.5,19.4286586696131
"18",2026-05-09,1,2026-05-16,"wk inc flu hosp","quantile",0.55,21.2908386838551
"18",2026-05-09,1,2026-05-16,"wk inc flu hosp","quantile",0.6,23.3745294947766
"18",2026-05-09,1,2026-05-16,"wk inc flu hosp","quantile",0.65,25.3622212534776
"18",2026-05-09,1,2026-05-16,"wk inc flu hosp","quantile",0.7,27.6989205091044
"18",2026-05-09,1,2026-05-16,"wk inc flu hosp","quantile",0.75,30.5144174541722
"18",2026-05-09,1,2026-05-16,"wk inc flu hosp","quantile",0.8,33.4858530649277
"18",2026-05-09,1,2026-05-16,"wk inc flu hosp","quantile",0.85,37.6290434103981
"18",2026-05-09,1,2026-05-16,"wk inc flu hosp","quantile",0.9,42.2296872513012
"18",2026-05-09,1,2026-05-16,"wk inc flu hosp","quantile",0.95,52.0281746633962
"18",2026-05-09,1,2026-05-16,"wk inc flu hosp","quantile",0.975,60.2013022174547
"18",2026-05-09,1,2026-05-16,"wk inc flu hosp","quantile",0.99,81.2386949669868
"18",2026-05-09,2,2026-05-23,"wk inc flu hosp","quantile",0.01,0
"18",2026-05-09,2,2026-05-23,"wk inc flu hosp","quantile",0.025,0.613506499686369
"18",2026-05-09,2,2026-05-23,"wk inc flu hosp","quantile",0.05,1.45612876218457
"18",2026-05-09,2,2026-05-23,"wk inc flu hosp","quantile",0.1,2.92670923016368
"18",2026-05-09,2,2026-05-23,"wk inc flu hosp","quantile",0.15,3.9525620943945
"18",2026-05-09,2,2026-05-23,"wk inc flu hosp","quantile",0.2,6.78308876818052
"18",2026-05-09,2,2026-05-23,"wk inc flu hosp","quantile",0.25,9.7173794273368
"18",2026-05-09,2,2026-05-23,"wk inc flu hosp","quantile",0.3,11.9552039396526
"18",2026-05-09,2,2026-05-23,"wk inc flu hosp","quantile",0.35,14.5518157760064
"18",2026-05-09,2,2026-05-23,"wk inc flu hosp","quantile",0.4,16.580607419841
"18",2026-05-09,2,2026-05-23,"wk inc flu hosp","quantile",0.45,18.8991873370719
"18",2026-05-09,2,2026-05-23,"wk inc flu hosp","quantile",0.5,21.0967132985753
"18",2026-05-09,2,2026-05-23,"wk inc flu hosp","quantile",0.55,23.573170145105
"18",2026-05-09,2,2026-05-23,"wk inc flu hosp","quantile",0.6,26.6644384254624
"18",2026-05-09,2,2026-05-23,"wk inc flu hosp","quantile",0.65,29.5009281158573
"18",2026-05-09,2,2026-05-23,"wk inc flu hosp","quantile",0.7,32.8337111900707
"18",2026-05-09,2,2026-05-23,"wk inc flu hosp","quantile",0.75,37.1695115754797
"18",2026-05-09,2,2026-05-23,"wk inc flu hosp","quantile",0.8,41.6230256471983
"18",2026-05-09,2,2026-05-23,"wk inc flu hosp","quantile",0.85,47.5971957930135
"18",2026-05-09,2,2026-05-23,"wk inc flu hosp","quantile",0.9,55.0638434058066
"18",2026-05-09,2,2026-05-23,"wk inc flu hosp","quantile",0.95,68.7838611491837
"18",2026-05-09,2,2026-05-23,"wk inc flu hosp","quantile",0.975,82.1893398006724
"18",2026-05-09,2,2026-05-23,"wk inc flu hosp","quantile",0.99,109.686255324607
"18",2026-05-09,3,2026-05-30,"wk inc flu hosp","quantile",0.01,0
"18",2026-05-09,3,2026-05-30,"wk inc flu hosp","quantile",0.025,0
"18",2026-05-09,3,2026-05-30,"wk inc flu hosp","quantile",0.05,0.750397933448367
"18",2026-05-09,3,2026-05-30,"wk inc flu hosp","quantile",0.1,2.17854506998365
"18",2026-05-09,3,2026-05-30,"wk inc flu hosp","quantile",0.15,3.19520400574894
"18",2026-05-09,3,2026-05-30,"wk inc flu hosp","quantile",0.2,6.33790030458922
"18",2026-05-09,3,2026-05-30,"wk inc flu hosp","quantile",0.25,9.32362904599132
"18",2026-05-09,3,2026-05-30,"wk inc flu hosp","quantile",0.3,12.2032528774359
"18",2026-05-09,3,2026-05-30,"wk inc flu hosp","quantile",0.35,14.8403150809881
"18",2026-05-09,3,2026-05-30,"wk inc flu hosp","quantile",0.4,17.3502547875227
"18",2026-05-09,3,2026-05-30,"wk inc flu hosp","quantile",0.45,20.4108415800806
"18",2026-05-09,3,2026-05-30,"wk inc flu hosp","quantile",0.5,23.1419897672657
"18",2026-05-09,3,2026-05-30,"wk inc flu hosp","quantile",0.55,26.1714535299555
"18",2026-05-09,3,2026-05-30,"wk inc flu hosp","quantile",0.6,29.7885763673947
"18",2026-05-09,3,2026-05-30,"wk inc flu hosp","quantile",0.65,33.7372299936017
"18",2026-05-09,3,2026-05-30,"wk inc flu hosp","quantile",0.7,38.870557221179
"18",2026-05-09,3,2026-05-30,"wk inc flu hosp","quantile",0.75,44.3069027246146
"18",2026-05-09,3,2026-05-30,"wk inc flu hosp","quantile",0.8,50.9512562598411
"18",2026-05-09,3,2026-05-30,"wk inc flu hosp","quantile",0.85,59.4976597222831
"18",2026-05-09,3,2026-05-30,"wk inc flu hosp","quantile",0.9,68.3854845248976
"18",2026-05-09,3,2026-05-30,"wk inc flu hosp","quantile",0.95,87.2958125487245
"18",2026-05-09,3,2026-05-30,"wk inc flu hosp","quantile",0.975,104.263816602928
"18",2026-05-09,3,2026-05-30,"wk inc flu hosp","quantile",0.99,146.332490394315
"19",2026-05-09,0,2026-05-09,"wk inc flu hosp","quantile",0.01,0
"19",2026-05-09,0,2026-05-09,"wk inc flu hosp","quantile",0.025,0.772585907494637
"19",2026-05-09,0,2026-05-09,"wk inc flu hosp","quantile",0.05,1.51037965344247
"19",2026-05-09,0,2026-05-09,"wk inc flu hosp","quantile",0.1,2.98013844695035
"19",2026-05-09,0,2026-05-09,"wk inc flu hosp","quantile",0.15,3.89497231608496
"19",2026-05-09,0,2026-05-09,"wk inc flu hosp","quantile",0.2,4.67178528234016
"19",2026-05-09,0,2026-05-09,"wk inc flu hosp","quantile",0.25,5.56225944073792
"19",2026-05-09,0,2026-05-09,"wk inc flu hosp","quantile",0.3,6.39544041196261
"19",2026-05-09,0,2026-05-09,"wk inc flu hosp","quantile",0.35,7.02755258089657
"19",2026-05-09,0,2026-05-09,"wk inc flu hosp","quantile",0.4,7.86871807821925
"19",2026-05-09,0,2026-05-09,"wk inc flu hosp","quantile",0.45,8.69636025852947
"19",2026-05-09,0,2026-05-09,"wk inc flu hosp","quantile",0.5,9.27644990241453
"19",2026-05-09,0,2026-05-09,"wk inc flu hosp","quantile",0.55,9.96335510119085
"19",2026-05-09,0,2026-05-09,"wk inc flu hosp","quantile",0.6,10.7146288432798
"19",2026-05-09,0,2026-05-09,"wk inc flu hosp","quantile",0.65,11.51859381371
"19",2026-05-09,0,2026-05-09,"wk inc flu hosp","quantile",0.7,12.3577445537721
"19",2026-05-09,0,2026-05-09,"wk inc flu hosp","quantile",0.75,13.2757579933359
"19",2026-05-09,0,2026-05-09,"wk inc flu hosp","quantile",0.8,14.4318554888267
"19",2026-05-09,0,2026-05-09,"wk inc flu hosp","quantile",0.85,15.6753628275125
"19",2026-05-09,0,2026-05-09,"wk inc flu hosp","quantile",0.9,17.3780019776883
"19",2026-05-09,0,2026-05-09,"wk inc flu hosp","quantile",0.95,19.8824201253189
"19",2026-05-09,0,2026-05-09,"wk inc flu hosp","quantile",0.975,23.2133687320162
"19",2026-05-09,0,2026-05-09,"wk inc flu hosp","quantile",0.99,27.2225595535469
"19",2026-05-09,1,2026-05-16,"wk inc flu hosp","quantile",0.01,0
"19",2026-05-09,1,2026-05-16,"wk inc flu hosp","quantile",0.025,0.115431377148583
"19",2026-05-09,1,2026-05-16,"wk inc flu hosp","quantile",0.05,0.523349131201288
"19",2026-05-09,1,2026-05-16,"wk inc flu hosp","quantile",0.1,1.28608798224066
"19",2026-05-09,1,2026-05-16,"wk inc flu hosp","quantile",0.15,2.05617491406215
"19",2026-05-09,1,2026-05-16,"wk inc flu hosp","quantile",0.2,2.90261130492252
"19",2026-05-09,1,2026-05-16,"wk inc flu hosp","quantile",0.25,3.99167509181647
"19",2026-05-09,1,2026-05-16,"wk inc flu hosp","quantile",0.3,5.096497179385
"19",2026-05-09,1,2026-05-16,"wk inc flu hosp","quantile",0.35,5.98184356781903
"19",2026-05-09,1,2026-05-16,"wk inc flu hosp","quantile",0.4,6.92417514032306
"19",2026-05-09,1,2026-05-16,"wk inc flu hosp","quantile",0.45,7.95260892113489
"19",2026-05-09,1,2026-05-16,"wk inc flu hosp","quantile",0.5,9.0058568264464
"19",2026-05-09,1,2026-05-16,"wk inc flu hosp","quantile",0.55,9.99341066463236
"19",2026-05-09,1,2026-05-16,"wk inc flu hosp","quantile",0.6,11.1121985496288
"19",2026-05-09,1,2026-05-16,"wk inc flu hosp","quantile",0.65,12.2373395015943
"19",2026-05-09,1,2026-05-16,"wk inc flu hosp","quantile",0.7,13.3669586763482
"19",2026-05-09,1,2026-05-16,"wk inc flu hosp","quantile",0.75,14.7547231975739
"19",2026-05-09,1,2026-05-16,"wk inc flu hosp","quantile",0.8,16.5395941557988
"19",2026-05-09,1,2026-05-16,"wk inc flu hosp","quantile",0.85,18.8606553514582
"19",2026-05-09,1,2026-05-16,"wk inc flu hosp","quantile",0.9,21.5488182137556
"19",2026-05-09,1,2026-05-16,"wk inc flu hosp","quantile",0.95,26.5416438901091
"19",2026-05-09,1,2026-05-16,"wk inc flu hosp","quantile",0.975,31.133979106914
"19",2026-05-09,1,2026-05-16,"wk inc flu hosp","quantile",0.99,37.997015543467
"19",2026-05-09,2,2026-05-23,"wk inc flu hosp","quantile",0.01,0
"19",2026-05-09,2,2026-05-23,"wk inc flu hosp","quantile",0.025,0
"19",2026-05-09,2,2026-05-23,"wk inc flu hosp","quantile",0.05,0.0717525486131886
"19",2026-05-09,2,2026-05-23,"wk inc flu hosp","quantile",0.1,0.834929604674697
"19",2026-05-09,2,2026-05-23,"wk inc flu hosp","quantile",0.15,1.30727529201569
"19",2026-05-09,2,2026-05-23,"wk inc flu hosp","quantile",0.2,2.13610761123233
"19",2026-05-09,2,2026-05-23,"wk inc flu hosp","quantile",0.25,3.40151424133079
"19",2026-05-09,2,2026-05-23,"wk inc flu hosp","quantile",0.3,4.51052126979029
"19",2026-05-09,2,2026-05-23,"wk inc flu hosp","quantile",0.35,5.41597152191378
"19",2026-05-09,2,2026-05-23,"wk inc flu hosp","quantile",0.4,6.52011430974638
"19",2026-05-09,2,2026-05-23,"wk inc flu hosp","quantile",0.45,7.92226475402334
"19",2026-05-09,2,2026-05-23,"wk inc flu hosp","quantile",0.5,9.03554502903859
"19",2026-05-09,2,2026-05-23,"wk inc flu hosp","quantile",0.55,10.4244946096922
"19",2026-05-09,2,2026-05-23,"wk inc flu hosp","quantile",0.6,11.8756310335913
"19",2026-05-09,2,2026-05-23,"wk inc flu hosp","quantile",0.65,13.6634094632263
"19",2026-05-09,2,2026-05-23,"wk inc flu hosp","quantile",0.7,15.3046196481336
"19",2026-05-09,2,2026-05-23,"wk inc flu hosp","quantile",0.75,17.4021831803363
"19",2026-05-09,2,2026-05-23,"wk inc flu hosp","quantile",0.8,19.815672772255
"19",2026-05-09,2,2026-05-23,"wk inc flu hosp","quantile",0.85,22.8901696348609
"19",2026-05-09,2,2026-05-23,"wk inc flu hosp","quantile",0.9,27.0633449896936
"19",2026-05-09,2,2026-05-23,"wk inc flu hosp","quantile",0.95,33.7148439649563
"19",2026-05-09,2,2026-05-23,"wk inc flu hosp","quantile",0.975,40.7034376153054
"19",2026-05-09,2,2026-05-23,"wk inc flu hosp","quantile",0.99,52.1537637992506
"19",2026-05-09,3,2026-05-30,"wk inc flu hosp","quantile",0.01,0
"19",2026-05-09,3,2026-05-30,"wk inc flu hosp","quantile",0.025,0
"19",2026-05-09,3,2026-05-30,"wk inc flu hosp","quantile",0.05,0
"19",2026-05-09,3,2026-05-30,"wk inc flu hosp","quantile",0.1,0.46954394156017
"19",2026-05-09,3,2026-05-30,"wk inc flu hosp","quantile",0.15,0.903965953372513
"19",2026-05-09,3,2026-05-30,"wk inc flu hosp","quantile",0.2,1.59961707255001
"19",2026-05-09,3,2026-05-30,"wk inc flu hosp","quantile",0.25,2.96922927714493
"19",2026-05-09,3,2026-05-30,"wk inc flu hosp","quantile",0.3,4.31699386007553
"19",2026-05-09,3,2026-05-30,"wk inc flu hosp","quantile",0.35,5.56546846471302
"19",2026-05-09,3,2026-05-30,"wk inc flu hosp","quantile",0.4,6.80679054966323
"19",2026-05-09,3,2026-05-30,"wk inc flu hosp","quantile",0.45,8.35381165816946
"19",2026-05-09,3,2026-05-30,"wk inc flu hosp","quantile",0.5,9.76856790958576
"19",2026-05-09,3,2026-05-30,"wk inc flu hosp","quantile",0.55,11.3810673117923
"19",2026-05-09,3,2026-05-30,"wk inc flu hosp","quantile",0.6,13.3247970626408
"19",2026-05-09,3,2026-05-30,"wk inc flu hosp","quantile",0.65,15.3081151653225
"19",2026-05-09,3,2026-05-30,"wk inc flu hosp","quantile",0.7,17.8277296161689
"19",2026-05-09,3,2026-05-30,"wk inc flu hosp","quantile",0.75,20.5204971854657
"19",2026-05-09,3,2026-05-30,"wk inc flu hosp","quantile",0.8,23.4858375580969
"19",2026-05-09,3,2026-05-30,"wk inc flu hosp","quantile",0.85,27.895467306773
"19",2026-05-09,3,2026-05-30,"wk inc flu hosp","quantile",0.9,33.634164644653
"19",2026-05-09,3,2026-05-30,"wk inc flu hosp","quantile",0.95,42.7596773566824
"19",2026-05-09,3,2026-05-30,"wk inc flu hosp","quantile",0.975,50.9525292823235
"19",2026-05-09,3,2026-05-30,"wk inc flu hosp","quantile",0.99,64.7175332339153
"20",2026-05-09,0,2026-05-09,"wk inc flu hosp","quantile",0.01,0
"20",2026-05-09,0,2026-05-09,"wk inc flu hosp","quantile",0.025,0
"20",2026-05-09,0,2026-05-09,"wk inc flu hosp","quantile",0.05,0
"20",2026-05-09,0,2026-05-09,"wk inc flu hosp","quantile",0.1,0
"20",2026-05-09,0,2026-05-09,"wk inc flu hosp","quantile",0.15,0.124153632992497
"20",2026-05-09,0,2026-05-09,"wk inc flu hosp","quantile",0.2,0.353106212323336
"20",2026-05-09,0,2026-05-09,"wk inc flu hosp","quantile",0.25,0.639810474079657
"20",2026-05-09,0,2026-05-09,"wk inc flu hosp","quantile",0.3,0.976823680983839
"20",2026-05-09,0,2026-05-09,"wk inc flu hosp","quantile",0.35,1.5920449694568
"20",2026-05-09,0,2026-05-09,"wk inc flu hosp","quantile",0.4,2.22918343589019
"20",2026-05-09,0,2026-05-09,"wk inc flu hosp","quantile",0.45,2.72552419135775
"20",2026-05-09,0,2026-05-09,"wk inc flu hosp","quantile",0.5,3.04578927999724
"20",2026-05-09,0,2026-05-09,"wk inc flu hosp","quantile",0.55,3.46280192535019
"20",2026-05-09,0,2026-05-09,"wk inc flu hosp","quantile",0.6,3.91648946282192
"20",2026-05-09,0,2026-05-09,"wk inc flu hosp","quantile",0.65,4.66096058588598
"20",2026-05-09,0,2026-05-09,"wk inc flu hosp","quantile",0.7,5.28762816397379
"20",2026-05-09,0,2026-05-09,"wk inc flu hosp","quantile",0.75,5.7758582453902
"20",2026-05-09,0,2026-05-09,"wk inc flu hosp","quantile",0.8,6.30222249217908
"20",2026-05-09,0,2026-05-09,"wk inc flu hosp","quantile",0.85,7.14916726725255
"20",2026-05-09,0,2026-05-09,"wk inc flu hosp","quantile",0.9,8.10766547066193
"20",2026-05-09,0,2026-05-09,"wk inc flu hosp","quantile",0.95,9.86845506168621
"20",2026-05-09,0,2026-05-09,"wk inc flu hosp","quantile",0.975,11.7484779493275
"20",2026-05-09,0,2026-05-09,"wk inc flu hosp","quantile",0.99,15.021654786545
"20",2026-05-09,1,2026-05-16,"wk inc flu hosp","quantile",0.01,0
"20",2026-05-09,1,2026-05-16,"wk inc flu hosp","quantile",0.025,0
"20",2026-05-09,1,2026-05-16,"wk inc flu hosp","quantile",0.05,0
"20",2026-05-09,1,2026-05-16,"wk inc flu hosp","quantile",0.1,0
"20",2026-05-09,1,2026-05-16,"wk inc flu hosp","quantile",0.15,0
"20",2026-05-09,1,2026-05-16,"wk inc flu hosp","quantile",0.2,0.11492925732417
"20",2026-05-09,1,2026-05-16,"wk inc flu hosp","quantile",0.25,0.463307731335506
"20",2026-05-09,1,2026-05-16,"wk inc flu hosp","quantile",0.3,0.73487149621211
"20",2026-05-09,1,2026-05-16,"wk inc flu hosp","quantile",0.35,1.10558972732112
"20",2026-05-09,1,2026-05-16,"wk inc flu hosp","quantile",0.4,1.80886223092516
"20",2026-05-09,1,2026-05-16,"wk inc flu hosp","quantile",0.45,2.43808651525467
"20",2026-05-09,1,2026-05-16,"wk inc flu hosp","quantile",0.5,2.935840466881
"20",2026-05-09,1,2026-05-16,"wk inc flu hosp","quantile",0.55,3.72845182713641
"20",2026-05-09,1,2026-05-16,"wk inc flu hosp","quantile",0.6,4.49746930128365
"20",2026-05-09,1,2026-05-16,"wk inc flu hosp","quantile",0.65,5.55783846062065
"20",2026-05-09,1,2026-05-16,"wk inc flu hosp","quantile",0.7,6.37596927483793
"20",2026-05-09,1,2026-05-16,"wk inc flu hosp","quantile",0.75,7.37345760242294
"20",2026-05-09,1,2026-05-16,"wk inc flu hosp","quantile",0.8,8.59487442517158
"20",2026-05-09,1,2026-05-16,"wk inc flu hosp","quantile",0.85,9.91270174773231
"20",2026-05-09,1,2026-05-16,"wk inc flu hosp","quantile",0.9,11.18746729246
"20",2026-05-09,1,2026-05-16,"wk inc flu hosp","quantile",0.95,14.2260247184956
"20",2026-05-09,1,2026-05-16,"wk inc flu hosp","quantile",0.975,17.4367837938374
"20",2026-05-09,1,2026-05-16,"wk inc flu hosp","quantile",0.99,22.8648143225639
"20",2026-05-09,2,2026-05-23,"wk inc flu hosp","quantile",0.01,0
"20",2026-05-09,2,2026-05-23,"wk inc flu hosp","quantile",0.025,0
"20",2026-05-09,2,2026-05-23,"wk inc flu hosp","quantile",0.05,0
"20",2026-05-09,2,2026-05-23,"wk inc flu hosp","quantile",0.1,0
"20",2026-05-09,2,2026-05-23,"wk inc flu hosp","quantile",0.15,0
"20",2026-05-09,2,2026-05-23,"wk inc flu hosp","quantile",0.2,0.0071163499351518
"20",2026-05-09,2,2026-05-23,"wk inc flu hosp","quantile",0.25,0.406426152453905
"20",2026-05-09,2,2026-05-23,"wk inc flu hosp","quantile",0.3,0.784960593149188
"20",2026-05-09,2,2026-05-23,"wk inc flu hosp","quantile",0.35,1.05522999014397
"20",2026-05-09,2,2026-05-23,"wk inc flu hosp","quantile",0.4,1.85799873036508
"20",2026-05-09,2,2026-05-23,"wk inc flu hosp","quantile",0.45,2.75924750322509
"20",2026-05-09,2,2026-05-23,"wk inc flu hosp","quantile",0.5,3.44143912796
"20",2026-05-09,2,2026-05-23,"wk inc flu hosp","quantile",0.55,4.22474672014557
"20",2026-05-09,2,2026-05-23,"wk inc flu hosp","quantile",0.6,5.41370225756122
"20",2026-05-09,2,2026-05-23,"wk inc flu hosp","quantile",0.65,6.76153188500249
"20",2026-05-09,2,2026-05-23,"wk inc flu hosp","quantile",0.7,7.82265991075912
"20",2026-05-09,2,2026-05-23,"wk inc flu hosp","quantile",0.75,9.24451292976697
"20",2026-05-09,2,2026-05-23,"wk inc flu hosp","quantile",0.8,10.7088336128687
"20",2026-05-09,2,2026-05-23,"wk inc flu hosp","quantile",0.85,12.9172118844964
"20",2026-05-09,2,2026-05-23,"wk inc flu hosp","quantile",0.9,15.8018676084643
"20",2026-05-09,2,2026-05-23,"wk inc flu hosp","quantile",0.95,20.6259001311619
"20",2026-05-09,2,2026-05-23,"wk inc flu hosp","quantile",0.975,26.3918818996297
"20",2026-05-09,2,2026-05-23,"wk inc flu hosp","quantile",0.99,33.9439115006529
"20",2026-05-09,3,2026-05-30,"wk inc flu hosp","quantile",0.01,0
"20",2026-05-09,3,2026-05-30,"wk inc flu hosp","quantile",0.025,0
"20",2026-05-09,3,2026-05-30,"wk inc flu hosp","quantile",0.05,0
"20",2026-05-09,3,2026-05-30,"wk inc flu hosp","quantile",0.1,0
"20",2026-05-09,3,2026-05-30,"wk inc flu hosp","quantile",0.15,0
"20",2026-05-09,3,2026-05-30,"wk inc flu hosp","quantile",0.2,0
"20",2026-05-09,3,2026-05-30,"wk inc flu hosp","quantile",0.25,0.210725267828172
"20",2026-05-09,3,2026-05-30,"wk inc flu hosp","quantile",0.3,0.55361951148194
"20",2026-05-09,3,2026-05-30,"wk inc flu hosp","quantile",0.35,1.10735773791987
"20",2026-05-09,3,2026-05-30,"wk inc flu hosp","quantile",0.4,2.299525863995
"20",2026-05-09,3,2026-05-30,"wk inc flu hosp","quantile",0.45,3.23943840053084
"20",2026-05-09,3,2026-05-30,"wk inc flu hosp","quantile",0.5,4.23933583914057
"20",2026-05-09,3,2026-05-30,"wk inc flu hosp","quantile",0.55,5.38988363683583
"20",2026-05-09,3,2026-05-30,"wk inc flu hosp","quantile",0.6,6.77114138360855
"20",2026-05-09,3,2026-05-30,"wk inc flu hosp","quantile",0.65,8.2719331435571
"20",2026-05-09,3,2026-05-30,"wk inc flu hosp","quantile",0.7,9.69541322215506
"20",2026-05-09,3,2026-05-30,"wk inc flu hosp","quantile",0.75,11.6937358846044
"20",2026-05-09,3,2026-05-30,"wk inc flu hosp","quantile",0.8,13.7968715437921
"20",2026-05-09,3,2026-05-30,"wk inc flu hosp","quantile",0.85,16.4971455329253
"20",2026-05-09,3,2026-05-30,"wk inc flu hosp","quantile",0.9,21.0366730584895
"20",2026-05-09,3,2026-05-30,"wk inc flu hosp","quantile",0.95,28.2390526714269
"20",2026-05-09,3,2026-05-30,"wk inc flu hosp","quantile",0.975,35.527670222054
"20",2026-05-09,3,2026-05-30,"wk inc flu hosp","quantile",0.99,49.3212229542879
"21",2026-05-09,0,2026-05-09,"wk inc flu hosp","quantile",0.01,0
"21",2026-05-09,0,2026-05-09,"wk inc flu hosp","quantile",0.025,0.799073507863159
"21",2026-05-09,0,2026-05-09,"wk inc flu hosp","quantile",0.05,1.27170854935248
"21",2026-05-09,0,2026-05-09,"wk inc flu hosp","quantile",0.1,2.03002681280768
"21",2026-05-09,0,2026-05-09,"wk inc flu hosp","quantile",0.15,2.81954393009114
"21",2026-05-09,0,2026-05-09,"wk inc flu hosp","quantile",0.2,4.04316548307151
"21",2026-05-09,0,2026-05-09,"wk inc flu hosp","quantile",0.25,5.23544562490766
"21",2026-05-09,0,2026-05-09,"wk inc flu hosp","quantile",0.3,6.4285518297085
"21",2026-05-09,0,2026-05-09,"wk inc flu hosp","quantile",0.35,7.52062738026507
"21",2026-05-09,0,2026-05-09,"wk inc flu hosp","quantile",0.4,8.56740957608596
"21",2026-05-09,0,2026-05-09,"wk inc flu hosp","quantile",0.45,9.46649048276006
"21",2026-05-09,0,2026-05-09,"wk inc flu hosp","quantile",0.5,10.3119330526245
"21",2026-05-09,0,2026-05-09,"wk inc flu hosp","quantile",0.55,11.1478259878097
"21",2026-05-09,0,2026-05-09,"wk inc flu hosp","quantile",0.6,11.9537971554916
"21",2026-05-09,0,2026-05-09,"wk inc flu hosp","quantile",0.65,12.8591054142645
"21",2026-05-09,0,2026-05-09,"wk inc flu hosp","quantile",0.7,14.1311040318137
"21",2026-05-09,0,2026-05-09,"wk inc flu hosp","quantile",0.75,15.344201499206
"21",2026-05-09,0,2026-05-09,"wk inc flu hosp","quantile",0.8,16.7591391832634
"21",2026-05-09,0,2026-05-09,"wk inc flu hosp","quantile",0.85,18.4908364777989
"21",2026-05-09,0,2026-05-09,"wk inc flu hosp","quantile",0.9,20.742244479147
"21",2026-05-09,0,2026-05-09,"wk inc flu hosp","quantile",0.95,24.947918830173
"21",2026-05-09,0,2026-05-09,"wk inc flu hosp","quantile",0.975,28.1144716457977
"21",2026-05-09,0,2026-05-09,"wk inc flu hosp","quantile",0.99,35.7923346002989
"21",2026-05-09,1,2026-05-16,"wk inc flu hosp","quantile",0.01,0
"21",2026-05-09,1,2026-05-16,"wk inc flu hosp","quantile",0.025,0.0664939022745118
"21",2026-05-09,1,2026-05-16,"wk inc flu hosp","quantile",0.05,0.653920166060832
"21",2026-05-09,1,2026-05-16,"wk inc flu hosp","quantile",0.1,1.28399883994429
"21",2026-05-09,1,2026-05-16,"wk inc flu hosp","quantile",0.15,2.06651612776063
"21",2026-05-09,1,2026-05-16,"wk inc flu hosp","quantile",0.2,2.50260364185088
"21",2026-05-09,1,2026-05-16,"wk inc flu hosp","quantile",0.25,3.03129805000617
"21",2026-05-09,1,2026-05-16,"wk inc flu hosp","quantile",0.3,4.48130775221529
"21",2026-05-09,1,2026-05-16,"wk inc flu hosp","quantile",0.35,5.75126793336259
"21",2026-05-09,1,2026-05-16,"wk inc flu hosp","quantile",0.4,7.02542473541336
"21",2026-05-09,1,2026-05-16,"wk inc flu hosp","quantile",0.45,8.15398299927122
"21",2026-05-09,1,2026-05-16,"wk inc flu hosp","quantile",0.5,9.48139293882552
"21",2026-05-09,1,2026-05-16,"wk inc flu hosp","quantile",0.55,10.656164232388
"21",2026-05-09,1,2026-05-16,"wk inc flu hosp","quantile",0.6,11.9448580317154
"21",2026-05-09,1,2026-05-16,"wk inc flu hosp","quantile",0.65,13.3392942807265
"21",2026-05-09,1,2026-05-16,"wk inc flu hosp","quantile",0.7,14.6748129267901
"21",2026-05-09,1,2026-05-16,"wk inc flu hosp","quantile",0.75,16.9226758163677
"21",2026-05-09,1,2026-05-16,"wk inc flu hosp","quantile",0.8,19.0735400740766
"21",2026-05-09,1,2026-05-16,"wk inc flu hosp","quantile",0.85,21.7675447657076
"21",2026-05-09,1,2026-05-16,"wk inc flu hosp","quantile",0.9,25.7971065566872
"21",2026-05-09,1,2026-05-16,"wk inc flu hosp","quantile",0.95,31.958853422747
"21",2026-05-09,1,2026-05-16,"wk inc flu hosp","quantile",0.975,37.1969987770939
"21",2026-05-09,1,2026-05-16,"wk inc flu hosp","quantile",0.99,48.6227423590698
"21",2026-05-09,2,2026-05-23,"wk inc flu hosp","quantile",0.01,0
"21",2026-05-09,2,2026-05-23,"wk inc flu hosp","quantile",0.025,0
"21",2026-05-09,2,2026-05-23,"wk inc flu hosp","quantile",0.05,0
"21",2026-05-09,2,2026-05-23,"wk inc flu hosp","quantile",0.1,0.837005755901745
"21",2026-05-09,2,2026-05-23,"wk inc flu hosp","quantile",0.15,1.57845010100638
"21",2026-05-09,2,2026-05-23,"wk inc flu hosp","quantile",0.2,2.35381487664409
"21",2026-05-09,2,2026-05-23,"wk inc flu hosp","quantile",0.25,2.92771996384245
"21",2026-05-09,2,2026-05-23,"wk inc flu hosp","quantile",0.3,3.99784416424407
"21",2026-05-09,2,2026-05-23,"wk inc flu hosp","quantile",0.35,5.66611533575643
"21",2026-05-09,2,2026-05-23,"wk inc flu hosp","quantile",0.4,7.00983659946335
"21",2026-05-09,2,2026-05-23,"wk inc flu hosp","quantile",0.45,8.47879360458644
"21",2026-05-09,2,2026-05-23,"wk inc flu hosp","quantile",0.5,10.215688469419
"21",2026-05-09,2,2026-05-23,"wk inc flu hosp","quantile",0.55,11.6436135582204
"21",2026-05-09,2,2026-05-23,"wk inc flu hosp","quantile",0.6,13.5203432328133
"21",2026-05-09,2,2026-05-23,"wk inc flu hosp","quantile",0.65,15.2252392498431
"21",2026-05-09,2,2026-05-23,"wk inc flu hosp","quantile",0.7,17.3915783323618
"21",2026-05-09,2,2026-05-23,"wk inc flu hosp","quantile",0.75,19.8041283092139
"21",2026-05-09,2,2026-05-23,"wk inc flu hosp","quantile",0.8,22.3578934855722
"21",2026-05-09,2,2026-05-23,"wk inc flu hosp","quantile",0.85,26.6846036383579
"21",2026-05-09,2,2026-05-23,"wk inc flu hosp","quantile",0.9,31.4004255356386
"21",2026-05-09,2,2026-05-23,"wk inc flu hosp","quantile",0.95,40.817740715871
"21",2026-05-09,2,2026-05-23,"wk inc flu hosp","quantile",0.975,51.364296930899
"21",2026-05-09,2,2026-05-23,"wk inc flu hosp","quantile",0.99,68.6102178123879
"21",2026-05-09,3,2026-05-30,"wk inc flu hosp","quantile",0.01,0
"21",2026-05-09,3,2026-05-30,"wk inc flu hosp","quantile",0.025,0
"21",2026-05-09,3,2026-05-30,"wk inc flu hosp","quantile",0.05,0
"21",2026-05-09,3,2026-05-30,"wk inc flu hosp","quantile",0.1,0.337072676897543
"21",2026-05-09,3,2026-05-30,"wk inc flu hosp","quantile",0.15,1.20389841234395
"21",2026-05-09,3,2026-05-30,"wk inc flu hosp","quantile",0.2,2.10185747110501
"21",2026-05-09,3,2026-05-30,"wk inc flu hosp","quantile",0.25,2.59232941277909
"21",2026-05-09,3,2026-05-30,"wk inc flu hosp","quantile",0.3,3.68314044303718
"21",2026-05-09,3,2026-05-30,"wk inc flu hosp","quantile",0.35,5.6842544284175
"21",2026-05-09,3,2026-05-30,"wk inc flu hosp","quantile",0.4,7.30487641009949
"21",2026-05-09,3,2026-05-30,"wk inc flu hosp","quantile",0.45,8.94251044626508
"21",2026-05-09,3,2026-05-30,"wk inc flu hosp","quantile",0.5,10.8138073910236
"21",2026-05-09,3,2026-05-30,"wk inc flu hosp","quantile",0.55,12.7334311316656
"21",2026-05-09,3,2026-05-30,"wk inc flu hosp","quantile",0.6,15.0863929076936
"21",2026-05-09,3,2026-05-30,"wk inc flu hosp","quantile",0.65,17.6770810540191
"21",2026-05-09,3,2026-05-30,"wk inc flu hosp","quantile",0.7,20.7732021048844
"21",2026-05-09,3,2026-05-30,"wk inc flu hosp","quantile",0.75,24.0510228666234
"21",2026-05-09,3,2026-05-30,"wk inc flu hosp","quantile",0.8,28.4749596637556
"21",2026-05-09,3,2026-05-30,"wk inc flu hosp","quantile",0.85,33.5298064602028
"21",2026-05-09,3,2026-05-30,"wk inc flu hosp","quantile",0.9,41.6976817913223
"21",2026-05-09,3,2026-05-30,"wk inc flu hosp","quantile",0.95,53.8910717323521
"21",2026-05-09,3,2026-05-30,"wk inc flu hosp","quantile",0.975,67.972586387839
"21",2026-05-09,3,2026-05-30,"wk inc flu hosp","quantile",0.99,93.4746199361527
"22",2026-05-09,0,2026-05-09,"wk inc flu hosp","quantile",0.01,4.36238988123813
"22",2026-05-09,0,2026-05-09,"wk inc flu hosp","quantile",0.025,8.09128042357015
"22",2026-05-09,0,2026-05-09,"wk inc flu hosp","quantile",0.05,9.74511015797968
"22",2026-05-09,0,2026-05-09,"wk inc flu hosp","quantile",0.1,11.8753286917368
"22",2026-05-09,0,2026-05-09,"wk inc flu hosp","quantile",0.15,13.6904750653941
"22",2026-05-09,0,2026-05-09,"wk inc flu hosp","quantile",0.2,15.1469517927167
"22",2026-05-09,0,2026-05-09,"wk inc flu hosp","quantile",0.25,16.8037365650342
"22",2026-05-09,0,2026-05-09,"wk inc flu hosp","quantile",0.3,17.9909339875329
"22",2026-05-09,0,2026-05-09,"wk inc flu hosp","quantile",0.35,19.3613201253586
"22",2026-05-09,0,2026-05-09,"wk inc flu hosp","quantile",0.4,20.2202444501292
"22",2026-05-09,0,2026-05-09,"wk inc flu hosp","quantile",0.45,21.2509808385521
"22",2026-05-09,0,2026-05-09,"wk inc flu hosp","quantile",0.5,22.173007097849
"22",2026-05-09,0,2026-05-09,"wk inc flu hosp","quantile",0.55,23.311099584272
"22",2026-05-09,0,2026-05-09,"wk inc flu hosp","quantile",0.6,24.6391422423363
"22",2026-05-09,0,2026-05-09,"wk inc flu hosp","quantile",0.65,25.6941136599431
"22",2026-05-09,0,2026-05-09,"wk inc flu hosp","quantile",0.7,27.0407578297236
"22",2026-05-09,0,2026-05-09,"wk inc flu hosp","quantile",0.75,28.6381692665341
"22",2026-05-09,0,2026-05-09,"wk inc flu hosp","quantile",0.8,30.4726291838037
"22",2026-05-09,0,2026-05-09,"wk inc flu hosp","quantile",0.85,32.5384771021836
"22",2026-05-09,0,2026-05-09,"wk inc flu hosp","quantile",0.9,35.1165344328593
"22",2026-05-09,0,2026-05-09,"wk inc flu hosp","quantile",0.95,38.9632038696242
"22",2026-05-09,0,2026-05-09,"wk inc flu hosp","quantile",0.975,43.4688233136686
"22",2026-05-09,0,2026-05-09,"wk inc flu hosp","quantile",0.99,51.4494397948549
"22",2026-05-09,1,2026-05-16,"wk inc flu hosp","quantile",0.01,2.75802267171026
"22",2026-05-09,1,2026-05-16,"wk inc flu hosp","quantile",0.025,4.72656729404923
"22",2026-05-09,1,2026-05-16,"wk inc flu hosp","quantile",0.05,6.19873355241581
"22",2026-05-09,1,2026-05-16,"wk inc flu hosp","quantile",0.1,9.03059090481442
"22",2026-05-09,1,2026-05-16,"wk inc flu hosp","quantile",0.15,11.3821940534198
"22",2026-05-09,1,2026-05-16,"wk inc flu hosp","quantile",0.2,13.3017432714785
"22",2026-05-09,1,2026-05-16,"wk inc flu hosp","quantile",0.25,15.2150494520299
"22",2026-05-09,1,2026-05-16,"wk inc flu hosp","quantile",0.3,16.8879044163963
"22",2026-05-09,1,2026-05-16,"wk inc flu hosp","quantile",0.35,18.6433590553636
"22",2026-05-09,1,2026-05-16,"wk inc flu hosp","quantile",0.4,19.9598135899279
"22",2026-05-09,1,2026-05-16,"wk inc flu hosp","quantile",0.45,21.1201634375567
"22",2026-05-09,1,2026-05-16,"wk inc flu hosp","quantile",0.5,22.4402669673534
"22",2026-05-09,1,2026-05-16,"wk inc flu hosp","quantile",0.55,24.2693407833184
"22",2026-05-09,1,2026-05-16,"wk inc flu hosp","quantile",0.6,26.145437520643
"22",2026-05-09,1,2026-05-16,"wk inc flu hosp","quantile",0.65,28.2255973819264
"22",2026-05-09,1,2026-05-16,"wk inc flu hosp","quantile",0.7,30.2725943215025
"22",2026-05-09,1,2026-05-16,"wk inc flu hosp","quantile",0.75,32.3721110552322
"22",2026-05-09,1,2026-05-16,"wk inc flu hosp","quantile",0.8,34.8424190925055
"22",2026-05-09,1,2026-05-16,"wk inc flu hosp","quantile",0.85,38.0524327616872
"22",2026-05-09,1,2026-05-16,"wk inc flu hosp","quantile",0.9,42.7982973105242
"22",2026-05-09,1,2026-05-16,"wk inc flu hosp","quantile",0.95,51.2049769270773
"22",2026-05-09,1,2026-05-16,"wk inc flu hosp","quantile",0.975,58.9520875202937
"22",2026-05-09,1,2026-05-16,"wk inc flu hosp","quantile",0.99,72.2313630115333
"22",2026-05-09,2,2026-05-23,"wk inc flu hosp","quantile",0.01,2.35472019859372
"22",2026-05-09,2,2026-05-23,"wk inc flu hosp","quantile",0.025,3.87895566180072
"22",2026-05-09,2,2026-05-23,"wk inc flu hosp","quantile",0.05,4.79111273561958
"22",2026-05-09,2,2026-05-23,"wk inc flu hosp","quantile",0.1,7.43652191301894
"22",2026-05-09,2,2026-05-23,"wk inc flu hosp","quantile",0.15,10.0513401431218
"22",2026-05-09,2,2026-05-23,"wk inc flu hosp","quantile",0.2,12.7058092238069
"22",2026-05-09,2,2026-05-23,"wk inc flu hosp","quantile",0.25,15.1988536399633
"22",2026-05-09,2,2026-05-23,"wk inc flu hosp","quantile",0.3,17.3763516751465
"22",2026-05-09,2,2026-05-23,"wk inc flu hosp","quantile",0.35,19.4426369541607
"22",2026-05-09,2,2026-05-23,"wk inc flu hosp","quantile",0.4,21.0932423763577
"22",2026-05-09,2,2026-05-23,"wk inc flu hosp","quantile",0.45,23.0440933002314
"22",2026-05-09,2,2026-05-23,"wk inc flu hosp","quantile",0.5,25.0950987673625
"22",2026-05-09,2,2026-05-23,"wk inc flu hosp","quantile",0.55,27.4453804590256
"22",2026-05-09,2,2026-05-23,"wk inc flu hosp","quantile",0.6,29.781930908363
"22",2026-05-09,2,2026-05-23,"wk inc flu hosp","quantile",0.65,32.1657652602462
"22",2026-05-09,2,2026-05-23,"wk inc flu hosp","quantile",0.7,34.6611757432413
"22",2026-05-09,2,2026-05-23,"wk inc flu hosp","quantile",0.75,37.4257965628856
"22",2026-05-09,2,2026-05-23,"wk inc flu hosp","quantile",0.8,41.2155161527294
"22",2026-05-09,2,2026-05-23,"wk inc flu hosp","quantile",0.85,46.1373766431004
"22",2026-05-09,2,2026-05-23,"wk inc flu hosp","quantile",0.9,53.6348833346248
"22",2026-05-09,2,2026-05-23,"wk inc flu hosp","quantile",0.95,65.0274352922901
"22",2026-05-09,2,2026-05-23,"wk inc flu hosp","quantile",0.975,76.608263165765
"22",2026-05-09,2,2026-05-23,"wk inc flu hosp","quantile",0.99,93.4725591126743
"22",2026-05-09,3,2026-05-30,"wk inc flu hosp","quantile",0.01,1.87092469820627
"22",2026-05-09,3,2026-05-30,"wk inc flu hosp","quantile",0.025,3.35561895974897
"22",2026-05-09,3,2026-05-30,"wk inc flu hosp","quantile",0.05,4.1190867020265
"22",2026-05-09,3,2026-05-30,"wk inc flu hosp","quantile",0.1,6.37439769017164
"22",2026-05-09,3,2026-05-30,"wk inc flu hosp","quantile",0.15,9.45066431862078
"22",2026-05-09,3,2026-05-30,"wk inc flu hosp","quantile",0.2,12.8380943182128
"22",2026-05-09,3,2026-05-30,"wk inc flu hosp","quantile",0.25,15.1261498085266
"22",2026-05-09,3,2026-05-30,"wk inc flu hosp","quantile",0.3,17.4720904587025
"22",2026-05-09,3,2026-05-30,"wk inc flu hosp","quantile",0.35,20.3960194585475
"22",2026-05-09,3,2026-05-30,"wk inc flu hosp","quantile",0.4,22.8657431042305
"22",2026-05-09,3,2026-05-30,"wk inc flu hosp","quantile",0.45,25.2521755148745
"22",2026-05-09,3,2026-05-30,"wk inc flu hosp","quantile",0.5,27.8670096045749
"22",2026-05-09,3,2026-05-30,"wk inc flu hosp","quantile",0.55,31.0836713553327
"22",2026-05-09,3,2026-05-30,"wk inc flu hosp","quantile",0.6,34.3012802205447
"22",2026-05-09,3,2026-05-30,"wk inc flu hosp","quantile",0.65,37.060906580382
"22",2026-05-09,3,2026-05-30,"wk inc flu hosp","quantile",0.7,40.7634349922758
"22",2026-05-09,3,2026-05-30,"wk inc flu hosp","quantile",0.75,44.6705841977453
"22",2026-05-09,3,2026-05-30,"wk inc flu hosp","quantile",0.8,49.1206249936686
"22",2026-05-09,3,2026-05-30,"wk inc flu hosp","quantile",0.85,55.961772655721
"22",2026-05-09,3,2026-05-30,"wk inc flu hosp","quantile",0.9,65.8933818615517
"22",2026-05-09,3,2026-05-30,"wk inc flu hosp","quantile",0.95,81.5071622724565
"22",2026-05-09,3,2026-05-30,"wk inc flu hosp","quantile",0.975,98.3305580319343
"22",2026-05-09,3,2026-05-30,"wk inc flu hosp","quantile",0.99,126.249232652204
"23",2026-05-09,0,2026-05-09,"wk inc flu hosp","quantile",0.01,0
"23",2026-05-09,0,2026-05-09,"wk inc flu hosp","quantile",0.025,0
"23",2026-05-09,0,2026-05-09,"wk inc flu hosp","quantile",0.05,0.277235873126116
"23",2026-05-09,0,2026-05-09,"wk inc flu hosp","quantile",0.1,0.953357713121566
"23",2026-05-09,0,2026-05-09,"wk inc flu hosp","quantile",0.15,1.39989644549005
"23",2026-05-09,0,2026-05-09,"wk inc flu hosp","quantile",0.2,1.92029417977868
"23",2026-05-09,0,2026-05-09,"wk inc flu hosp","quantile",0.25,2.40799328190961
"23",2026-05-09,0,2026-05-09,"wk inc flu hosp","quantile",0.3,2.74663796023892
"23",2026-05-09,0,2026-05-09,"wk inc flu hosp","quantile",0.35,3.1607732229146
"23",2026-05-09,0,2026-05-09,"wk inc flu hosp","quantile",0.4,3.5480429588653
"23",2026-05-09,0,2026-05-09,"wk inc flu hosp","quantile",0.45,3.91991949020913
"23",2026-05-09,0,2026-05-09,"wk inc flu hosp","quantile",0.5,4.31280138805532
"23",2026-05-09,0,2026-05-09,"wk inc flu hosp","quantile",0.55,4.76373427511463
"23",2026-05-09,0,2026-05-09,"wk inc flu hosp","quantile",0.6,5.16663843474893
"23",2026-05-09,0,2026-05-09,"wk inc flu hosp","quantile",0.65,5.66482138535844
"23",2026-05-09,0,2026-05-09,"wk inc flu hosp","quantile",0.7,6.05431173831355
"23",2026-05-09,0,2026-05-09,"wk inc flu hosp","quantile",0.75,6.6300338275855
"23",2026-05-09,0,2026-05-09,"wk inc flu hosp","quantile",0.8,7.39151373049549
"23",2026-05-09,0,2026-05-09,"wk inc flu hosp","quantile",0.85,8.15618443101311
"23",2026-05-09,0,2026-05-09,"wk inc flu hosp","quantile",0.9,9.38088553985204
"23",2026-05-09,0,2026-05-09,"wk inc flu hosp","quantile",0.95,11.4255583327762
"23",2026-05-09,0,2026-05-09,"wk inc flu hosp","quantile",0.975,13.2392943505697
"23",2026-05-09,0,2026-05-09,"wk inc flu hosp","quantile",0.99,15.7856780544054
"23",2026-05-09,1,2026-05-16,"wk inc flu hosp","quantile",0.01,0
"23",2026-05-09,1,2026-05-16,"wk inc flu hosp","quantile",0.025,0
"23",2026-05-09,1,2026-05-16,"wk inc flu hosp","quantile",0.05,0
"23",2026-05-09,1,2026-05-16,"wk inc flu hosp","quantile",0.1,0.328723498142155
"23",2026-05-09,1,2026-05-16,"wk inc flu hosp","quantile",0.15,0.51339161182802
"23",2026-05-09,1,2026-05-16,"wk inc flu hosp","quantile",0.2,0.939659010990718
"23",2026-05-09,1,2026-05-16,"wk inc flu hosp","quantile",0.25,1.51436417146067
"23",2026-05-09,1,2026-05-16,"wk inc flu hosp","quantile",0.3,2.04834335984215
"23",2026-05-09,1,2026-05-16,"wk inc flu hosp","quantile",0.35,2.51137278731044
"23",2026-05-09,1,2026-05-16,"wk inc flu hosp","quantile",0.4,3.04521795234541
"23",2026-05-09,1,2026-05-16,"wk inc flu hosp","quantile",0.45,3.48857754191691
"23",2026-05-09,1,2026-05-16,"wk inc flu hosp","quantile",0.5,3.9757436773519
"23",2026-05-09,1,2026-05-16,"wk inc flu hosp","quantile",0.55,4.62676905306977
"23",2026-05-09,1,2026-05-16,"wk inc flu hosp","quantile",0.6,5.24166712997095
"23",2026-05-09,1,2026-05-16,"wk inc flu hosp","quantile",0.65,5.96127858976223
"23",2026-05-09,1,2026-05-16,"wk inc flu hosp","quantile",0.7,6.64094833406195
"23",2026-05-09,1,2026-05-16,"wk inc flu hosp","quantile",0.75,7.5229993803623
"23",2026-05-09,1,2026-05-16,"wk inc flu hosp","quantile",0.8,8.63499031777448
"23",2026-05-09,1,2026-05-16,"wk inc flu hosp","quantile",0.85,10.0154165421974
"23",2026-05-09,1,2026-05-16,"wk inc flu hosp","quantile",0.9,11.9723548546001
"23",2026-05-09,1,2026-05-16,"wk inc flu hosp","quantile",0.95,15.0975750590714
"23",2026-05-09,1,2026-05-16,"wk inc flu hosp","quantile",0.975,18.8873335289042
"23",2026-05-09,1,2026-05-16,"wk inc flu hosp","quantile",0.99,23.3152517281951
"23",2026-05-09,2,2026-05-23,"wk inc flu hosp","quantile",0.01,0
"23",2026-05-09,2,2026-05-23,"wk inc flu hosp","quantile",0.025,0
"23",2026-05-09,2,2026-05-23,"wk inc flu hosp","quantile",0.05,0
"23",2026-05-09,2,2026-05-23,"wk inc flu hosp","quantile",0.1,0.104117001042922
"23",2026-05-09,2,2026-05-23,"wk inc flu hosp","quantile",0.15,0.362214795532544
"23",2026-05-09,2,2026-05-23,"wk inc flu hosp","quantile",0.2,0.63951568301495
"23",2026-05-09,2,2026-05-23,"wk inc flu hosp","quantile",0.25,1.04229532306338
"23",2026-05-09,2,2026-05-23,"wk inc flu hosp","quantile",0.3,1.65841558062144
"23",2026-05-09,2,2026-05-23,"wk inc flu hosp","quantile",0.35,2.22694045781004
"23",2026-05-09,2,2026-05-23,"wk inc flu hosp","quantile",0.4,2.87293424472483
"23",2026-05-09,2,2026-05-23,"wk inc flu hosp","quantile",0.45,3.55763660334537
"23",2026-05-09,2,2026-05-23,"wk inc flu hosp","quantile",0.5,4.17238807500108
"23",2026-05-09,2,2026-05-23,"wk inc flu hosp","quantile",0.55,5.02418667188905
"23",2026-05-09,2,2026-05-23,"wk inc flu hosp","quantile",0.6,5.7167714890348
"23",2026-05-09,2,2026-05-23,"wk inc flu hosp","quantile",0.65,6.82186493358647
"23",2026-05-09,2,2026-05-23,"wk inc flu hosp","quantile",0.7,7.67860247031307
"23",2026-05-09,2,2026-05-23,"wk inc flu hosp","quantile",0.75,8.95739437834318
"23",2026-05-09,2,2026-05-23,"wk inc flu hosp","quantile",0.8,10.6217656765764
"23",2026-05-09,2,2026-05-23,"wk inc flu hosp","quantile",0.85,12.7990042731634
"23",2026-05-09,2,2026-05-23,"wk inc flu hosp","quantile",0.9,15.4921790732361
"23",2026-05-09,2,2026-05-23,"wk inc flu hosp","quantile",0.95,21.4939718798308
"23",2026-05-09,2,2026-05-23,"wk inc flu hosp","quantile",0.975,26.4435561924002
"23",2026-05-09,2,2026-05-23,"wk inc flu hosp","quantile",0.99,34.1251475121017
"23",2026-05-09,3,2026-05-30,"wk inc flu hosp","quantile",0.01,0
"23",2026-05-09,3,2026-05-30,"wk inc flu hosp","quantile",0.025,0
"23",2026-05-09,3,2026-05-30,"wk inc flu hosp","quantile",0.05,0
"23",2026-05-09,3,2026-05-30,"wk inc flu hosp","quantile",0.1,0.0298326489649454
"23",2026-05-09,3,2026-05-30,"wk inc flu hosp","quantile",0.15,0.275243530337192
"23",2026-05-09,3,2026-05-30,"wk inc flu hosp","quantile",0.2,0.479185857582519
"23",2026-05-09,3,2026-05-30,"wk inc flu hosp","quantile",0.25,0.986116784960524
"23",2026-05-09,3,2026-05-30,"wk inc flu hosp","quantile",0.3,1.66920226004064
"23",2026-05-09,3,2026-05-30,"wk inc flu hosp","quantile",0.35,2.3229549237765
"23",2026-05-09,3,2026-05-30,"wk inc flu hosp","quantile",0.4,3.07492244223459
"23",2026-05-09,3,2026-05-30,"wk inc flu hosp","quantile",0.45,3.85456107950007
"23",2026-05-09,3,2026-05-30,"wk inc flu hosp","quantile",0.5,4.71673858158883
"23",2026-05-09,3,2026-05-30,"wk inc flu hosp","quantile",0.55,5.68383218961859
"23",2026-05-09,3,2026-05-30,"wk inc flu hosp","quantile",0.6,6.72252867877247
"23",2026-05-09,3,2026-05-30,"wk inc flu hosp","quantile",0.65,8.10113262856047
"23",2026-05-09,3,2026-05-30,"wk inc flu hosp","quantile",0.7,9.39667459873613
"23",2026-05-09,3,2026-05-30,"wk inc flu hosp","quantile",0.75,11.3527880827771
"23",2026-05-09,3,2026-05-30,"wk inc flu hosp","quantile",0.8,13.2256495669526
"23",2026-05-09,3,2026-05-30,"wk inc flu hosp","quantile",0.85,15.766065200586
"23",2026-05-09,3,2026-05-30,"wk inc flu hosp","quantile",0.9,20.3149256689174
"23",2026-05-09,3,2026-05-30,"wk inc flu hosp","quantile",0.95,27.933390452726
"23",2026-05-09,3,2026-05-30,"wk inc flu hosp","quantile",0.975,37.2925387427173
"23",2026-05-09,3,2026-05-30,"wk inc flu hosp","quantile",0.99,47.6177773430646
"24",2026-05-09,0,2026-05-09,"wk inc flu hosp","quantile",0.01,0
"24",2026-05-09,0,2026-05-09,"wk inc flu hosp","quantile",0.025,0
"24",2026-05-09,0,2026-05-09,"wk inc flu hosp","quantile",0.05,0.786195341096697
"24",2026-05-09,0,2026-05-09,"wk inc flu hosp","quantile",0.1,2.31095319032234
"24",2026-05-09,0,2026-05-09,"wk inc flu hosp","quantile",0.15,3.958936734568
"24",2026-05-09,0,2026-05-09,"wk inc flu hosp","quantile",0.2,5.13637088270178
"24",2026-05-09,0,2026-05-09,"wk inc flu hosp","quantile",0.25,6.06195409601819
"24",2026-05-09,0,2026-05-09,"wk inc flu hosp","quantile",0.3,6.80865140396026
"24",2026-05-09,0,2026-05-09,"wk inc flu hosp","quantile",0.35,8.16713465173172
"24",2026-05-09,0,2026-05-09,"wk inc flu hosp","quantile",0.4,9.18682752422486
"24",2026-05-09,0,2026-05-09,"wk inc flu hosp","quantile",0.45,10.2343804488964
"24",2026-05-09,0,2026-05-09,"wk inc flu hosp","quantile",0.5,11.1316645413705
"24",2026-05-09,0,2026-05-09,"wk inc flu hosp","quantile",0.55,12.2046698183727
"24",2026-05-09,0,2026-05-09,"wk inc flu hosp","quantile",0.6,13.2818341647294
"24",2026-05-09,0,2026-05-09,"wk inc flu hosp","quantile",0.65,14.6267440737355
"24",2026-05-09,0,2026-05-09,"wk inc flu hosp","quantile",0.7,15.6770034771245
"24",2026-05-09,0,2026-05-09,"wk inc flu hosp","quantile",0.75,17.3770641293555
"24",2026-05-09,0,2026-05-09,"wk inc flu hosp","quantile",0.8,18.8331810939401
"24",2026-05-09,0,2026-05-09,"wk inc flu hosp","quantile",0.85,20.9581711116598
"24",2026-05-09,0,2026-05-09,"wk inc flu hosp","quantile",0.9,23.2551727622235
"24",2026-05-09,0,2026-05-09,"wk inc flu hosp","quantile",0.95,27.505145354896
"24",2026-05-09,0,2026-05-09,"wk inc flu hosp","quantile",0.975,31.9647698651612
"24",2026-05-09,0,2026-05-09,"wk inc flu hosp","quantile",0.99,40.2515971040633
"24",2026-05-09,1,2026-05-16,"wk inc flu hosp","quantile",0.01,0
"24",2026-05-09,1,2026-05-16,"wk inc flu hosp","quantile",0.025,0
"24",2026-05-09,1,2026-05-16,"wk inc flu hosp","quantile",0.05,0
"24",2026-05-09,1,2026-05-16,"wk inc flu hosp","quantile",0.1,0.166857859423168
"24",2026-05-09,1,2026-05-16,"wk inc flu hosp","quantile",0.15,2.25681000461177
"24",2026-05-09,1,2026-05-16,"wk inc flu hosp","quantile",0.2,4.05242312307456
"24",2026-05-09,1,2026-05-16,"wk inc flu hosp","quantile",0.25,5.46771071093629
"24",2026-05-09,1,2026-05-16,"wk inc flu hosp","quantile",0.3,6.7154379960677
"24",2026-05-09,1,2026-05-16,"wk inc flu hosp","quantile",0.35,8.3633148857759
"24",2026-05-09,1,2026-05-16,"wk inc flu hosp","quantile",0.4,9.69215705813276
"24",2026-05-09,1,2026-05-16,"wk inc flu hosp","quantile",0.45,11.1351143532116
"24",2026-05-09,1,2026-05-16,"wk inc flu hosp","quantile",0.5,12.4198614221875
"24",2026-05-09,1,2026-05-16,"wk inc flu hosp","quantile",0.55,14.0448979361219
"24",2026-05-09,1,2026-05-16,"wk inc flu hosp","quantile",0.6,15.8083988863337
"24",2026-05-09,1,2026-05-16,"wk inc flu hosp","quantile",0.65,17.598142176409
"24",2026-05-09,1,2026-05-16,"wk inc flu hosp","quantile",0.7,19.5012006332735
"24",2026-05-09,1,2026-05-16,"wk inc flu hosp","quantile",0.75,22.2920569339467
"24",2026-05-09,1,2026-05-16,"wk inc flu hosp","quantile",0.8,25.3627585289296
"24",2026-05-09,1,2026-05-16,"wk inc flu hosp","quantile",0.85,28.7082262000221
"24",2026-05-09,1,2026-05-16,"wk inc flu hosp","quantile",0.9,32.5303592603964
"24",2026-05-09,1,2026-05-16,"wk inc flu hosp","quantile",0.95,39.4981735909736
"24",2026-05-09,1,2026-05-16,"wk inc flu hosp","quantile",0.975,47.8325122601418
"24",2026-05-09,1,2026-05-16,"wk inc flu hosp","quantile",0.99,59.4203707708512
"24",2026-05-09,2,2026-05-23,"wk inc flu hosp","quantile",0.01,0
"24",2026-05-09,2,2026-05-23,"wk inc flu hosp","quantile",0.025,0
"24",2026-05-09,2,2026-05-23,"wk inc flu hosp","quantile",0.05,0
"24",2026-05-09,2,2026-05-23,"wk inc flu hosp","quantile",0.1,0
"24",2026-05-09,2,2026-05-23,"wk inc flu hosp","quantile",0.15,1.2119221606694
"24",2026-05-09,2,2026-05-23,"wk inc flu hosp","quantile",0.2,3.65629825069265
"24",2026-05-09,2,2026-05-23,"wk inc flu hosp","quantile",0.25,5.31696519256684
"24",2026-05-09,2,2026-05-23,"wk inc flu hosp","quantile",0.3,6.94176406126278
"24",2026-05-09,2,2026-05-23,"wk inc flu hosp","quantile",0.35,9.10226397769953
"24",2026-05-09,2,2026-05-23,"wk inc flu hosp","quantile",0.4,10.8904674765957
"24",2026-05-09,2,2026-05-23,"wk inc flu hosp","quantile",0.45,12.8525692663272
"24",2026-05-09,2,2026-05-23,"wk inc flu hosp","quantile",0.5,14.4770319180639
"24",2026-05-09,2,2026-05-23,"wk inc flu hosp","quantile",0.55,16.7031658535006
"24",2026-05-09,2,2026-05-23,"wk inc flu hosp","quantile",0.6,19.2699780937225
"24",2026-05-09,2,2026-05-23,"wk inc flu hosp","quantile",0.65,21.9867665307949
"24",2026-05-09,2,2026-05-23,"wk inc flu hosp","quantile",0.7,24.8264943826434
"24",2026-05-09,2,2026-05-23,"wk inc flu hosp","quantile",0.75,28.3017291812458
"24",2026-05-09,2,2026-05-23,"wk inc flu hosp","quantile",0.8,32.3485070080592
"24",2026-05-09,2,2026-05-23,"wk inc flu hosp","quantile",0.85,37.0155362966302
"24",2026-05-09,2,2026-05-23,"wk inc flu hosp","quantile",0.9,42.8792495385165
"24",2026-05-09,2,2026-05-23,"wk inc flu hosp","quantile",0.95,53.8108826613211
"24",2026-05-09,2,2026-05-23,"wk inc flu hosp","quantile",0.975,65.6609136177821
"24",2026-05-09,2,2026-05-23,"wk inc flu hosp","quantile",0.99,86.9051651922881
"24",2026-05-09,3,2026-05-30,"wk inc flu hosp","quantile",0.01,0
"24",2026-05-09,3,2026-05-30,"wk inc flu hosp","quantile",0.025,0
"24",2026-05-09,3,2026-05-30,"wk inc flu hosp","quantile",0.05,0
"24",2026-05-09,3,2026-05-30,"wk inc flu hosp","quantile",0.1,0
"24",2026-05-09,3,2026-05-30,"wk inc flu hosp","quantile",0.15,1.16257794254757
"24",2026-05-09,3,2026-05-30,"wk inc flu hosp","quantile",0.2,3.6911133565687
"24",2026-05-09,3,2026-05-30,"wk inc flu hosp","quantile",0.25,6.72378012503553
"24",2026-05-09,3,2026-05-30,"wk inc flu hosp","quantile",0.3,8.98266278512931
"24",2026-05-09,3,2026-05-30,"wk inc flu hosp","quantile",0.35,11.4887023024186
"24",2026-05-09,3,2026-05-30,"wk inc flu hosp","quantile",0.4,13.982750034571
"24",2026-05-09,3,2026-05-30,"wk inc flu hosp","quantile",0.45,16.3090522430228
"24",2026-05-09,3,2026-05-30,"wk inc flu hosp","quantile",0.5,18.3799273135923
"24",2026-05-09,3,2026-05-30,"wk inc flu hosp","quantile",0.55,20.7743969511483
"24",2026-05-09,3,2026-05-30,"wk inc flu hosp","quantile",0.6,23.9195000475006
"24",2026-05-09,3,2026-05-30,"wk inc flu hosp","quantile",0.65,26.8543320239403
"24",2026-05-09,3,2026-05-30,"wk inc flu hosp","quantile",0.7,30.376197616215
"24",2026-05-09,3,2026-05-30,"wk inc flu hosp","quantile",0.75,35.9457178148512
"24",2026-05-09,3,2026-05-30,"wk inc flu hosp","quantile",0.8,40.9496776204034
"24",2026-05-09,3,2026-05-30,"wk inc flu hosp","quantile",0.85,46.9645801240895
"24",2026-05-09,3,2026-05-30,"wk inc flu hosp","quantile",0.9,54.1306425404252
"24",2026-05-09,3,2026-05-30,"wk inc flu hosp","quantile",0.95,71.0303925540992
"24",2026-05-09,3,2026-05-30,"wk inc flu hosp","quantile",0.975,89.0752120717285
"24",2026-05-09,3,2026-05-30,"wk inc flu hosp","quantile",0.99,115.660885853848
"25",2026-05-09,0,2026-05-09,"wk inc flu hosp","quantile",0.01,2.66213810726095
"25",2026-05-09,0,2026-05-09,"wk inc flu hosp","quantile",0.025,6.55071082155595
"25",2026-05-09,0,2026-05-09,"wk inc flu hosp","quantile",0.05,9.5815011082887
"25",2026-05-09,0,2026-05-09,"wk inc flu hosp","quantile",0.1,12.5813206042623
"25",2026-05-09,0,2026-05-09,"wk inc flu hosp","quantile",0.15,15.1783664446643
"25",2026-05-09,0,2026-05-09,"wk inc flu hosp","quantile",0.2,17.3043158407557
"25",2026-05-09,0,2026-05-09,"wk inc flu hosp","quantile",0.25,19.1770497888614
"25",2026-05-09,0,2026-05-09,"wk inc flu hosp","quantile",0.3,21.1545393533618
"25",2026-05-09,0,2026-05-09,"wk inc flu hosp","quantile",0.35,23.0543711737584
"25",2026-05-09,0,2026-05-09,"wk inc flu hosp","quantile",0.4,24.3389637743717
"25",2026-05-09,0,2026-05-09,"wk inc flu hosp","quantile",0.45,25.5373957344135
"25",2026-05-09,0,2026-05-09,"wk inc flu hosp","quantile",0.5,26.8299379443597
"25",2026-05-09,0,2026-05-09,"wk inc flu hosp","quantile",0.55,27.9694299160046
"25",2026-05-09,0,2026-05-09,"wk inc flu hosp","quantile",0.6,29.0613006906923
"25",2026-05-09,0,2026-05-09,"wk inc flu hosp","quantile",0.65,30.7122115289365
"25",2026-05-09,0,2026-05-09,"wk inc flu hosp","quantile",0.7,32.0776456747762
"25",2026-05-09,0,2026-05-09,"wk inc flu hosp","quantile",0.75,34.0862935017893
"25",2026-05-09,0,2026-05-09,"wk inc flu hosp","quantile",0.8,36.3828520099559
"25",2026-05-09,0,2026-05-09,"wk inc flu hosp","quantile",0.85,39.4089920040029
"25",2026-05-09,0,2026-05-09,"wk inc flu hosp","quantile",0.9,42.1740125338681
"25",2026-05-09,0,2026-05-09,"wk inc flu hosp","quantile",0.95,48.0171481189071
"25",2026-05-09,0,2026-05-09,"wk inc flu hosp","quantile",0.975,54.2011449667974
"25",2026-05-09,0,2026-05-09,"wk inc flu hosp","quantile",0.99,66.7407124573988
"25",2026-05-09,1,2026-05-16,"wk inc flu hosp","quantile",0.01,1.84509586907022
"25",2026-05-09,1,2026-05-16,"wk inc flu hosp","quantile",0.025,3.73438246360209
"25",2026-05-09,1,2026-05-16,"wk inc flu hosp","quantile",0.05,5.40109208826723
"25",2026-05-09,1,2026-05-16,"wk inc flu hosp","quantile",0.1,9.41819502963377
"25",2026-05-09,1,2026-05-16,"wk inc flu hosp","quantile",0.15,12.8629765177426
"25",2026-05-09,1,2026-05-16,"wk inc flu hosp","quantile",0.2,15.0667224803157
"25",2026-05-09,1,2026-05-16,"wk inc flu hosp","quantile",0.25,17.7713591940941
"25",2026-05-09,1,2026-05-16,"wk inc flu hosp","quantile",0.3,20.3182247363671
"25",2026-05-09,1,2026-05-16,"wk inc flu hosp","quantile",0.35,22.6475073111139
"25",2026-05-09,1,2026-05-16,"wk inc flu hosp","quantile",0.4,24.8619827285709
"25",2026-05-09,1,2026-05-16,"wk inc flu hosp","quantile",0.45,26.8056588318519
"25",2026-05-09,1,2026-05-16,"wk inc flu hosp","quantile",0.5,28.617431151306
"25",2026-05-09,1,2026-05-16,"wk inc flu hosp","quantile",0.55,30.8444597534189
"25",2026-05-09,1,2026-05-16,"wk inc flu hosp","quantile",0.6,32.8603986719932
"25",2026-05-09,1,2026-05-16,"wk inc flu hosp","quantile",0.65,35.4396524246643
"25",2026-05-09,1,2026-05-16,"wk inc flu hosp","quantile",0.7,37.8044619924322
"25",2026-05-09,1,2026-05-16,"wk inc flu hosp","quantile",0.75,40.5969028890695
"25",2026-05-09,1,2026-05-16,"wk inc flu hosp","quantile",0.8,44.24470875263
"25",2026-05-09,1,2026-05-16,"wk inc flu hosp","quantile",0.85,48.3367772358953
"25",2026-05-09,1,2026-05-16,"wk inc flu hosp","quantile",0.9,53.5706801214876
"25",2026-05-09,1,2026-05-16,"wk inc flu hosp","quantile",0.95,65.517603307862
"25",2026-05-09,1,2026-05-16,"wk inc flu hosp","quantile",0.975,78.4121516395778
"25",2026-05-09,1,2026-05-16,"wk inc flu hosp","quantile",0.99,95.7989310422677
"25",2026-05-09,2,2026-05-23,"wk inc flu hosp","quantile",0.01,1.00924679150086
"25",2026-05-09,2,2026-05-23,"wk inc flu hosp","quantile",0.025,2.5239240421107
"25",2026-05-09,2,2026-05-23,"wk inc flu hosp","quantile",0.05,4.3036143211153
"25",2026-05-09,2,2026-05-23,"wk inc flu hosp","quantile",0.1,6.94424565733483
"25",2026-05-09,2,2026-05-23,"wk inc flu hosp","quantile",0.15,10.852540330767
"25",2026-05-09,2,2026-05-23,"wk inc flu hosp","quantile",0.2,14.4352946587808
"25",2026-05-09,2,2026-05-23,"wk inc flu hosp","quantile",0.25,17.3649857508121
"25",2026-05-09,2,2026-05-23,"wk inc flu hosp","quantile",0.3,20.4052722707769
"25",2026-05-09,2,2026-05-23,"wk inc flu hosp","quantile",0.35,22.9206298367505
"25",2026-05-09,2,2026-05-23,"wk inc flu hosp","quantile",0.4,25.1664623213767
"25",2026-05-09,2,2026-05-23,"wk inc flu hosp","quantile",0.45,27.525082155707
"25",2026-05-09,2,2026-05-23,"wk inc flu hosp","quantile",0.5,30.1466649831347
"25",2026-05-09,2,2026-05-23,"wk inc flu hosp","quantile",0.55,33.3919914955496
"25",2026-05-09,2,2026-05-23,"wk inc flu hosp","quantile",0.6,36.5308915278166
"25",2026-05-09,2,2026-05-23,"wk inc flu hosp","quantile",0.65,39.6588401123319
"25",2026-05-09,2,2026-05-23,"wk inc flu hosp","quantile",0.7,43.6838948505474
"25",2026-05-09,2,2026-05-23,"wk inc flu hosp","quantile",0.75,47.975197270955
"25",2026-05-09,2,2026-05-23,"wk inc flu hosp","quantile",0.8,52.8354106911162
"25",2026-05-09,2,2026-05-23,"wk inc flu hosp","quantile",0.85,59.3240676566187
"25",2026-05-09,2,2026-05-23,"wk inc flu hosp","quantile",0.9,68.2058349506103
"25",2026-05-09,2,2026-05-23,"wk inc flu hosp","quantile",0.95,83.5562443379162
"25",2026-05-09,2,2026-05-23,"wk inc flu hosp","quantile",0.975,99.4570317023534
"25",2026-05-09,2,2026-05-23,"wk inc flu hosp","quantile",0.99,127.691500124861
"25",2026-05-09,3,2026-05-30,"wk inc flu hosp","quantile",0.01,0.540806871025678
"25",2026-05-09,3,2026-05-30,"wk inc flu hosp","quantile",0.025,1.96068961112794
"25",2026-05-09,3,2026-05-30,"wk inc flu hosp","quantile",0.05,3.52321197553283
"25",2026-05-09,3,2026-05-30,"wk inc flu hosp","quantile",0.1,4.98075466388955
"25",2026-05-09,3,2026-05-30,"wk inc flu hosp","quantile",0.15,9.09161095943168
"25",2026-05-09,3,2026-05-30,"wk inc flu hosp","quantile",0.2,12.7365001418884
"25",2026-05-09,3,2026-05-30,"wk inc flu hosp","quantile",0.25,16.7107607041389
"25",2026-05-09,3,2026-05-30,"wk inc flu hosp","quantile",0.3,19.8429355716561
"25",2026-05-09,3,2026-05-30,"wk inc flu hosp","quantile",0.35,22.8442760023487
"25",2026-05-09,3,2026-05-30,"wk inc flu hosp","quantile",0.4,25.4152938032766
"25",2026-05-09,3,2026-05-30,"wk inc flu hosp","quantile",0.45,28.7600526088029
"25",2026-05-09,3,2026-05-30,"wk inc flu hosp","quantile",0.5,32.0560503383402
"25",2026-05-09,3,2026-05-30,"wk inc flu hosp","quantile",0.55,36.0449107785185
"25",2026-05-09,3,2026-05-30,"wk inc flu hosp","quantile",0.6,40.4965705963978
"25",2026-05-09,3,2026-05-30,"wk inc flu hosp","quantile",0.65,44.3070963550811
"25",2026-05-09,3,2026-05-30,"wk inc flu hosp","quantile",0.7,49.12119807757
"25",2026-05-09,3,2026-05-30,"wk inc flu hosp","quantile",0.75,54.9066886263712
"25",2026-05-09,3,2026-05-30,"wk inc flu hosp","quantile",0.8,61.6093369482591
"25",2026-05-09,3,2026-05-30,"wk inc flu hosp","quantile",0.85,71.0014618972467
"25",2026-05-09,3,2026-05-30,"wk inc flu hosp","quantile",0.9,82.5986945560366
"25",2026-05-09,3,2026-05-30,"wk inc flu hosp","quantile",0.95,102.663610139858
"25",2026-05-09,3,2026-05-30,"wk inc flu hosp","quantile",0.975,125.88530604877
"25",2026-05-09,3,2026-05-30,"wk inc flu hosp","quantile",0.99,158.50668948558
"26",2026-05-09,0,2026-05-09,"wk inc flu hosp","quantile",0.01,0
"26",2026-05-09,0,2026-05-09,"wk inc flu hosp","quantile",0.025,2.8082341985462
"26",2026-05-09,0,2026-05-09,"wk inc flu hosp","quantile",0.05,4.63398317442132
"26",2026-05-09,0,2026-05-09,"wk inc flu hosp","quantile",0.1,8.2438358841929
"26",2026-05-09,0,2026-05-09,"wk inc flu hosp","quantile",0.15,11.1453313569356
"26",2026-05-09,0,2026-05-09,"wk inc flu hosp","quantile",0.2,13.6913714776819
"26",2026-05-09,0,2026-05-09,"wk inc flu hosp","quantile",0.25,15.5653877101645
"26",2026-05-09,0,2026-05-09,"wk inc flu hosp","quantile",0.3,17.3057537241213
"26",2026-05-09,0,2026-05-09,"wk inc flu hosp","quantile",0.35,19.72723797617
"26",2026-05-09,0,2026-05-09,"wk inc flu hosp","quantile",0.4,21.4580661883109
"26",2026-05-09,0,2026-05-09,"wk inc flu hosp","quantile",0.45,22.9747338306538
"26",2026-05-09,0,2026-05-09,"wk inc flu hosp","quantile",0.5,24.8205115930706
"26",2026-05-09,0,2026-05-09,"wk inc flu hosp","quantile",0.55,26.6150905936584
"26",2026-05-09,0,2026-05-09,"wk inc flu hosp","quantile",0.6,28.3594413634537
"26",2026-05-09,0,2026-05-09,"wk inc flu hosp","quantile",0.65,29.4971085496824
"26",2026-05-09,0,2026-05-09,"wk inc flu hosp","quantile",0.7,31.3953322093063
"26",2026-05-09,0,2026-05-09,"wk inc flu hosp","quantile",0.75,33.6969757211398
"26",2026-05-09,0,2026-05-09,"wk inc flu hosp","quantile",0.8,36.5701096548948
"26",2026-05-09,0,2026-05-09,"wk inc flu hosp","quantile",0.85,39.5357717707653
"26",2026-05-09,0,2026-05-09,"wk inc flu hosp","quantile",0.9,43.0461860212876
"26",2026-05-09,0,2026-05-09,"wk inc flu hosp","quantile",0.95,50.0172270989385
"26",2026-05-09,0,2026-05-09,"wk inc flu hosp","quantile",0.975,56.9667697556759
"26",2026-05-09,0,2026-05-09,"wk inc flu hosp","quantile",0.99,70.5651924821618
"26",2026-05-09,1,2026-05-16,"wk inc flu hosp","quantile",0.01,0
"26",2026-05-09,1,2026-05-16,"wk inc flu hosp","quantile",0.025,1.25973620998759
"26",2026-05-09,1,2026-05-16,"wk inc flu hosp","quantile",0.05,2.94109908233089
"26",2026-05-09,1,2026-05-16,"wk inc flu hosp","quantile",0.1,4.34415635005436
"26",2026-05-09,1,2026-05-16,"wk inc flu hosp","quantile",0.15,7.39243727843255
"26",2026-05-09,1,2026-05-16,"wk inc flu hosp","quantile",0.2,10.3876675656043
"26",2026-05-09,1,2026-05-16,"wk inc flu hosp","quantile",0.25,12.9371660740752
"26",2026-05-09,1,2026-05-16,"wk inc flu hosp","quantile",0.3,15.4213301156257
"26",2026-05-09,1,2026-05-16,"wk inc flu hosp","quantile",0.35,18.2935649654328
"26",2026-05-09,1,2026-05-16,"wk inc flu hosp","quantile",0.4,20.8649631675532
"26",2026-05-09,1,2026-05-16,"wk inc flu hosp","quantile",0.45,23.3812367781106
"26",2026-05-09,1,2026-05-16,"wk inc flu hosp","quantile",0.5,25.9157948882312
"26",2026-05-09,1,2026-05-16,"wk inc flu hosp","quantile",0.55,28.4985267042165
"26",2026-05-09,1,2026-05-16,"wk inc flu hosp","quantile",0.6,31.2979515449729
"26",2026-05-09,1,2026-05-16,"wk inc flu hosp","quantile",0.65,33.5548440514786
"26",2026-05-09,1,2026-05-16,"wk inc flu hosp","quantile",0.7,36.2153591179175
"26",2026-05-09,1,2026-05-16,"wk inc flu hosp","quantile",0.75,40.350071249486
"26",2026-05-09,1,2026-05-16,"wk inc flu hosp","quantile",0.8,44.2944255850225
"26",2026-05-09,1,2026-05-16,"wk inc flu hosp","quantile",0.85,49.687584700353
"26",2026-05-09,1,2026-05-16,"wk inc flu hosp","quantile",0.9,57.0695265875676
"26",2026-05-09,1,2026-05-16,"wk inc flu hosp","quantile",0.95,68.4635366547436
"26",2026-05-09,1,2026-05-16,"wk inc flu hosp","quantile",0.975,80.8181930031787
"26",2026-05-09,1,2026-05-16,"wk inc flu hosp","quantile",0.99,98.7845739304127
"26",2026-05-09,2,2026-05-23,"wk inc flu hosp","quantile",0.01,0
"26",2026-05-09,2,2026-05-23,"wk inc flu hosp","quantile",0.025,0.00452067881455339
"26",2026-05-09,2,2026-05-23,"wk inc flu hosp","quantile",0.05,1.64316758423067
"26",2026-05-09,2,2026-05-23,"wk inc flu hosp","quantile",0.1,3.3553810745099
"26",2026-05-09,2,2026-05-23,"wk inc flu hosp","quantile",0.15,4.98130933647437
"26",2026-05-09,2,2026-05-23,"wk inc flu hosp","quantile",0.2,8.7080456337135
"26",2026-05-09,2,2026-05-23,"wk inc flu hosp","quantile",0.25,11.9757493650966
"26",2026-05-09,2,2026-05-23,"wk inc flu hosp","quantile",0.3,15.0950769121283
"26",2026-05-09,2,2026-05-23,"wk inc flu hosp","quantile",0.35,18.1740780359658
"26",2026-05-09,2,2026-05-23,"wk inc flu hosp","quantile",0.4,21.2637362746542
"26",2026-05-09,2,2026-05-23,"wk inc flu hosp","quantile",0.45,24.6995411138634
"26",2026-05-09,2,2026-05-23,"wk inc flu hosp","quantile",0.5,27.4024526674923
"26",2026-05-09,2,2026-05-23,"wk inc flu hosp","quantile",0.55,30.6130981489934
"26",2026-05-09,2,2026-05-23,"wk inc flu hosp","quantile",0.6,34.3037551071697
"26",2026-05-09,2,2026-05-23,"wk inc flu hosp","quantile",0.65,38.3063532259777
"26",2026-05-09,2,2026-05-23,"wk inc flu hosp","quantile",0.7,42.7316596498036
"26",2026-05-09,2,2026-05-23,"wk inc flu hosp","quantile",0.75,46.985622508976
"26",2026-05-09,2,2026-05-23,"wk inc flu hosp","quantile",0.8,52.3100353382695
"26",2026-05-09,2,2026-05-23,"wk inc flu hosp","quantile",0.85,60.2396811512666
"26",2026-05-09,2,2026-05-23,"wk inc flu hosp","quantile",0.9,70.1792917494906
"26",2026-05-09,2,2026-05-23,"wk inc flu hosp","quantile",0.95,87.3567091555183
"26",2026-05-09,2,2026-05-23,"wk inc flu hosp","quantile",0.975,104.109696846031
"26",2026-05-09,2,2026-05-23,"wk inc flu hosp","quantile",0.99,129.628851942551
"26",2026-05-09,3,2026-05-30,"wk inc flu hosp","quantile",0.01,0
"26",2026-05-09,3,2026-05-30,"wk inc flu hosp","quantile",0.025,0
"26",2026-05-09,3,2026-05-30,"wk inc flu hosp","quantile",0.05,0.545214200740378
"26",2026-05-09,3,2026-05-30,"wk inc flu hosp","quantile",0.1,2.22519303835273
"26",2026-05-09,3,2026-05-30,"wk inc flu hosp","quantile",0.15,3.64138325957475
"26",2026-05-09,3,2026-05-30,"wk inc flu hosp","quantile",0.2,7.97274319039855
"26",2026-05-09,3,2026-05-30,"wk inc flu hosp","quantile",0.25,10.9626970844991
"26",2026-05-09,3,2026-05-30,"wk inc flu hosp","quantile",0.3,15.364600536901
"26",2026-05-09,3,2026-05-30,"wk inc flu hosp","quantile",0.35,19.8884588642488
"26",2026-05-09,3,2026-05-30,"wk inc flu hosp","quantile",0.4,23.2684333449428
"26",2026-05-09,3,2026-05-30,"wk inc flu hosp","quantile",0.45,26.6749746608926
"26",2026-05-09,3,2026-05-30,"wk inc flu hosp","quantile",0.5,30.5473644826617
"26",2026-05-09,3,2026-05-30,"wk inc flu hosp","quantile",0.55,34.6435167722948
"26",2026-05-09,3,2026-05-30,"wk inc flu hosp","quantile",0.6,38.9390517094887
"26",2026-05-09,3,2026-05-30,"wk inc flu hosp","quantile",0.65,43.4057888969133
"26",2026-05-09,3,2026-05-30,"wk inc flu hosp","quantile",0.7,49.3467220859202
"26",2026-05-09,3,2026-05-30,"wk inc flu hosp","quantile",0.75,55.4633399828181
"26",2026-05-09,3,2026-05-30,"wk inc flu hosp","quantile",0.8,62.5673202856516
"26",2026-05-09,3,2026-05-30,"wk inc flu hosp","quantile",0.85,73.2404400869197
"26",2026-05-09,3,2026-05-30,"wk inc flu hosp","quantile",0.9,86.1640896075106
"26",2026-05-09,3,2026-05-30,"wk inc flu hosp","quantile",0.95,109.118170171368
"26",2026-05-09,3,2026-05-30,"wk inc flu hosp","quantile",0.975,132.322305381199
"26",2026-05-09,3,2026-05-30,"wk inc flu hosp","quantile",0.99,162.921965071931
"27",2026-05-09,0,2026-05-09,"wk inc flu hosp","quantile",0.01,4.95309845674015
"27",2026-05-09,0,2026-05-09,"wk inc flu hosp","quantile",0.025,8.84446922247873
"27",2026-05-09,0,2026-05-09,"wk inc flu hosp","quantile",0.05,11.318388163523
"27",2026-05-09,0,2026-05-09,"wk inc flu hosp","quantile",0.1,14.5095037507876
"27",2026-05-09,0,2026-05-09,"wk inc flu hosp","quantile",0.15,16.5884639161976
"27",2026-05-09,0,2026-05-09,"wk inc flu hosp","quantile",0.2,19.0134192889897
"27",2026-05-09,0,2026-05-09,"wk inc flu hosp","quantile",0.25,20.2527897080899
"27",2026-05-09,0,2026-05-09,"wk inc flu hosp","quantile",0.3,21.6028351537016
"27",2026-05-09,0,2026-05-09,"wk inc flu hosp","quantile",0.35,23.8331004652412
"27",2026-05-09,0,2026-05-09,"wk inc flu hosp","quantile",0.4,25.7862546304396
"27",2026-05-09,0,2026-05-09,"wk inc flu hosp","quantile",0.45,27.7558523750968
"27",2026-05-09,0,2026-05-09,"wk inc flu hosp","quantile",0.5,29.7256806003425
"27",2026-05-09,0,2026-05-09,"wk inc flu hosp","quantile",0.55,32.0713061048993
"27",2026-05-09,0,2026-05-09,"wk inc flu hosp","quantile",0.6,34.1043521020096
"27",2026-05-09,0,2026-05-09,"wk inc flu hosp","quantile",0.65,36.1635046390512
"27",2026-05-09,0,2026-05-09,"wk inc flu hosp","quantile",0.7,38.2804471971882
"27",2026-05-09,0,2026-05-09,"wk inc flu hosp","quantile",0.75,40.8755747260955
"27",2026-05-09,0,2026-05-09,"wk inc flu hosp","quantile",0.8,43.9822802426496
"27",2026-05-09,0,2026-05-09,"wk inc flu hosp","quantile",0.85,46.983384116241
"27",2026-05-09,0,2026-05-09,"wk inc flu hosp","quantile",0.9,52.5205134049342
"27",2026-05-09,0,2026-05-09,"wk inc flu hosp","quantile",0.95,60.0499769876844
"27",2026-05-09,0,2026-05-09,"wk inc flu hosp","quantile",0.975,68.0506123450925
"27",2026-05-09,0,2026-05-09,"wk inc flu hosp","quantile",0.99,79.9610665819658
"27",2026-05-09,1,2026-05-16,"wk inc flu hosp","quantile",0.01,1.50201863803435
"27",2026-05-09,1,2026-05-16,"wk inc flu hosp","quantile",0.025,2.69281820404753
"27",2026-05-09,1,2026-05-16,"wk inc flu hosp","quantile",0.05,5.10496950790847
"27",2026-05-09,1,2026-05-16,"wk inc flu hosp","quantile",0.1,9.63304093247489
"27",2026-05-09,1,2026-05-16,"wk inc flu hosp","quantile",0.15,12.7549772904944
"27",2026-05-09,1,2026-05-16,"wk inc flu hosp","quantile",0.2,15.2277630580225
"27",2026-05-09,1,2026-05-16,"wk inc flu hosp","quantile",0.25,17.7981246239614
"27",2026-05-09,1,2026-05-16,"wk inc flu hosp","quantile",0.3,20.2095698436493
"27",2026-05-09,1,2026-05-16,"wk inc flu hosp","quantile",0.35,22.7600641975374
"27",2026-05-09,1,2026-05-16,"wk inc flu hosp","quantile",0.4,25.5159828523031
"27",2026-05-09,1,2026-05-16,"wk inc flu hosp","quantile",0.45,28.0886119832604
"27",2026-05-09,1,2026-05-16,"wk inc flu hosp","quantile",0.5,31.0595560456986
"27",2026-05-09,1,2026-05-16,"wk inc flu hosp","quantile",0.55,34.1137625193311
"27",2026-05-09,1,2026-05-16,"wk inc flu hosp","quantile",0.6,37.4997332784123
"27",2026-05-09,1,2026-05-16,"wk inc flu hosp","quantile",0.65,40.577165890556
"27",2026-05-09,1,2026-05-16,"wk inc flu hosp","quantile",0.7,44.4857597357973
"27",2026-05-09,1,2026-05-16,"wk inc flu hosp","quantile",0.75,48.1989354815364
"27",2026-05-09,1,2026-05-16,"wk inc flu hosp","quantile",0.8,53.6832426520392
"27",2026-05-09,1,2026-05-16,"wk inc flu hosp","quantile",0.85,59.8834946241207
"27",2026-05-09,1,2026-05-16,"wk inc flu hosp","quantile",0.9,67.8224945545551
"27",2026-05-09,1,2026-05-16,"wk inc flu hosp","quantile",0.95,81.973046318364
"27",2026-05-09,1,2026-05-16,"wk inc flu hosp","quantile",0.975,95.6908750964665
"27",2026-05-09,1,2026-05-16,"wk inc flu hosp","quantile",0.99,118.287514591071
"27",2026-05-09,2,2026-05-23,"wk inc flu hosp","quantile",0.01,0.512945688710883
"27",2026-05-09,2,2026-05-23,"wk inc flu hosp","quantile",0.025,0.806996881528074
"27",2026-05-09,2,2026-05-23,"wk inc flu hosp","quantile",0.05,0.866549052278237
"27",2026-05-09,2,2026-05-23,"wk inc flu hosp","quantile",0.1,5.02050149315063
"27",2026-05-09,2,2026-05-23,"wk inc flu hosp","quantile",0.15,9.50073351188904
"27",2026-05-09,2,2026-05-23,"wk inc flu hosp","quantile",0.2,12.9998954066331
"27",2026-05-09,2,2026-05-23,"wk inc flu hosp","quantile",0.25,16.189918851089
"27",2026-05-09,2,2026-05-23,"wk inc flu hosp","quantile",0.3,19.470282517834
"27",2026-05-09,2,2026-05-23,"wk inc flu hosp","quantile",0.35,22.735480103078
"27",2026-05-09,2,2026-05-23,"wk inc flu hosp","quantile",0.4,26.3401861930663
"27",2026-05-09,2,2026-05-23,"wk inc flu hosp","quantile",0.45,29.6583348622433
"27",2026-05-09,2,2026-05-23,"wk inc flu hosp","quantile",0.5,32.8176379086382
"27",2026-05-09,2,2026-05-23,"wk inc flu hosp","quantile",0.55,36.6922043331779
"27",2026-05-09,2,2026-05-23,"wk inc flu hosp","quantile",0.6,40.0941380065285
"27",2026-05-09,2,2026-05-23,"wk inc flu hosp","quantile",0.65,45.2954596448421
"27",2026-05-09,2,2026-05-23,"wk inc flu hosp","quantile",0.7,50.1202913270414
"27",2026-05-09,2,2026-05-23,"wk inc flu hosp","quantile",0.75,55.5625422367172
"27",2026-05-09,2,2026-05-23,"wk inc flu hosp","quantile",0.8,63.9275043910751
"27",2026-05-09,2,2026-05-23,"wk inc flu hosp","quantile",0.85,72.2925654576908
"27",2026-05-09,2,2026-05-23,"wk inc flu hosp","quantile",0.9,85.3224401237975
"27",2026-05-09,2,2026-05-23,"wk inc flu hosp","quantile",0.95,107.334396172782
"27",2026-05-09,2,2026-05-23,"wk inc flu hosp","quantile",0.975,124.004021364958
"27",2026-05-09,2,2026-05-23,"wk inc flu hosp","quantile",0.99,159.99100950929
"27",2026-05-09,3,2026-05-30,"wk inc flu hosp","quantile",0.01,0
"27",2026-05-09,3,2026-05-30,"wk inc flu hosp","quantile",0.025,0.126301602494606
"27",2026-05-09,3,2026-05-30,"wk inc flu hosp","quantile",0.05,0.409106424779451
"27",2026-05-09,3,2026-05-30,"wk inc flu hosp","quantile",0.1,3.6277576891188
"27",2026-05-09,3,2026-05-30,"wk inc flu hosp","quantile",0.15,7.59481069965248
"27",2026-05-09,3,2026-05-30,"wk inc flu hosp","quantile",0.2,12.0770874486623
"27",2026-05-09,3,2026-05-30,"wk inc flu hosp","quantile",0.25,15.2989342499349
"27",2026-05-09,3,2026-05-30,"wk inc flu hosp","quantile",0.3,18.9755878308493
"27",2026-05-09,3,2026-05-30,"wk inc flu hosp","quantile",0.35,22.6507085427572
"27",2026-05-09,3,2026-05-30,"wk inc flu hosp","quantile",0.4,26.6072208225744
"27",2026-05-09,3,2026-05-30,"wk inc flu hosp","quantile",0.45,30.3841371835587
"27",2026-05-09,3,2026-05-30,"wk inc flu hosp","quantile",0.5,35.0350980012485
"27",2026-05-09,3,2026-05-30,"wk inc flu hosp","quantile",0.55,39.5029352955329
"27",2026-05-09,3,2026-05-30,"wk inc flu hosp","quantile",0.6,44.7919986274985
"27",2026-05-09,3,2026-05-30,"wk inc flu hosp","quantile",0.65,50.3351537270836
"27",2026-05-09,3,2026-05-30,"wk inc flu hosp","quantile",0.7,57.0624616006106
"27",2026-05-09,3,2026-05-30,"wk inc flu hosp","quantile",0.75,64.7119631734107
"27",2026-05-09,3,2026-05-30,"wk inc flu hosp","quantile",0.8,74.1470463224497
"27",2026-05-09,3,2026-05-30,"wk inc flu hosp","quantile",0.85,88.088324232613
"27",2026-05-09,3,2026-05-30,"wk inc flu hosp","quantile",0.9,104.101956486563
"27",2026-05-09,3,2026-05-30,"wk inc flu hosp","quantile",0.95,133.87372822319
"27",2026-05-09,3,2026-05-30,"wk inc flu hosp","quantile",0.975,169.024877068635
"27",2026-05-09,3,2026-05-30,"wk inc flu hosp","quantile",0.99,200.26682780924
"28",2026-05-09,0,2026-05-09,"wk inc flu hosp","quantile",0.01,7.36577256505798
"28",2026-05-09,0,2026-05-09,"wk inc flu hosp","quantile",0.025,8.96489641334879
"28",2026-05-09,0,2026-05-09,"wk inc flu hosp","quantile",0.05,10.5644596479427
"28",2026-05-09,0,2026-05-09,"wk inc flu hosp","quantile",0.1,12.868002525854
"28",2026-05-09,0,2026-05-09,"wk inc flu hosp","quantile",0.15,14.0848850310719
"28",2026-05-09,0,2026-05-09,"wk inc flu hosp","quantile",0.2,15.2167599707332
"28",2026-05-09,0,2026-05-09,"wk inc flu hosp","quantile",0.25,16.3181306535455
"28",2026-05-09,0,2026-05-09,"wk inc flu hosp","quantile",0.3,17.1276911167453
"28",2026-05-09,0,2026-05-09,"wk inc flu hosp","quantile",0.35,18.5515033129297
"28",2026-05-09,0,2026-05-09,"wk inc flu hosp","quantile",0.4,19.6415219721266
"28",2026-05-09,0,2026-05-09,"wk inc flu hosp","quantile",0.45,20.7898154446343
"28",2026-05-09,0,2026-05-09,"wk inc flu hosp","quantile",0.5,22.0280015376185
"28",2026-05-09,0,2026-05-09,"wk inc flu hosp","quantile",0.55,23.248328832095
"28",2026-05-09,0,2026-05-09,"wk inc flu hosp","quantile",0.6,24.5541564759586
"28",2026-05-09,0,2026-05-09,"wk inc flu hosp","quantile",0.65,26.0196109312237
"28",2026-05-09,0,2026-05-09,"wk inc flu hosp","quantile",0.7,27.5443582161784
"28",2026-05-09,0,2026-05-09,"wk inc flu hosp","quantile",0.75,29.0369949597365
"28",2026-05-09,0,2026-05-09,"wk inc flu hosp","quantile",0.8,30.7217996204153
"28",2026-05-09,0,2026-05-09,"wk inc flu hosp","quantile",0.85,32.7586150867149
"28",2026-05-09,0,2026-05-09,"wk inc flu hosp","quantile",0.9,35.274121432591
"28",2026-05-09,0,2026-05-09,"wk inc flu hosp","quantile",0.95,39.9026358002098
"28",2026-05-09,0,2026-05-09,"wk inc flu hosp","quantile",0.975,44.464655405976
"28",2026-05-09,0,2026-05-09,"wk inc flu hosp","quantile",0.99,51.8587471092453
"28",2026-05-09,1,2026-05-16,"wk inc flu hosp","quantile",0.01,4.06282624171552
"28",2026-05-09,1,2026-05-16,"wk inc flu hosp","quantile",0.025,5.82781570427544
"28",2026-05-09,1,2026-05-16,"wk inc flu hosp","quantile",0.05,7.47858688101349
"28",2026-05-09,1,2026-05-16,"wk inc flu hosp","quantile",0.1,9.99723401079877
"28",2026-05-09,1,2026-05-16,"wk inc flu hosp","quantile",0.15,12.2731188426281
"28",2026-05-09,1,2026-05-16,"wk inc flu hosp","quantile",0.2,13.9185934343615
"28",2026-05-09,1,2026-05-16,"wk inc flu hosp","quantile",0.25,15.4393707011489
"28",2026-05-09,1,2026-05-16,"wk inc flu hosp","quantile",0.3,16.7599203913861
"28",2026-05-09,1,2026-05-16,"wk inc flu hosp","quantile",0.35,18.3637212382712
"28",2026-05-09,1,2026-05-16,"wk inc flu hosp","quantile",0.4,20.0862846386325
"28",2026-05-09,1,2026-05-16,"wk inc flu hosp","quantile",0.45,21.6270221602403
"28",2026-05-09,1,2026-05-16,"wk inc flu hosp","quantile",0.5,23.739595320107
"28",2026-05-09,1,2026-05-16,"wk inc flu hosp","quantile",0.55,25.8299055729413
"28",2026-05-09,1,2026-05-16,"wk inc flu hosp","quantile",0.6,27.8367928878926
"28",2026-05-09,1,2026-05-16,"wk inc flu hosp","quantile",0.65,29.7875022227495
"28",2026-05-09,1,2026-05-16,"wk inc flu hosp","quantile",0.7,32.1083795433053
"28",2026-05-09,1,2026-05-16,"wk inc flu hosp","quantile",0.75,34.5730500681622
"28",2026-05-09,1,2026-05-16,"wk inc flu hosp","quantile",0.8,37.1932940029614
"28",2026-05-09,1,2026-05-16,"wk inc flu hosp","quantile",0.85,41.2126776002677
"28",2026-05-09,1,2026-05-16,"wk inc flu hosp","quantile",0.9,45.0675681241301
"28",2026-05-09,1,2026-05-16,"wk inc flu hosp","quantile",0.95,52.2069859813361
"28",2026-05-09,1,2026-05-16,"wk inc flu hosp","quantile",0.975,61.3184508502072
"28",2026-05-09,1,2026-05-16,"wk inc flu hosp","quantile",0.99,73.4696099595791
"28",2026-05-09,2,2026-05-23,"wk inc flu hosp","quantile",0.01,2.58952378739617
"28",2026-05-09,2,2026-05-23,"wk inc flu hosp","quantile",0.025,3.59069780036978
"28",2026-05-09,2,2026-05-23,"wk inc flu hosp","quantile",0.05,5.13395659177467
"28",2026-05-09,2,2026-05-23,"wk inc flu hosp","quantile",0.1,8.56906725399178
"28",2026-05-09,2,2026-05-23,"wk inc flu hosp","quantile",0.15,10.852817113488
"28",2026-05-09,2,2026-05-23,"wk inc flu hosp","quantile",0.2,12.8017914003205
"28",2026-05-09,2,2026-05-23,"wk inc flu hosp","quantile",0.25,14.9527181321917
"28",2026-05-09,2,2026-05-23,"wk inc flu hosp","quantile",0.3,16.910201912418
"28",2026-05-09,2,2026-05-23,"wk inc flu hosp","quantile",0.35,19.0279185567423
"28",2026-05-09,2,2026-05-23,"wk inc flu hosp","quantile",0.4,21.0622735207355
"28",2026-05-09,2,2026-05-23,"wk inc flu hosp","quantile",0.45,23.0691317165055
"28",2026-05-09,2,2026-05-23,"wk inc flu hosp","quantile",0.5,25.4495116195247
"28",2026-05-09,2,2026-05-23,"wk inc flu hosp","quantile",0.55,27.5711223535295
"28",2026-05-09,2,2026-05-23,"wk inc flu hosp","quantile",0.6,30.215346563656
"28",2026-05-09,2,2026-05-23,"wk inc flu hosp","quantile",0.65,33.0621792428678
"28",2026-05-09,2,2026-05-23,"wk inc flu hosp","quantile",0.7,36.5085810362588
"28",2026-05-09,2,2026-05-23,"wk inc flu hosp","quantile",0.75,40.4380223531898
"28",2026-05-09,2,2026-05-23,"wk inc flu hosp","quantile",0.8,44.6068946674391
"28",2026-05-09,2,2026-05-23,"wk inc flu hosp","quantile",0.85,49.7350801987015
"28",2026-05-09,2,2026-05-23,"wk inc flu hosp","quantile",0.9,57.1279006777793
"28",2026-05-09,2,2026-05-23,"wk inc flu hosp","quantile",0.95,68.3650979913833
"28",2026-05-09,2,2026-05-23,"wk inc flu hosp","quantile",0.975,80.8253410913826
"28",2026-05-09,2,2026-05-23,"wk inc flu hosp","quantile",0.99,94.8345139959747
"28",2026-05-09,3,2026-05-30,"wk inc flu hosp","quantile",0.01,2.23925239768754
"28",2026-05-09,3,2026-05-30,"wk inc flu hosp","quantile",0.025,2.26682335756243
"28",2026-05-09,3,2026-05-30,"wk inc flu hosp","quantile",0.05,3.89345764204695
"28",2026-05-09,3,2026-05-30,"wk inc flu hosp","quantile",0.1,7.40460215231653
"28",2026-05-09,3,2026-05-30,"wk inc flu hosp","quantile",0.15,10.1847195706327
"28",2026-05-09,3,2026-05-30,"wk inc flu hosp","quantile",0.2,12.4948159270614
"28",2026-05-09,3,2026-05-30,"wk inc flu hosp","quantile",0.25,15.0644737676702
"28",2026-05-09,3,2026-05-30,"wk inc flu hosp","quantile",0.3,17.400935064632
"28",2026-05-09,3,2026-05-30,"wk inc flu hosp","quantile",0.35,19.7962108568604
"28",2026-05-09,3,2026-05-30,"wk inc flu hosp","quantile",0.4,22.8565746167749
"28",2026-05-09,3,2026-05-30,"wk inc flu hosp","quantile",0.45,25.467168635889
"28",2026-05-09,3,2026-05-30,"wk inc flu hosp","quantile",0.5,27.9867743824507
"28",2026-05-09,3,2026-05-30,"wk inc flu hosp","quantile",0.55,31.0197752120332
"28",2026-05-09,3,2026-05-30,"wk inc flu hosp","quantile",0.6,34.539462384718
"28",2026-05-09,3,2026-05-30,"wk inc flu hosp","quantile",0.65,37.886984331918
"28",2026-05-09,3,2026-05-30,"wk inc flu hosp","quantile",0.7,42.1624270596673
"28",2026-05-09,3,2026-05-30,"wk inc flu hosp","quantile",0.75,46.4150637387057
"28",2026-05-09,3,2026-05-30,"wk inc flu hosp","quantile",0.8,52.3172635662533
"28",2026-05-09,3,2026-05-30,"wk inc flu hosp","quantile",0.85,59.2825993162442
"28",2026-05-09,3,2026-05-30,"wk inc flu hosp","quantile",0.9,68.7656472205118
"28",2026-05-09,3,2026-05-30,"wk inc flu hosp","quantile",0.95,85.3386748725117
"28",2026-05-09,3,2026-05-30,"wk inc flu hosp","quantile",0.975,103.120958126453
"28",2026-05-09,3,2026-05-30,"wk inc flu hosp","quantile",0.99,125.998434718715
"29",2026-05-09,0,2026-05-09,"wk inc flu hosp","quantile",0.01,0
"29",2026-05-09,0,2026-05-09,"wk inc flu hosp","quantile",0.025,0
"29",2026-05-09,0,2026-05-09,"wk inc flu hosp","quantile",0.05,0
"29",2026-05-09,0,2026-05-09,"wk inc flu hosp","quantile",0.1,0.0154709963654688
"29",2026-05-09,0,2026-05-09,"wk inc flu hosp","quantile",0.15,0.80296370788645
"29",2026-05-09,0,2026-05-09,"wk inc flu hosp","quantile",0.2,1.48909959695684
"29",2026-05-09,0,2026-05-09,"wk inc flu hosp","quantile",0.25,2.42088187603931
"29",2026-05-09,0,2026-05-09,"wk inc flu hosp","quantile",0.3,3.77987817219219
"29",2026-05-09,0,2026-05-09,"wk inc flu hosp","quantile",0.35,5.11908768572803
"29",2026-05-09,0,2026-05-09,"wk inc flu hosp","quantile",0.4,6.31990951013707
"29",2026-05-09,0,2026-05-09,"wk inc flu hosp","quantile",0.45,7.64133594504241
"29",2026-05-09,0,2026-05-09,"wk inc flu hosp","quantile",0.5,8.42637534780477
"29",2026-05-09,0,2026-05-09,"wk inc flu hosp","quantile",0.55,9.42235265726711
"29",2026-05-09,0,2026-05-09,"wk inc flu hosp","quantile",0.6,10.2891199744127
"29",2026-05-09,0,2026-05-09,"wk inc flu hosp","quantile",0.65,11.6196352849649
"29",2026-05-09,0,2026-05-09,"wk inc flu hosp","quantile",0.7,13.2600465890759
"29",2026-05-09,0,2026-05-09,"wk inc flu hosp","quantile",0.75,15.0368042605019
"29",2026-05-09,0,2026-05-09,"wk inc flu hosp","quantile",0.8,16.8908883779977
"29",2026-05-09,0,2026-05-09,"wk inc flu hosp","quantile",0.85,18.5366480984018
"29",2026-05-09,0,2026-05-09,"wk inc flu hosp","quantile",0.9,20.7639268199374
"29",2026-05-09,0,2026-05-09,"wk inc flu hosp","quantile",0.95,24.8262717897341
"29",2026-05-09,0,2026-05-09,"wk inc flu hosp","quantile",0.975,30.0388149004354
"29",2026-05-09,0,2026-05-09,"wk inc flu hosp","quantile",0.99,39.3041129364795
"29",2026-05-09,1,2026-05-16,"wk inc flu hosp","quantile",0.01,0
"29",2026-05-09,1,2026-05-16,"wk inc flu hosp","quantile",0.025,0
"29",2026-05-09,1,2026-05-16,"wk inc flu hosp","quantile",0.05,0
"29",2026-05-09,1,2026-05-16,"wk inc flu hosp","quantile",0.1,0
"29",2026-05-09,1,2026-05-16,"wk inc flu hosp","quantile",0.15,0.255914724900871
"29",2026-05-09,1,2026-05-16,"wk inc flu hosp","quantile",0.2,0.809811664426801
"29",2026-05-09,1,2026-05-16,"wk inc flu hosp","quantile",0.25,1.74312352913989
"29",2026-05-09,1,2026-05-16,"wk inc flu hosp","quantile",0.3,2.64287477137001
"29",2026-05-09,1,2026-05-16,"wk inc flu hosp","quantile",0.35,4.18620397144317
"29",2026-05-09,1,2026-05-16,"wk inc flu hosp","quantile",0.4,5.91003150588598
"29",2026-05-09,1,2026-05-16,"wk inc flu hosp","quantile",0.45,7.42935963173102
"29",2026-05-09,1,2026-05-16,"wk inc flu hosp","quantile",0.5,8.54432521100963
"29",2026-05-09,1,2026-05-16,"wk inc flu hosp","quantile",0.55,9.96861362871815
"29",2026-05-09,1,2026-05-16,"wk inc flu hosp","quantile",0.6,11.4726560190869
"29",2026-05-09,1,2026-05-16,"wk inc flu hosp","quantile",0.65,13.2046369612768
"29",2026-05-09,1,2026-05-16,"wk inc flu hosp","quantile",0.7,15.4682489343423
"29",2026-05-09,1,2026-05-16,"wk inc flu hosp","quantile",0.75,18.3686188176458
"29",2026-05-09,1,2026-05-16,"wk inc flu hosp","quantile",0.8,21.2496997099416
"29",2026-05-09,1,2026-05-16,"wk inc flu hosp","quantile",0.85,24.1054319805117
"29",2026-05-09,1,2026-05-16,"wk inc flu hosp","quantile",0.9,28.7491598295146
"29",2026-05-09,1,2026-05-16,"wk inc flu hosp","quantile",0.95,36.1030633788935
"29",2026-05-09,1,2026-05-16,"wk inc flu hosp","quantile",0.975,43.6663854101621
"29",2026-05-09,1,2026-05-16,"wk inc flu hosp","quantile",0.99,59.9134994182443
"29",2026-05-09,2,2026-05-23,"wk inc flu hosp","quantile",0.01,0
"29",2026-05-09,2,2026-05-23,"wk inc flu hosp","quantile",0.025,0
"29",2026-05-09,2,2026-05-23,"wk inc flu hosp","quantile",0.05,0
"29",2026-05-09,2,2026-05-23,"wk inc flu hosp","quantile",0.1,0
"29",2026-05-09,2,2026-05-23,"wk inc flu hosp","quantile",0.15,0
"29",2026-05-09,2,2026-05-23,"wk inc flu hosp","quantile",0.2,0.575283017279165
"29",2026-05-09,2,2026-05-23,"wk inc flu hosp","quantile",0.25,1.62756747739985
"29",2026-05-09,2,2026-05-23,"wk inc flu hosp","quantile",0.3,2.72233703618314
"29",2026-05-09,2,2026-05-23,"wk inc flu hosp","quantile",0.35,4.67564863234055
"29",2026-05-09,2,2026-05-23,"wk inc flu hosp","quantile",0.4,6.91065923700614
"29",2026-05-09,2,2026-05-23,"wk inc flu hosp","quantile",0.45,8.90111131238617
"29",2026-05-09,2,2026-05-23,"wk inc flu hosp","quantile",0.5,10.2673443283124
"29",2026-05-09,2,2026-05-23,"wk inc flu hosp","quantile",0.55,12.383002317235
"29",2026-05-09,2,2026-05-23,"wk inc flu hosp","quantile",0.6,14.3517048913331
"29",2026-05-09,2,2026-05-23,"wk inc flu hosp","quantile",0.65,16.7761412031491
"29",2026-05-09,2,2026-05-23,"wk inc flu hosp","quantile",0.7,19.8518925176053
"29",2026-05-09,2,2026-05-23,"wk inc flu hosp","quantile",0.75,23.0512796396819
"29",2026-05-09,2,2026-05-23,"wk inc flu hosp","quantile",0.8,26.689410979034
"29",2026-05-09,2,2026-05-23,"wk inc flu hosp","quantile",0.85,31.07729312437
"29",2026-05-09,2,2026-05-23,"wk inc flu hosp","quantile",0.9,38.2216606107162
"29",2026-05-09,2,2026-05-23,"wk inc flu hosp","quantile",0.95,48.6153178867015
"29",2026-05-09,2,2026-05-23,"wk inc flu hosp","quantile",0.975,63.1289416921493
"29",2026-05-09,2,2026-05-23,"wk inc flu hosp","quantile",0.99,81.4548943019998
"29",2026-05-09,3,2026-05-30,"wk inc flu hosp","quantile",0.01,0
"29",2026-05-09,3,2026-05-30,"wk inc flu hosp","quantile",0.025,0
"29",2026-05-09,3,2026-05-30,"wk inc flu hosp","quantile",0.05,0
"29",2026-05-09,3,2026-05-30,"wk inc flu hosp","quantile",0.1,0
"29",2026-05-09,3,2026-05-30,"wk inc flu hosp","quantile",0.15,0
"29",2026-05-09,3,2026-05-30,"wk inc flu hosp","quantile",0.2,0.120434659744936
"29",2026-05-09,3,2026-05-30,"wk inc flu hosp","quantile",0.25,1.15014641178787
"29",2026-05-09,3,2026-05-30,"wk inc flu hosp","quantile",0.3,3.28112013761898
"29",2026-05-09,3,2026-05-30,"wk inc flu hosp","quantile",0.35,5.62028948482522
"29",2026-05-09,3,2026-05-30,"wk inc flu hosp","quantile",0.4,8.21858929240938
"29",2026-05-09,3,2026-05-30,"wk inc flu hosp","quantile",0.45,10.598447351892
"29",2026-05-09,3,2026-05-30,"wk inc flu hosp","quantile",0.5,13.004239398727
"29",2026-05-09,3,2026-05-30,"wk inc flu hosp","quantile",0.55,15.1440329385768
"29",2026-05-09,3,2026-05-30,"wk inc flu hosp","quantile",0.6,17.7994887169978
"29",2026-05-09,3,2026-05-30,"wk inc flu hosp","quantile",0.65,20.875542253004
"29",2026-05-09,3,2026-05-30,"wk inc flu hosp","quantile",0.7,23.9020550423236
"29",2026-05-09,3,2026-05-30,"wk inc flu hosp","quantile",0.75,27.8386909525601
"29",2026-05-09,3,2026-05-30,"wk inc flu hosp","quantile",0.8,33.2840019156728
"29",2026-05-09,3,2026-05-30,"wk inc flu hosp","quantile",0.85,40.3108934502137
"29",2026-05-09,3,2026-05-30,"wk inc flu hosp","quantile",0.9,49.7022903078301
"29",2026-05-09,3,2026-05-30,"wk inc flu hosp","quantile",0.95,63.3104153252009
"29",2026-05-09,3,2026-05-30,"wk inc flu hosp","quantile",0.975,84.0193575498348
"29",2026-05-09,3,2026-05-30,"wk inc flu hosp","quantile",0.99,108.118461243428
"30",2026-05-09,0,2026-05-09,"wk inc flu hosp","quantile",0.01,0
"30",2026-05-09,0,2026-05-09,"wk inc flu hosp","quantile",0.025,0
"30",2026-05-09,0,2026-05-09,"wk inc flu hosp","quantile",0.05,0
"30",2026-05-09,0,2026-05-09,"wk inc flu hosp","quantile",0.1,0
"30",2026-05-09,0,2026-05-09,"wk inc flu hosp","quantile",0.15,0
"30",2026-05-09,0,2026-05-09,"wk inc flu hosp","quantile",0.2,0
"30",2026-05-09,0,2026-05-09,"wk inc flu hosp","quantile",0.25,0
"30",2026-05-09,0,2026-05-09,"wk inc flu hosp","quantile",0.3,0.0816175239229872
"30",2026-05-09,0,2026-05-09,"wk inc flu hosp","quantile",0.35,0.212543853160216
"30",2026-05-09,0,2026-05-09,"wk inc flu hosp","quantile",0.4,0.326657226126909
"30",2026-05-09,0,2026-05-09,"wk inc flu hosp","quantile",0.45,0.481268483102444
"30",2026-05-09,0,2026-05-09,"wk inc flu hosp","quantile",0.5,0.549507377214197
"30",2026-05-09,0,2026-05-09,"wk inc flu hosp","quantile",0.55,0.685881010433464
"30",2026-05-09,0,2026-05-09,"wk inc flu hosp","quantile",0.6,0.94626711969342
"30",2026-05-09,0,2026-05-09,"wk inc flu hosp","quantile",0.65,1.17454367116356
"30",2026-05-09,0,2026-05-09,"wk inc flu hosp","quantile",0.7,1.53784716977324
"30",2026-05-09,0,2026-05-09,"wk inc flu hosp","quantile",0.75,1.94842749403149
"30",2026-05-09,0,2026-05-09,"wk inc flu hosp","quantile",0.8,2.28028939221847
"30",2026-05-09,0,2026-05-09,"wk inc flu hosp","quantile",0.85,2.63858287486936
"30",2026-05-09,0,2026-05-09,"wk inc flu hosp","quantile",0.9,3.10910955347226
"30",2026-05-09,0,2026-05-09,"wk inc flu hosp","quantile",0.95,3.97038441133125
"30",2026-05-09,0,2026-05-09,"wk inc flu hosp","quantile",0.975,4.5887907807518
"30",2026-05-09,0,2026-05-09,"wk inc flu hosp","quantile",0.99,5.91966836852514
"30",2026-05-09,1,2026-05-16,"wk inc flu hosp","quantile",0.01,0
"30",2026-05-09,1,2026-05-16,"wk inc flu hosp","quantile",0.025,0
"30",2026-05-09,1,2026-05-16,"wk inc flu hosp","quantile",0.05,0
"30",2026-05-09,1,2026-05-16,"wk inc flu hosp","quantile",0.1,0
"30",2026-05-09,1,2026-05-16,"wk inc flu hosp","quantile",0.15,0
"30",2026-05-09,1,2026-05-16,"wk inc flu hosp","quantile",0.2,0
"30",2026-05-09,1,2026-05-16,"wk inc flu hosp","quantile",0.25,0
"30",2026-05-09,1,2026-05-16,"wk inc flu hosp","quantile",0.3,0.0323540554103319
"30",2026-05-09,1,2026-05-16,"wk inc flu hosp","quantile",0.35,0.162718720858513
"30",2026-05-09,1,2026-05-16,"wk inc flu hosp","quantile",0.4,0.263542665993087
"30",2026-05-09,1,2026-05-16,"wk inc flu hosp","quantile",0.45,0.437213601741537
"30",2026-05-09,1,2026-05-16,"wk inc flu hosp","quantile",0.5,0.504121180949617
"30",2026-05-09,1,2026-05-16,"wk inc flu hosp","quantile",0.55,0.663339392194673
"30",2026-05-09,1,2026-05-16,"wk inc flu hosp","quantile",0.6,0.911472514927303
"30",2026-05-09,1,2026-05-16,"wk inc flu hosp","quantile",0.65,1.17457175229543
"30",2026-05-09,1,2026-05-16,"wk inc flu hosp","quantile",0.7,1.64494538028262
"30",2026-05-09,1,2026-05-16,"wk inc flu hosp","quantile",0.75,2.21180116908778
"30",2026-05-09,1,2026-05-16,"wk inc flu hosp","quantile",0.8,2.73628899967592
"30",2026-05-09,1,2026-05-16,"wk inc flu hosp","quantile",0.85,3.20815991580933
"30",2026-05-09,1,2026-05-16,"wk inc flu hosp","quantile",0.9,4.04553813648954
"30",2026-05-09,1,2026-05-16,"wk inc flu hosp","quantile",0.95,5.72573647155222
"30",2026-05-09,1,2026-05-16,"wk inc flu hosp","quantile",0.975,7.34663903946124
"30",2026-05-09,1,2026-05-16,"wk inc flu hosp","quantile",0.99,9.88925310455508
"30",2026-05-09,2,2026-05-23,"wk inc flu hosp","quantile",0.01,0
"30",2026-05-09,2,2026-05-23,"wk inc flu hosp","quantile",0.025,0
"30",2026-05-09,2,2026-05-23,"wk inc flu hosp","quantile",0.05,0
"30",2026-05-09,2,2026-05-23,"wk inc flu hosp","quantile",0.1,0
"30",2026-05-09,2,2026-05-23,"wk inc flu hosp","quantile",0.15,0
"30",2026-05-09,2,2026-05-23,"wk inc flu hosp","quantile",0.2,0
"30",2026-05-09,2,2026-05-23,"wk inc flu hosp","quantile",0.25,0
"30",2026-05-09,2,2026-05-23,"wk inc flu hosp","quantile",0.3,0.0428900777988627
"30",2026-05-09,2,2026-05-23,"wk inc flu hosp","quantile",0.35,0.150523443116121
"30",2026-05-09,2,2026-05-23,"wk inc flu hosp","quantile",0.4,0.24384127271972
"30",2026-05-09,2,2026-05-23,"wk inc flu hosp","quantile",0.45,0.397875396974922
"30",2026-05-09,2,2026-05-23,"wk inc flu hosp","quantile",0.5,0.484399250076931
"30",2026-05-09,2,2026-05-23,"wk inc flu hosp","quantile",0.55,0.643566461398901
"30",2026-05-09,2,2026-05-23,"wk inc flu hosp","quantile",0.6,0.8679741375794
"30",2026-05-09,2,2026-05-23,"wk inc flu hosp","quantile",0.65,1.40067821105164
"30",2026-05-09,2,2026-05-23,"wk inc flu hosp","quantile",0.7,1.94114132332462
"30",2026-05-09,2,2026-05-23,"wk inc flu hosp","quantile",0.75,2.67830544715769
"30",2026-05-09,2,2026-05-23,"wk inc flu hosp","quantile",0.8,3.30167443525415
"30",2026-05-09,2,2026-05-23,"wk inc flu hosp","quantile",0.85,4.12364023988228
"30",2026-05-09,2,2026-05-23,"wk inc flu hosp","quantile",0.9,5.31123983369162
"30",2026-05-09,2,2026-05-23,"wk inc flu hosp","quantile",0.95,8.33071876556091
"30",2026-05-09,2,2026-05-23,"wk inc flu hosp","quantile",0.975,10.3335320699227
"30",2026-05-09,2,2026-05-23,"wk inc flu hosp","quantile",0.99,14.5553331609909
"30",2026-05-09,3,2026-05-30,"wk inc flu hosp","quantile",0.01,0
"30",2026-05-09,3,2026-05-30,"wk inc flu hosp","quantile",0.025,0
"30",2026-05-09,3,2026-05-30,"wk inc flu hosp","quantile",0.05,0
"30",2026-05-09,3,2026-05-30,"wk inc flu hosp","quantile",0.1,0
"30",2026-05-09,3,2026-05-30,"wk inc flu hosp","quantile",0.15,0
"30",2026-05-09,3,2026-05-30,"wk inc flu hosp","quantile",0.2,0
"30",2026-05-09,3,2026-05-30,"wk inc flu hosp","quantile",0.25,0
"30",2026-05-09,3,2026-05-30,"wk inc flu hosp","quantile",0.3,0
"30",2026-05-09,3,2026-05-30,"wk inc flu hosp","quantile",0.35,0.0986383866947446
"30",2026-05-09,3,2026-05-30,"wk inc flu hosp","quantile",0.4,0.202362974191216
"30",2026-05-09,3,2026-05-30,"wk inc flu hosp","quantile",0.45,0.365678299063628
"30",2026-05-09,3,2026-05-30,"wk inc flu hosp","quantile",0.5,0.437593939536339
"30",2026-05-09,3,2026-05-30,"wk inc flu hosp","quantile",0.55,0.592009615471135
"30",2026-05-09,3,2026-05-30,"wk inc flu hosp","quantile",0.6,1.08801560400028
"30",2026-05-09,3,2026-05-30,"wk inc flu hosp","quantile",0.65,1.717098984287
"30",2026-05-09,3,2026-05-30,"wk inc flu hosp","quantile",0.7,2.4954345110423
"30",2026-05-09,3,2026-05-30,"wk inc flu hosp","quantile",0.75,3.32083425146083
"30",2026-05-09,3,2026-05-30,"wk inc flu hosp","quantile",0.8,4.26907895611005
"30",2026-05-09,3,2026-05-30,"wk inc flu hosp","quantile",0.85,5.37150043444821
"30",2026-05-09,3,2026-05-30,"wk inc flu hosp","quantile",0.9,7.1175591092938
"30",2026-05-09,3,2026-05-30,"wk inc flu hosp","quantile",0.95,10.9723533286275
"30",2026-05-09,3,2026-05-30,"wk inc flu hosp","quantile",0.975,14.2732215128832
"30",2026-05-09,3,2026-05-30,"wk inc flu hosp","quantile",0.99,20.5218436205052
"31",2026-05-09,0,2026-05-09,"wk inc flu hosp","quantile",0.01,0
"31",2026-05-09,0,2026-05-09,"wk inc flu hosp","quantile",0.025,0
"31",2026-05-09,0,2026-05-09,"wk inc flu hosp","quantile",0.05,0.00162249572036831
"31",2026-05-09,0,2026-05-09,"wk inc flu hosp","quantile",0.1,0.332811709665781
"31",2026-05-09,0,2026-05-09,"wk inc flu hosp","quantile",0.15,0.628182756709698
"31",2026-05-09,0,2026-05-09,"wk inc flu hosp","quantile",0.2,0.835911091720286
"31",2026-05-09,0,2026-05-09,"wk inc flu hosp","quantile",0.25,1.31075027540292
"31",2026-05-09,0,2026-05-09,"wk inc flu hosp","quantile",0.3,1.82341395938763
"31",2026-05-09,0,2026-05-09,"wk inc flu hosp","quantile",0.35,2.3435756705492
"31",2026-05-09,0,2026-05-09,"wk inc flu hosp","quantile",0.4,2.71461153318943
"31",2026-05-09,0,2026-05-09,"wk inc flu hosp","quantile",0.45,3.13689153651505
"31",2026-05-09,0,2026-05-09,"wk inc flu hosp","quantile",0.5,3.46370100470746
"31",2026-05-09,0,2026-05-09,"wk inc flu hosp","quantile",0.55,3.84568788248808
"31",2026-05-09,0,2026-05-09,"wk inc flu hosp","quantile",0.6,4.32852394107193
"31",2026-05-09,0,2026-05-09,"wk inc flu hosp","quantile",0.65,4.8647129391099
"31",2026-05-09,0,2026-05-09,"wk inc flu hosp","quantile",0.7,5.38457851031815
"31",2026-05-09,0,2026-05-09,"wk inc flu hosp","quantile",0.75,5.99048423043397
"31",2026-05-09,0,2026-05-09,"wk inc flu hosp","quantile",0.8,6.9253342955152
"31",2026-05-09,0,2026-05-09,"wk inc flu hosp","quantile",0.85,7.82700674436514
"31",2026-05-09,0,2026-05-09,"wk inc flu hosp","quantile",0.9,9.02114409936104
"31",2026-05-09,0,2026-05-09,"wk inc flu hosp","quantile",0.95,10.5650549701112
"31",2026-05-09,0,2026-05-09,"wk inc flu hosp","quantile",0.975,12.2110392832604
"31",2026-05-09,0,2026-05-09,"wk inc flu hosp","quantile",0.99,14.0875866057874
"31",2026-05-09,1,2026-05-16,"wk inc flu hosp","quantile",0.01,0
"31",2026-05-09,1,2026-05-16,"wk inc flu hosp","quantile",0.025,0
"31",2026-05-09,1,2026-05-16,"wk inc flu hosp","quantile",0.05,0
"31",2026-05-09,1,2026-05-16,"wk inc flu hosp","quantile",0.1,0.13081780734809
"31",2026-05-09,1,2026-05-16,"wk inc flu hosp","quantile",0.15,0.476983910457767
"31",2026-05-09,1,2026-05-16,"wk inc flu hosp","quantile",0.2,0.677056913674496
"31",2026-05-09,1,2026-05-16,"wk inc flu hosp","quantile",0.25,0.947631926263967
"31",2026-05-09,1,2026-05-16,"wk inc flu hosp","quantile",0.3,1.21021985646919
"31",2026-05-09,1,2026-05-16,"wk inc flu hosp","quantile",0.35,1.60253596228104
"31",2026-05-09,1,2026-05-16,"wk inc flu hosp","quantile",0.4,2.06381783947916
"31",2026-05-09,1,2026-05-16,"wk inc flu hosp","quantile",0.45,2.50920605373669
"31",2026-05-09,1,2026-05-16,"wk inc flu hosp","quantile",0.5,2.98136786234093
"31",2026-05-09,1,2026-05-16,"wk inc flu hosp","quantile",0.55,3.55927943980881
"31",2026-05-09,1,2026-05-16,"wk inc flu hosp","quantile",0.6,4.21510532647982
"31",2026-05-09,1,2026-05-16,"wk inc flu hosp","quantile",0.65,4.85884122099624
"31",2026-05-09,1,2026-05-16,"wk inc flu hosp","quantile",0.7,5.63662019046854
"31",2026-05-09,1,2026-05-16,"wk inc flu hosp","quantile",0.75,6.40880824636167
"31",2026-05-09,1,2026-05-16,"wk inc flu hosp","quantile",0.8,7.63219460368319
"31",2026-05-09,1,2026-05-16,"wk inc flu hosp","quantile",0.85,8.9999395906281
"31",2026-05-09,1,2026-05-16,"wk inc flu hosp","quantile",0.9,10.9044267287544
"31",2026-05-09,1,2026-05-16,"wk inc flu hosp","quantile",0.95,13.4930412712469
"31",2026-05-09,1,2026-05-16,"wk inc flu hosp","quantile",0.975,16.3735060199697
"31",2026-05-09,1,2026-05-16,"wk inc flu hosp","quantile",0.99,22.0486967438378
"31",2026-05-09,2,2026-05-23,"wk inc flu hosp","quantile",0.01,0
"31",2026-05-09,2,2026-05-23,"wk inc flu hosp","quantile",0.025,0
"31",2026-05-09,2,2026-05-23,"wk inc flu hosp","quantile",0.05,0
"31",2026-05-09,2,2026-05-23,"wk inc flu hosp","quantile",0.1,0.0120826692600832
"31",2026-05-09,2,2026-05-23,"wk inc flu hosp","quantile",0.15,0.362755609652287
"31",2026-05-09,2,2026-05-23,"wk inc flu hosp","quantile",0.2,0.617737647604889
"31",2026-05-09,2,2026-05-23,"wk inc flu hosp","quantile",0.25,0.865450455892966
"31",2026-05-09,2,2026-05-23,"wk inc flu hosp","quantile",0.3,1.16067444882593
"31",2026-05-09,2,2026-05-23,"wk inc flu hosp","quantile",0.35,1.5264982227117
"31",2026-05-09,2,2026-05-23,"wk inc flu hosp","quantile",0.4,1.9952453482524
"31",2026-05-09,2,2026-05-23,"wk inc flu hosp","quantile",0.45,2.66922173488898
"31",2026-05-09,2,2026-05-23,"wk inc flu hosp","quantile",0.5,3.43837433346095
"31",2026-05-09,2,2026-05-23,"wk inc flu hosp","quantile",0.55,4.08020530826833
"31",2026-05-09,2,2026-05-23,"wk inc flu hosp","quantile",0.6,4.94148190191756
"31",2026-05-09,2,2026-05-23,"wk inc flu hosp","quantile",0.65,5.84531693378259
"31",2026-05-09,2,2026-05-23,"wk inc flu hosp","quantile",0.7,6.96658641313318
"31",2026-05-09,2,2026-05-23,"wk inc flu hosp","quantile",0.75,8.17180938408759
"31",2026-05-09,2,2026-05-23,"wk inc flu hosp","quantile",0.8,9.81659180004159
"31",2026-05-09,2,2026-05-23,"wk inc flu hosp","quantile",0.85,11.6648250026769
"31",2026-05-09,2,2026-05-23,"wk inc flu hosp","quantile",0.9,14.3268683652331
"31",2026-05-09,2,2026-05-23,"wk inc flu hosp","quantile",0.95,18.2286134135108
"31",2026-05-09,2,2026-05-23,"wk inc flu hosp","quantile",0.975,22.569003944492
"31",2026-05-09,2,2026-05-23,"wk inc flu hosp","quantile",0.99,28.0933723975942
"31",2026-05-09,3,2026-05-30,"wk inc flu hosp","quantile",0.01,0
"31",2026-05-09,3,2026-05-30,"wk inc flu hosp","quantile",0.025,0
"31",2026-05-09,3,2026-05-30,"wk inc flu hosp","quantile",0.05,0
"31",2026-05-09,3,2026-05-30,"wk inc flu hosp","quantile",0.1,0
"31",2026-05-09,3,2026-05-30,"wk inc flu hosp","quantile",0.15,0.214819895580269
"31",2026-05-09,3,2026-05-30,"wk inc flu hosp","quantile",0.2,0.530549512122878
"31",2026-05-09,3,2026-05-30,"wk inc flu hosp","quantile",0.25,0.740815322579463
"31",2026-05-09,3,2026-05-30,"wk inc flu hosp","quantile",0.3,0.978143844141775
"31",2026-05-09,3,2026-05-30,"wk inc flu hosp","quantile",0.35,1.57316867422444
"31",2026-05-09,3,2026-05-30,"wk inc flu hosp","quantile",0.4,2.15457477354685
"31",2026-05-09,3,2026-05-30,"wk inc flu hosp","quantile",0.45,2.90606397667441
"31",2026-05-09,3,2026-05-30,"wk inc flu hosp","quantile",0.5,3.76210449782015
"31",2026-05-09,3,2026-05-30,"wk inc flu hosp","quantile",0.55,4.64244510241918
"31",2026-05-09,3,2026-05-30,"wk inc flu hosp","quantile",0.6,5.70837611206967
"31",2026-05-09,3,2026-05-30,"wk inc flu hosp","quantile",0.65,6.93953729784093
"31",2026-05-09,3,2026-05-30,"wk inc flu hosp","quantile",0.7,8.41399046001415
"31",2026-05-09,3,2026-05-30,"wk inc flu hosp","quantile",0.75,10.0756521870469
"31",2026-05-09,3,2026-05-30,"wk inc flu hosp","quantile",0.8,11.955733012885
"31",2026-05-09,3,2026-05-30,"wk inc flu hosp","quantile",0.85,14.2977431507996
"31",2026-05-09,3,2026-05-30,"wk inc flu hosp","quantile",0.9,18.0113300804852
"31",2026-05-09,3,2026-05-30,"wk inc flu hosp","quantile",0.95,24.5089770393096
"31",2026-05-09,3,2026-05-30,"wk inc flu hosp","quantile",0.975,30.4563093541139
"31",2026-05-09,3,2026-05-30,"wk inc flu hosp","quantile",0.99,40.0582758698003
"32",2026-05-09,0,2026-05-09,"wk inc flu hosp","quantile",0.01,13.2246030863945
"32",2026-05-09,0,2026-05-09,"wk inc flu hosp","quantile",0.025,16.1327813568412
"32",2026-05-09,0,2026-05-09,"wk inc flu hosp","quantile",0.05,17.8727572099465
"32",2026-05-09,0,2026-05-09,"wk inc flu hosp","quantile",0.1,20.5034856478362
"32",2026-05-09,0,2026-05-09,"wk inc flu hosp","quantile",0.15,22.2922295561856
"32",2026-05-09,0,2026-05-09,"wk inc flu hosp","quantile",0.2,23.2441599279586
"32",2026-05-09,0,2026-05-09,"wk inc flu hosp","quantile",0.25,24.6972443366338
"32",2026-05-09,0,2026-05-09,"wk inc flu hosp","quantile",0.3,26.1059918062447
"32",2026-05-09,0,2026-05-09,"wk inc flu hosp","quantile",0.35,27.8523570534202
"32",2026-05-09,0,2026-05-09,"wk inc flu hosp","quantile",0.4,29.2145111361596
"32",2026-05-09,0,2026-05-09,"wk inc flu hosp","quantile",0.45,31.0676975119091
"32",2026-05-09,0,2026-05-09,"wk inc flu hosp","quantile",0.5,32.5507395278386
"32",2026-05-09,0,2026-05-09,"wk inc flu hosp","quantile",0.55,33.9743205694148
"32",2026-05-09,0,2026-05-09,"wk inc flu hosp","quantile",0.6,35.5422921867951
"32",2026-05-09,0,2026-05-09,"wk inc flu hosp","quantile",0.65,37.272060877802
"32",2026-05-09,0,2026-05-09,"wk inc flu hosp","quantile",0.7,38.8293050448385
"32",2026-05-09,0,2026-05-09,"wk inc flu hosp","quantile",0.75,40.5997457892503
"32",2026-05-09,0,2026-05-09,"wk inc flu hosp","quantile",0.8,42.5354558248623
"32",2026-05-09,0,2026-05-09,"wk inc flu hosp","quantile",0.85,45.393087862129
"32",2026-05-09,0,2026-05-09,"wk inc flu hosp","quantile",0.9,48.8527257492877
"32",2026-05-09,0,2026-05-09,"wk inc flu hosp","quantile",0.95,54.5117718502577
"32",2026-05-09,0,2026-05-09,"wk inc flu hosp","quantile",0.975,59.8941391764115
"32",2026-05-09,0,2026-05-09,"wk inc flu hosp","quantile",0.99,67.8781003266956
"32",2026-05-09,1,2026-05-16,"wk inc flu hosp","quantile",0.01,8.37907642789445
"32",2026-05-09,1,2026-05-16,"wk inc flu hosp","quantile",0.025,10.9385892627974
"32",2026-05-09,1,2026-05-16,"wk inc flu hosp","quantile",0.05,13.1704372956313
"32",2026-05-09,1,2026-05-16,"wk inc flu hosp","quantile",0.1,16.0889361004487
"32",2026-05-09,1,2026-05-16,"wk inc flu hosp","quantile",0.15,18.1865804034526
"32",2026-05-09,1,2026-05-16,"wk inc flu hosp","quantile",0.2,20.0205420778284
"32",2026-05-09,1,2026-05-16,"wk inc flu hosp","quantile",0.25,21.5944708861124
"32",2026-05-09,1,2026-05-16,"wk inc flu hosp","quantile",0.3,23.3603857089832
"32",2026-05-09,1,2026-05-16,"wk inc flu hosp","quantile",0.35,25.5045533027796
"32",2026-05-09,1,2026-05-16,"wk inc flu hosp","quantile",0.4,27.8106295999924
"32",2026-05-09,1,2026-05-16,"wk inc flu hosp","quantile",0.45,29.4745768509293
"32",2026-05-09,1,2026-05-16,"wk inc flu hosp","quantile",0.5,31.5939231607879
"32",2026-05-09,1,2026-05-16,"wk inc flu hosp","quantile",0.55,33.4982351784961
"32",2026-05-09,1,2026-05-16,"wk inc flu hosp","quantile",0.6,35.6529867212041
"32",2026-05-09,1,2026-05-16,"wk inc flu hosp","quantile",0.65,38.0712256329409
"32",2026-05-09,1,2026-05-16,"wk inc flu hosp","quantile",0.7,40.7509219519655
"32",2026-05-09,1,2026-05-16,"wk inc flu hosp","quantile",0.75,43.6683346634664
"32",2026-05-09,1,2026-05-16,"wk inc flu hosp","quantile",0.8,46.5270969338185
"32",2026-05-09,1,2026-05-16,"wk inc flu hosp","quantile",0.85,51.3747461507436
"32",2026-05-09,1,2026-05-16,"wk inc flu hosp","quantile",0.9,56.8266425641555
"32",2026-05-09,1,2026-05-16,"wk inc flu hosp","quantile",0.95,64.8606960798201
"32",2026-05-09,1,2026-05-16,"wk inc flu hosp","quantile",0.975,73.9255714132179
"32",2026-05-09,1,2026-05-16,"wk inc flu hosp","quantile",0.99,86.9925162169022
"32",2026-05-09,2,2026-05-23,"wk inc flu hosp","quantile",0.01,4.38109569743321
"32",2026-05-09,2,2026-05-23,"wk inc flu hosp","quantile",0.025,7.34155357341962
"32",2026-05-09,2,2026-05-23,"wk inc flu hosp","quantile",0.05,9.10364260072206
"32",2026-05-09,2,2026-05-23,"wk inc flu hosp","quantile",0.1,12.7597718341851
"32",2026-05-09,2,2026-05-23,"wk inc flu hosp","quantile",0.15,14.9932409516446
"32",2026-05-09,2,2026-05-23,"wk inc flu hosp","quantile",0.2,16.9421904953619
"32",2026-05-09,2,2026-05-23,"wk inc flu hosp","quantile",0.25,19.4362398647105
"32",2026-05-09,2,2026-05-23,"wk inc flu hosp","quantile",0.3,22.0442848525799
"32",2026-05-09,2,2026-05-23,"wk inc flu hosp","quantile",0.35,24.1310436330743
"32",2026-05-09,2,2026-05-23,"wk inc flu hosp","quantile",0.4,27.0500941012087
"32",2026-05-09,2,2026-05-23,"wk inc flu hosp","quantile",0.45,28.9758707599985
"32",2026-05-09,2,2026-05-23,"wk inc flu hosp","quantile",0.5,31.2303401951326
"32",2026-05-09,2,2026-05-23,"wk inc flu hosp","quantile",0.55,33.3975959586944
"32",2026-05-09,2,2026-05-23,"wk inc flu hosp","quantile",0.6,36.7493174666245
"32",2026-05-09,2,2026-05-23,"wk inc flu hosp","quantile",0.65,39.7509649235342
"32",2026-05-09,2,2026-05-23,"wk inc flu hosp","quantile",0.7,43.3546212571489
"32",2026-05-09,2,2026-05-23,"wk inc flu hosp","quantile",0.75,47.4435101824239
"32",2026-05-09,2,2026-05-23,"wk inc flu hosp","quantile",0.8,51.9539236758907
"32",2026-05-09,2,2026-05-23,"wk inc flu hosp","quantile",0.85,57.3365041249646
"32",2026-05-09,2,2026-05-23,"wk inc flu hosp","quantile",0.9,64.9605936327289
"32",2026-05-09,2,2026-05-23,"wk inc flu hosp","quantile",0.95,76.3686233871464
"32",2026-05-09,2,2026-05-23,"wk inc flu hosp","quantile",0.975,89.2064970712155
"32",2026-05-09,2,2026-05-23,"wk inc flu hosp","quantile",0.99,109.593149753644
"32",2026-05-09,3,2026-05-30,"wk inc flu hosp","quantile",0.01,3.73530609719492
"32",2026-05-09,3,2026-05-30,"wk inc flu hosp","quantile",0.025,4.91441719661586
"32",2026-05-09,3,2026-05-30,"wk inc flu hosp","quantile",0.05,7.0820272148101
"32",2026-05-09,3,2026-05-30,"wk inc flu hosp","quantile",0.1,10.6473678097374
"32",2026-05-09,3,2026-05-30,"wk inc flu hosp","quantile",0.15,13.3341788823718
"32",2026-05-09,3,2026-05-30,"wk inc flu hosp","quantile",0.2,15.7328613492114
"32",2026-05-09,3,2026-05-30,"wk inc flu hosp","quantile",0.25,18.5190121216163
"32",2026-05-09,3,2026-05-30,"wk inc flu hosp","quantile",0.3,21.4551177118019
"32",2026-05-09,3,2026-05-30,"wk inc flu hosp","quantile",0.35,24.0375883314101
"32",2026-05-09,3,2026-05-30,"wk inc flu hosp","quantile",0.4,26.9408387332212
"32",2026-05-09,3,2026-05-30,"wk inc flu hosp","quantile",0.45,29.4011095143637
"32",2026-05-09,3,2026-05-30,"wk inc flu hosp","quantile",0.5,32.4152154018431
"32",2026-05-09,3,2026-05-30,"wk inc flu hosp","quantile",0.55,34.7486330511223
"32",2026-05-09,3,2026-05-30,"wk inc flu hosp","quantile",0.6,38.6924359015831
"32",2026-05-09,3,2026-05-30,"wk inc flu hosp","quantile",0.65,42.4323203562678
"32",2026-05-09,3,2026-05-30,"wk inc flu hosp","quantile",0.7,46.4238797028535
"32",2026-05-09,3,2026-05-30,"wk inc flu hosp","quantile",0.75,51.4477427763093
"32",2026-05-09,3,2026-05-30,"wk inc flu hosp","quantile",0.8,57.3793604310984
"32",2026-05-09,3,2026-05-30,"wk inc flu hosp","quantile",0.85,64.6176171977844
"32",2026-05-09,3,2026-05-30,"wk inc flu hosp","quantile",0.9,73.3513796151403
"32",2026-05-09,3,2026-05-30,"wk inc flu hosp","quantile",0.95,89.2423955152191
"32",2026-05-09,3,2026-05-30,"wk inc flu hosp","quantile",0.975,106.317851027215
"32",2026-05-09,3,2026-05-30,"wk inc flu hosp","quantile",0.99,127.276438692769
"33",2026-05-09,0,2026-05-09,"wk inc flu hosp","quantile",0.01,0
"33",2026-05-09,0,2026-05-09,"wk inc flu hosp","quantile",0.025,0
"33",2026-05-09,0,2026-05-09,"wk inc flu hosp","quantile",0.05,0
"33",2026-05-09,0,2026-05-09,"wk inc flu hosp","quantile",0.1,0
"33",2026-05-09,0,2026-05-09,"wk inc flu hosp","quantile",0.15,0
"33",2026-05-09,0,2026-05-09,"wk inc flu hosp","quantile",0.2,0
"33",2026-05-09,0,2026-05-09,"wk inc flu hosp","quantile",0.25,0.105792618866713
"33",2026-05-09,0,2026-05-09,"wk inc flu hosp","quantile",0.3,0.276941258091347
"33",2026-05-09,0,2026-05-09,"wk inc flu hosp","quantile",0.35,0.467824908194011
"33",2026-05-09,0,2026-05-09,"wk inc flu hosp","quantile",0.4,0.583084075838763
"33",2026-05-09,0,2026-05-09,"wk inc flu hosp","quantile",0.45,0.671450271395291
"33",2026-05-09,0,2026-05-09,"wk inc flu hosp","quantile",0.5,0.871057514832322
"33",2026-05-09,0,2026-05-09,"wk inc flu hosp","quantile",0.55,1.09884791469075
"33",2026-05-09,0,2026-05-09,"wk inc flu hosp","quantile",0.6,1.37913939169853
"33",2026-05-09,0,2026-05-09,"wk inc flu hosp","quantile",0.65,1.645309128979
"33",2026-05-09,0,2026-05-09,"wk inc flu hosp","quantile",0.7,1.92292676076051
"33",2026-05-09,0,2026-05-09,"wk inc flu hosp","quantile",0.75,2.20871765506162
"33",2026-05-09,0,2026-05-09,"wk inc flu hosp","quantile",0.8,2.73725231975387
"33",2026-05-09,0,2026-05-09,"wk inc flu hosp","quantile",0.85,3.28448645426339
"33",2026-05-09,0,2026-05-09,"wk inc flu hosp","quantile",0.9,4.07915040718304
"33",2026-05-09,0,2026-05-09,"wk inc flu hosp","quantile",0.95,5.3261315797769
"33",2026-05-09,0,2026-05-09,"wk inc flu hosp","quantile",0.975,6.23320076495871
"33",2026-05-09,0,2026-05-09,"wk inc flu hosp","quantile",0.99,7.87280787778714
"33",2026-05-09,1,2026-05-16,"wk inc flu hosp","quantile",0.01,0
"33",2026-05-09,1,2026-05-16,"wk inc flu hosp","quantile",0.025,0
"33",2026-05-09,1,2026-05-16,"wk inc flu hosp","quantile",0.05,0
"33",2026-05-09,1,2026-05-16,"wk inc flu hosp","quantile",0.1,0
"33",2026-05-09,1,2026-05-16,"wk inc flu hosp","quantile",0.15,0
"33",2026-05-09,1,2026-05-16,"wk inc flu hosp","quantile",0.2,0
"33",2026-05-09,1,2026-05-16,"wk inc flu hosp","quantile",0.25,0.00673907939929419
"33",2026-05-09,1,2026-05-16,"wk inc flu hosp","quantile",0.3,0.169485420167495
"33",2026-05-09,1,2026-05-16,"wk inc flu hosp","quantile",0.35,0.353433498292676
"33",2026-05-09,1,2026-05-16,"wk inc flu hosp","quantile",0.4,0.457452979505586
"33",2026-05-09,1,2026-05-16,"wk inc flu hosp","quantile",0.45,0.566664992633195
"33",2026-05-09,1,2026-05-16,"wk inc flu hosp","quantile",0.5,0.645885031943132
"33",2026-05-09,1,2026-05-16,"wk inc flu hosp","quantile",0.55,1.00031127483946
"33",2026-05-09,1,2026-05-16,"wk inc flu hosp","quantile",0.6,1.4156392875396
"33",2026-05-09,1,2026-05-16,"wk inc flu hosp","quantile",0.65,1.78676544470489
"33",2026-05-09,1,2026-05-16,"wk inc flu hosp","quantile",0.7,2.17971157375039
"33",2026-05-09,1,2026-05-16,"wk inc flu hosp","quantile",0.75,2.65946321139085
"33",2026-05-09,1,2026-05-16,"wk inc flu hosp","quantile",0.8,3.42920199864988
"33",2026-05-09,1,2026-05-16,"wk inc flu hosp","quantile",0.85,4.31116216729271
"33",2026-05-09,1,2026-05-16,"wk inc flu hosp","quantile",0.9,5.57074561240227
"33",2026-05-09,1,2026-05-16,"wk inc flu hosp","quantile",0.95,7.74161414090976
"33",2026-05-09,1,2026-05-16,"wk inc flu hosp","quantile",0.975,9.34876214830744
"33",2026-05-09,1,2026-05-16,"wk inc flu hosp","quantile",0.99,12.0755986898697
"33",2026-05-09,2,2026-05-23,"wk inc flu hosp","quantile",0.01,0
"33",2026-05-09,2,2026-05-23,"wk inc flu hosp","quantile",0.025,0
"33",2026-05-09,2,2026-05-23,"wk inc flu hosp","quantile",0.05,0
"33",2026-05-09,2,2026-05-23,"wk inc flu hosp","quantile",0.1,0
"33",2026-05-09,2,2026-05-23,"wk inc flu hosp","quantile",0.15,0
"33",2026-05-09,2,2026-05-23,"wk inc flu hosp","quantile",0.2,0
"33",2026-05-09,2,2026-05-23,"wk inc flu hosp","quantile",0.25,0
"33",2026-05-09,2,2026-05-23,"wk inc flu hosp","quantile",0.3,0.106545937534011
"33",2026-05-09,2,2026-05-23,"wk inc flu hosp","quantile",0.35,0.281000378851991
"33",2026-05-09,2,2026-05-23,"wk inc flu hosp","quantile",0.4,0.358812931338351
"33",2026-05-09,2,2026-05-23,"wk inc flu hosp","quantile",0.45,0.479208600502756
"33",2026-05-09,2,2026-05-23,"wk inc flu hosp","quantile",0.5,0.597391217057151
"33",2026-05-09,2,2026-05-23,"wk inc flu hosp","quantile",0.55,1.09396293624207
"33",2026-05-09,2,2026-05-23,"wk inc flu hosp","quantile",0.6,1.60021927656427
"33",2026-05-09,2,2026-05-23,"wk inc flu hosp","quantile",0.65,2.22293332054554
"33",2026-05-09,2,2026-05-23,"wk inc flu hosp","quantile",0.7,2.85120461659068
"33",2026-05-09,2,2026-05-23,"wk inc flu hosp","quantile",0.75,3.4550520645831
"33",2026-05-09,2,2026-05-23,"wk inc flu hosp","quantile",0.8,4.46772963799099
"33",2026-05-09,2,2026-05-23,"wk inc flu hosp","quantile",0.85,5.69879192753966
"33",2026-05-09,2,2026-05-23,"wk inc flu hosp","quantile",0.9,7.75002675153695
"33",2026-05-09,2,2026-05-23,"wk inc flu hosp","quantile",0.95,10.5015034480226
"33",2026-05-09,2,2026-05-23,"wk inc flu hosp","quantile",0.975,12.7209384135176
"33",2026-05-09,2,2026-05-23,"wk inc flu hosp","quantile",0.99,16.9518122850788
"33",2026-05-09,3,2026-05-30,"wk inc flu hosp","quantile",0.01,0
"33",2026-05-09,3,2026-05-30,"wk inc flu hosp","quantile",0.025,0
"33",2026-05-09,3,2026-05-30,"wk inc flu hosp","quantile",0.05,0
"33",2026-05-09,3,2026-05-30,"wk inc flu hosp","quantile",0.1,0
"33",2026-05-09,3,2026-05-30,"wk inc flu hosp","quantile",0.15,0
"33",2026-05-09,3,2026-05-30,"wk inc flu hosp","quantile",0.2,0
"33",2026-05-09,3,2026-05-30,"wk inc flu hosp","quantile",0.25,0
"33",2026-05-09,3,2026-05-30,"wk inc flu hosp","quantile",0.3,0
"33",2026-05-09,3,2026-05-30,"wk inc flu hosp","quantile",0.35,0.198688463448448
"33",2026-05-09,3,2026-05-30,"wk inc flu hosp","quantile",0.4,0.266347305202282
"33",2026-05-09,3,2026-05-30,"wk inc flu hosp","quantile",0.45,0.371740534746027
"33",2026-05-09,3,2026-05-30,"wk inc flu hosp","quantile",0.5,0.644253985276362
"33",2026-05-09,3,2026-05-30,"wk inc flu hosp","quantile",0.55,1.25677985186122
"33",2026-05-09,3,2026-05-30,"wk inc flu hosp","quantile",0.6,1.87375475200428
"33",2026-05-09,3,2026-05-30,"wk inc flu hosp","quantile",0.65,2.67104956207886
"33",2026-05-09,3,2026-05-30,"wk inc flu hosp","quantile",0.7,3.47853883780535
"33",2026-05-09,3,2026-05-30,"wk inc flu hosp","quantile",0.75,4.35925086276694
"33",2026-05-09,3,2026-05-30,"wk inc flu hosp","quantile",0.8,5.62102918807004
"33",2026-05-09,3,2026-05-30,"wk inc flu hosp","quantile",0.85,7.27061498164349
"33",2026-05-09,3,2026-05-30,"wk inc flu hosp","quantile",0.9,9.67481237104879
"33",2026-05-09,3,2026-05-30,"wk inc flu hosp","quantile",0.95,14.2824510351639
"33",2026-05-09,3,2026-05-30,"wk inc flu hosp","quantile",0.975,18.0574875887199
"33",2026-05-09,3,2026-05-30,"wk inc flu hosp","quantile",0.99,22.3173970384639
"34",2026-05-09,0,2026-05-09,"wk inc flu hosp","quantile",0.01,8.71555504737307
"34",2026-05-09,0,2026-05-09,"wk inc flu hosp","quantile",0.025,13.4228526310992
"34",2026-05-09,0,2026-05-09,"wk inc flu hosp","quantile",0.05,17.4067510241499
"34",2026-05-09,0,2026-05-09,"wk inc flu hosp","quantile",0.1,22.064202156808
"34",2026-05-09,0,2026-05-09,"wk inc flu hosp","quantile",0.15,25.6051760067369
"34",2026-05-09,0,2026-05-09,"wk inc flu hosp","quantile",0.2,28.2182063570986
"34",2026-05-09,0,2026-05-09,"wk inc flu hosp","quantile",0.25,30.1063585369455
"34",2026-05-09,0,2026-05-09,"wk inc flu hosp","quantile",0.3,31.743307316842
"34",2026-05-09,0,2026-05-09,"wk inc flu hosp","quantile",0.35,33.4482259060408
"34",2026-05-09,0,2026-05-09,"wk inc flu hosp","quantile",0.4,35.3381778221587
"34",2026-05-09,0,2026-05-09,"wk inc flu hosp","quantile",0.45,37.074127959259
"34",2026-05-09,0,2026-05-09,"wk inc flu hosp","quantile",0.5,38.9814271170876
"34",2026-05-09,0,2026-05-09,"wk inc flu hosp","quantile",0.55,41.4423914845726
"34",2026-05-09,0,2026-05-09,"wk inc flu hosp","quantile",0.6,44.0846497900636
"34",2026-05-09,0,2026-05-09,"wk inc flu hosp","quantile",0.65,46.4698106330801
"34",2026-05-09,0,2026-05-09,"wk inc flu hosp","quantile",0.7,48.9998819668662
"34",2026-05-09,0,2026-05-09,"wk inc flu hosp","quantile",0.75,52.2491400547642
"34",2026-05-09,0,2026-05-09,"wk inc flu hosp","quantile",0.8,55.3645018008768
"34",2026-05-09,0,2026-05-09,"wk inc flu hosp","quantile",0.85,59.0138795772422
"34",2026-05-09,0,2026-05-09,"wk inc flu hosp","quantile",0.9,63.9032140005054
"34",2026-05-09,0,2026-05-09,"wk inc flu hosp","quantile",0.95,72.7203714671702
"34",2026-05-09,0,2026-05-09,"wk inc flu hosp","quantile",0.975,82.0652823246629
"34",2026-05-09,0,2026-05-09,"wk inc flu hosp","quantile",0.99,100.696277426562
"34",2026-05-09,1,2026-05-16,"wk inc flu hosp","quantile",0.01,4.42755506702756
"34",2026-05-09,1,2026-05-16,"wk inc flu hosp","quantile",0.025,6.2964639016237
"34",2026-05-09,1,2026-05-16,"wk inc flu hosp","quantile",0.05,9.80841054699236
"34",2026-05-09,1,2026-05-16,"wk inc flu hosp","quantile",0.1,15.2583324166773
"34",2026-05-09,1,2026-05-16,"wk inc flu hosp","quantile",0.15,20.0408159047968
"34",2026-05-09,1,2026-05-16,"wk inc flu hosp","quantile",0.2,23.6046115494409
"34",2026-05-09,1,2026-05-16,"wk inc flu hosp","quantile",0.25,26.8162744544113
"34",2026-05-09,1,2026-05-16,"wk inc flu hosp","quantile",0.3,29.182109075834
"34",2026-05-09,1,2026-05-16,"wk inc flu hosp","quantile",0.35,31.2528693157381
"34",2026-05-09,1,2026-05-16,"wk inc flu hosp","quantile",0.4,34.0957213061451
"34",2026-05-09,1,2026-05-16,"wk inc flu hosp","quantile",0.45,37.4613466068926
"34",2026-05-09,1,2026-05-16,"wk inc flu hosp","quantile",0.5,40.7723352568073
"34",2026-05-09,1,2026-05-16,"wk inc flu hosp","quantile",0.55,43.6979393052998
"34",2026-05-09,1,2026-05-16,"wk inc flu hosp","quantile",0.6,47.8181032371327
"34",2026-05-09,1,2026-05-16,"wk inc flu hosp","quantile",0.65,51.3469812164555
"34",2026-05-09,1,2026-05-16,"wk inc flu hosp","quantile",0.7,55.08482335313
"34",2026-05-09,1,2026-05-16,"wk inc flu hosp","quantile",0.75,60.5452185363324
"34",2026-05-09,1,2026-05-16,"wk inc flu hosp","quantile",0.8,66.6789556024499
"34",2026-05-09,1,2026-05-16,"wk inc flu hosp","quantile",0.85,73.7007807639586
"34",2026-05-09,1,2026-05-16,"wk inc flu hosp","quantile",0.9,81.51722732362
"34",2026-05-09,1,2026-05-16,"wk inc flu hosp","quantile",0.95,95.730163716939
"34",2026-05-09,1,2026-05-16,"wk inc flu hosp","quantile",0.975,108.818928335218
"34",2026-05-09,1,2026-05-16,"wk inc flu hosp","quantile",0.99,134.945439667418
"34",2026-05-09,2,2026-05-23,"wk inc flu hosp","quantile",0.01,3.29485053441037
"34",2026-05-09,2,2026-05-23,"wk inc flu hosp","quantile",0.025,4.68477757459839
"34",2026-05-09,2,2026-05-23,"wk inc flu hosp","quantile",0.05,6.08099271202078
"34",2026-05-09,2,2026-05-23,"wk inc flu hosp","quantile",0.1,10.745003061405
"34",2026-05-09,2,2026-05-23,"wk inc flu hosp","quantile",0.15,15.9045651595862
"34",2026-05-09,2,2026-05-23,"wk inc flu hosp","quantile",0.2,20.9451663006919
"34",2026-05-09,2,2026-05-23,"wk inc flu hosp","quantile",0.25,24.3047157157562
"34",2026-05-09,2,2026-05-23,"wk inc flu hosp","quantile",0.3,26.9887257621808
"34",2026-05-09,2,2026-05-23,"wk inc flu hosp","quantile",0.35,30.8221721098955
"34",2026-05-09,2,2026-05-23,"wk inc flu hosp","quantile",0.4,33.962501495486
"34",2026-05-09,2,2026-05-23,"wk inc flu hosp","quantile",0.45,38.3437267200989
"34",2026-05-09,2,2026-05-23,"wk inc flu hosp","quantile",0.5,41.9471564571445
"34",2026-05-09,2,2026-05-23,"wk inc flu hosp","quantile",0.55,46.7070063725361
"34",2026-05-09,2,2026-05-23,"wk inc flu hosp","quantile",0.6,51.778739364026
"34",2026-05-09,2,2026-05-23,"wk inc flu hosp","quantile",0.65,58.0206801401952
"34",2026-05-09,2,2026-05-23,"wk inc flu hosp","quantile",0.7,63.9883884310631
"34",2026-05-09,2,2026-05-23,"wk inc flu hosp","quantile",0.75,70.3494504595774
"34",2026-05-09,2,2026-05-23,"wk inc flu hosp","quantile",0.8,79.5307617666209
"34",2026-05-09,2,2026-05-23,"wk inc flu hosp","quantile",0.85,88.9376638361789
"34",2026-05-09,2,2026-05-23,"wk inc flu hosp","quantile",0.9,102.05033230526
"34",2026-05-09,2,2026-05-23,"wk inc flu hosp","quantile",0.95,124.537957116623
"34",2026-05-09,2,2026-05-23,"wk inc flu hosp","quantile",0.975,144.974082619059
"34",2026-05-09,2,2026-05-23,"wk inc flu hosp","quantile",0.99,179.140535959729
"34",2026-05-09,3,2026-05-30,"wk inc flu hosp","quantile",0.01,2.15826447086696
"34",2026-05-09,3,2026-05-30,"wk inc flu hosp","quantile",0.025,3.52168755206656
"34",2026-05-09,3,2026-05-30,"wk inc flu hosp","quantile",0.05,4.73528185043749
"34",2026-05-09,3,2026-05-30,"wk inc flu hosp","quantile",0.1,8.41938876425498
"34",2026-05-09,3,2026-05-30,"wk inc flu hosp","quantile",0.15,14.4800503152136
"34",2026-05-09,3,2026-05-30,"wk inc flu hosp","quantile",0.2,19.6091952731311
"34",2026-05-09,3,2026-05-30,"wk inc flu hosp","quantile",0.25,24.1091105796995
"34",2026-05-09,3,2026-05-30,"wk inc flu hosp","quantile",0.3,28.2056075482724
"34",2026-05-09,3,2026-05-30,"wk inc flu hosp","quantile",0.35,32.7467539151428
"34",2026-05-09,3,2026-05-30,"wk inc flu hosp","quantile",0.4,37.2000064827887
"34",2026-05-09,3,2026-05-30,"wk inc flu hosp","quantile",0.45,42.0897038947273
"34",2026-05-09,3,2026-05-30,"wk inc flu hosp","quantile",0.5,46.5108797227407
"34",2026-05-09,3,2026-05-30,"wk inc flu hosp","quantile",0.55,52.5964879114242
"34",2026-05-09,3,2026-05-30,"wk inc flu hosp","quantile",0.6,59.5739880588701
"34",2026-05-09,3,2026-05-30,"wk inc flu hosp","quantile",0.65,66.8806156935794
"34",2026-05-09,3,2026-05-30,"wk inc flu hosp","quantile",0.7,75.1845823371018
"34",2026-05-09,3,2026-05-30,"wk inc flu hosp","quantile",0.75,84.3777526906299
"34",2026-05-09,3,2026-05-30,"wk inc flu hosp","quantile",0.8,93.7653251677476
"34",2026-05-09,3,2026-05-30,"wk inc flu hosp","quantile",0.85,107.073043388929
"34",2026-05-09,3,2026-05-30,"wk inc flu hosp","quantile",0.9,127.079926594189
"34",2026-05-09,3,2026-05-30,"wk inc flu hosp","quantile",0.95,156.260684662365
"34",2026-05-09,3,2026-05-30,"wk inc flu hosp","quantile",0.975,185.701546776066
"34",2026-05-09,3,2026-05-30,"wk inc flu hosp","quantile",0.99,234.294687467478
"35",2026-05-09,0,2026-05-09,"wk inc flu hosp","quantile",0.01,0.840539352123719
"35",2026-05-09,0,2026-05-09,"wk inc flu hosp","quantile",0.025,1.80696515377672
"35",2026-05-09,0,2026-05-09,"wk inc flu hosp","quantile",0.05,2.68564981885677
"35",2026-05-09,0,2026-05-09,"wk inc flu hosp","quantile",0.1,4.0171032468873
"35",2026-05-09,0,2026-05-09,"wk inc flu hosp","quantile",0.15,5.03823173982396
"35",2026-05-09,0,2026-05-09,"wk inc flu hosp","quantile",0.2,5.80517495587967
"35",2026-05-09,0,2026-05-09,"wk inc flu hosp","quantile",0.25,6.60373545900715
"35",2026-05-09,0,2026-05-09,"wk inc flu hosp","quantile",0.3,7.2753189123384
"35",2026-05-09,0,2026-05-09,"wk inc flu hosp","quantile",0.35,8.13431799088238
"35",2026-05-09,0,2026-05-09,"wk inc flu hosp","quantile",0.4,8.85182516901154
"35",2026-05-09,0,2026-05-09,"wk inc flu hosp","quantile",0.45,9.53042910651519
"35",2026-05-09,0,2026-05-09,"wk inc flu hosp","quantile",0.5,10.2382176588538
"35",2026-05-09,0,2026-05-09,"wk inc flu hosp","quantile",0.55,10.8804442535387
"35",2026-05-09,0,2026-05-09,"wk inc flu hosp","quantile",0.6,11.4613480766741
"35",2026-05-09,0,2026-05-09,"wk inc flu hosp","quantile",0.65,12.1183330988041
"35",2026-05-09,0,2026-05-09,"wk inc flu hosp","quantile",0.7,12.9045036739029
"35",2026-05-09,0,2026-05-09,"wk inc flu hosp","quantile",0.75,13.9668996636601
"35",2026-05-09,0,2026-05-09,"wk inc flu hosp","quantile",0.8,15.0022229295404
"35",2026-05-09,0,2026-05-09,"wk inc flu hosp","quantile",0.85,16.1726359478763
"35",2026-05-09,0,2026-05-09,"wk inc flu hosp","quantile",0.9,17.8976812040875
"35",2026-05-09,0,2026-05-09,"wk inc flu hosp","quantile",0.95,20.837779636039
"35",2026-05-09,0,2026-05-09,"wk inc flu hosp","quantile",0.975,24.1410924037044
"35",2026-05-09,0,2026-05-09,"wk inc flu hosp","quantile",0.99,29.2017380342063
"35",2026-05-09,1,2026-05-16,"wk inc flu hosp","quantile",0.01,0.571589353661993
"35",2026-05-09,1,2026-05-16,"wk inc flu hosp","quantile",0.025,1.31232086313015
"35",2026-05-09,1,2026-05-16,"wk inc flu hosp","quantile",0.05,1.66417890026574
"35",2026-05-09,1,2026-05-16,"wk inc flu hosp","quantile",0.1,2.67047711512497
"35",2026-05-09,1,2026-05-16,"wk inc flu hosp","quantile",0.15,3.89658263793633
"35",2026-05-09,1,2026-05-16,"wk inc flu hosp","quantile",0.2,4.96044876416897
"35",2026-05-09,1,2026-05-16,"wk inc flu hosp","quantile",0.25,5.99598455833694
"35",2026-05-09,1,2026-05-16,"wk inc flu hosp","quantile",0.3,7.04687174733184
"35",2026-05-09,1,2026-05-16,"wk inc flu hosp","quantile",0.35,8.24157672775033
"35",2026-05-09,1,2026-05-16,"wk inc flu hosp","quantile",0.4,9.19020974077415
"35",2026-05-09,1,2026-05-16,"wk inc flu hosp","quantile",0.45,10.3715503216777
"35",2026-05-09,1,2026-05-16,"wk inc flu hosp","quantile",0.5,11.5416507702017
"35",2026-05-09,1,2026-05-16,"wk inc flu hosp","quantile",0.55,12.5198964058623
"35",2026-05-09,1,2026-05-16,"wk inc flu hosp","quantile",0.6,13.7234898506011
"35",2026-05-09,1,2026-05-16,"wk inc flu hosp","quantile",0.65,14.8777264585622
"35",2026-05-09,1,2026-05-16,"wk inc flu hosp","quantile",0.7,16.1102433509585
"35",2026-05-09,1,2026-05-16,"wk inc flu hosp","quantile",0.75,17.5045953678552
"35",2026-05-09,1,2026-05-16,"wk inc flu hosp","quantile",0.8,19.3190216610584
"35",2026-05-09,1,2026-05-16,"wk inc flu hosp","quantile",0.85,21.239390493453
"35",2026-05-09,1,2026-05-16,"wk inc flu hosp","quantile",0.9,24.332746545663
"35",2026-05-09,1,2026-05-16,"wk inc flu hosp","quantile",0.95,29.5182333648694
"35",2026-05-09,1,2026-05-16,"wk inc flu hosp","quantile",0.975,35.3802900576608
"35",2026-05-09,1,2026-05-16,"wk inc flu hosp","quantile",0.99,46.2787683291995
"35",2026-05-09,2,2026-05-23,"wk inc flu hosp","quantile",0.01,0.298617937642864
"35",2026-05-09,2,2026-05-23,"wk inc flu hosp","quantile",0.025,0.909265877259607
"35",2026-05-09,2,2026-05-23,"wk inc flu hosp","quantile",0.05,1.28693314324155
"35",2026-05-09,2,2026-05-23,"wk inc flu hosp","quantile",0.1,2.01521837095551
"35",2026-05-09,2,2026-05-23,"wk inc flu hosp","quantile",0.15,3.38035785754884
"35",2026-05-09,2,2026-05-23,"wk inc flu hosp","quantile",0.2,4.6740633716906
"35",2026-05-09,2,2026-05-23,"wk inc flu hosp","quantile",0.25,6.02516132702328
"35",2026-05-09,2,2026-05-23,"wk inc flu hosp","quantile",0.3,7.22102610976777
"35",2026-05-09,2,2026-05-23,"wk inc flu hosp","quantile",0.35,8.48433417537439
"35",2026-05-09,2,2026-05-23,"wk inc flu hosp","quantile",0.4,9.74668679525473
"35",2026-05-09,2,2026-05-23,"wk inc flu hosp","quantile",0.45,11.1680993656631
"35",2026-05-09,2,2026-05-23,"wk inc flu hosp","quantile",0.5,12.5794802645808
"35",2026-05-09,2,2026-05-23,"wk inc flu hosp","quantile",0.55,13.9806896729329
"35",2026-05-09,2,2026-05-23,"wk inc flu hosp","quantile",0.6,15.4952020401396
"35",2026-05-09,2,2026-05-23,"wk inc flu hosp","quantile",0.65,17.0829232853343
"35",2026-05-09,2,2026-05-23,"wk inc flu hosp","quantile",0.7,19.1147633584535
"35",2026-05-09,2,2026-05-23,"wk inc flu hosp","quantile",0.75,21.1075159830941
"35",2026-05-09,2,2026-05-23,"wk inc flu hosp","quantile",0.8,24.0075591448627
"35",2026-05-09,2,2026-05-23,"wk inc flu hosp","quantile",0.85,27.3216082678709
"35",2026-05-09,2,2026-05-23,"wk inc flu hosp","quantile",0.9,32.0847712133627
"35",2026-05-09,2,2026-05-23,"wk inc flu hosp","quantile",0.95,40.1749991142163
"35",2026-05-09,2,2026-05-23,"wk inc flu hosp","quantile",0.975,48.4839173557175
"35",2026-05-09,2,2026-05-23,"wk inc flu hosp","quantile",0.99,61.6159626107988
"35",2026-05-09,3,2026-05-30,"wk inc flu hosp","quantile",0.01,0.0943062818004018
"35",2026-05-09,3,2026-05-30,"wk inc flu hosp","quantile",0.025,0.616856702077864
"35",2026-05-09,3,2026-05-30,"wk inc flu hosp","quantile",0.05,0.967497687169565
"35",2026-05-09,3,2026-05-30,"wk inc flu hosp","quantile",0.1,1.62250885262253
"35",2026-05-09,3,2026-05-30,"wk inc flu hosp","quantile",0.15,3.0758733419937
"35",2026-05-09,3,2026-05-30,"wk inc flu hosp","quantile",0.2,4.47312956624705
"35",2026-05-09,3,2026-05-30,"wk inc flu hosp","quantile",0.25,6.03484970641395
"35",2026-05-09,3,2026-05-30,"wk inc flu hosp","quantile",0.3,7.34182973085803
"35",2026-05-09,3,2026-05-30,"wk inc flu hosp","quantile",0.35,8.82160654411611
"35",2026-05-09,3,2026-05-30,"wk inc flu hosp","quantile",0.4,10.5130518941315
"35",2026-05-09,3,2026-05-30,"wk inc flu hosp","quantile",0.45,11.9360312876485
"35",2026-05-09,3,2026-05-30,"wk inc flu hosp","quantile",0.5,13.9825402201993
"35",2026-05-09,3,2026-05-30,"wk inc flu hosp","quantile",0.55,15.9475092621878
"35",2026-05-09,3,2026-05-30,"wk inc flu hosp","quantile",0.6,17.4144348731165
"35",2026-05-09,3,2026-05-30,"wk inc flu hosp","quantile",0.65,19.6831561838779
"35",2026-05-09,3,2026-05-30,"wk inc flu hosp","quantile",0.7,21.9164208038438
"35",2026-05-09,3,2026-05-30,"wk inc flu hosp","quantile",0.75,25.6060995805059
"35",2026-05-09,3,2026-05-30,"wk inc flu hosp","quantile",0.8,29.4249340466242
"35",2026-05-09,3,2026-05-30,"wk inc flu hosp","quantile",0.85,33.9962199921653
"35",2026-05-09,3,2026-05-30,"wk inc flu hosp","quantile",0.9,41.0947009329886
"35",2026-05-09,3,2026-05-30,"wk inc flu hosp","quantile",0.95,53.2227457950056
"35",2026-05-09,3,2026-05-30,"wk inc flu hosp","quantile",0.975,67.141910822083
"35",2026-05-09,3,2026-05-30,"wk inc flu hosp","quantile",0.99,84.4701320767385
"36",2026-05-09,0,2026-05-09,"wk inc flu hosp","quantile",0.01,12.4380668390664
"36",2026-05-09,0,2026-05-09,"wk inc flu hosp","quantile",0.025,21.3825887195811
"36",2026-05-09,0,2026-05-09,"wk inc flu hosp","quantile",0.05,27.7529690476151
"36",2026-05-09,0,2026-05-09,"wk inc flu hosp","quantile",0.1,35.3189663455539
"36",2026-05-09,0,2026-05-09,"wk inc flu hosp","quantile",0.15,40.9330885223305
"36",2026-05-09,0,2026-05-09,"wk inc flu hosp","quantile",0.2,45.9004540966767
"36",2026-05-09,0,2026-05-09,"wk inc flu hosp","quantile",0.25,49.8297127214844
"36",2026-05-09,0,2026-05-09,"wk inc flu hosp","quantile",0.3,53.3684560775925
"36",2026-05-09,0,2026-05-09,"wk inc flu hosp","quantile",0.35,57.2638471797248
"36",2026-05-09,0,2026-05-09,"wk inc flu hosp","quantile",0.4,60.2378038394009
"36",2026-05-09,0,2026-05-09,"wk inc flu hosp","quantile",0.45,62.5211087871644
"36",2026-05-09,0,2026-05-09,"wk inc flu hosp","quantile",0.5,64.8668806026689
"36",2026-05-09,0,2026-05-09,"wk inc flu hosp","quantile",0.55,67.460527534446
"36",2026-05-09,0,2026-05-09,"wk inc flu hosp","quantile",0.6,70.614580119872
"36",2026-05-09,0,2026-05-09,"wk inc flu hosp","quantile",0.65,74.0057105532641
"36",2026-05-09,0,2026-05-09,"wk inc flu hosp","quantile",0.7,77.5808359121654
"36",2026-05-09,0,2026-05-09,"wk inc flu hosp","quantile",0.75,81.6162911228647
"36",2026-05-09,0,2026-05-09,"wk inc flu hosp","quantile",0.8,85.755710390839
"36",2026-05-09,0,2026-05-09,"wk inc flu hosp","quantile",0.85,91.6262648079697
"36",2026-05-09,0,2026-05-09,"wk inc flu hosp","quantile",0.9,98.6797782001691
"36",2026-05-09,0,2026-05-09,"wk inc flu hosp","quantile",0.95,111.918585799632
"36",2026-05-09,0,2026-05-09,"wk inc flu hosp","quantile",0.975,122.363719044517
"36",2026-05-09,0,2026-05-09,"wk inc flu hosp","quantile",0.99,144.228396698046
"36",2026-05-09,1,2026-05-16,"wk inc flu hosp","quantile",0.01,5.89234128528176
"36",2026-05-09,1,2026-05-16,"wk inc flu hosp","quantile",0.025,11.0678042298536
"36",2026-05-09,1,2026-05-16,"wk inc flu hosp","quantile",0.05,17.0180240707363
"36",2026-05-09,1,2026-05-16,"wk inc flu hosp","quantile",0.1,26.05731654743
"36",2026-05-09,1,2026-05-16,"wk inc flu hosp","quantile",0.15,32.9288229759333
"36",2026-05-09,1,2026-05-16,"wk inc flu hosp","quantile",0.2,38.4633331005199
"36",2026-05-09,1,2026-05-16,"wk inc flu hosp","quantile",0.25,44.2483353893737
"36",2026-05-09,1,2026-05-16,"wk inc flu hosp","quantile",0.3,49.1183060870421
"36",2026-05-09,1,2026-05-16,"wk inc flu hosp","quantile",0.35,53.2972688381429
"36",2026-05-09,1,2026-05-16,"wk inc flu hosp","quantile",0.4,57.0634728087442
"36",2026-05-09,1,2026-05-16,"wk inc flu hosp","quantile",0.45,61.034059669624
"36",2026-05-09,1,2026-05-16,"wk inc flu hosp","quantile",0.5,64.8345150911474
"36",2026-05-09,1,2026-05-16,"wk inc flu hosp","quantile",0.55,69.3138985205484
"36",2026-05-09,1,2026-05-16,"wk inc flu hosp","quantile",0.6,73.874161972667
"36",2026-05-09,1,2026-05-16,"wk inc flu hosp","quantile",0.65,78.8746868089582
"36",2026-05-09,1,2026-05-16,"wk inc flu hosp","quantile",0.7,84.2657355616791
"36",2026-05-09,1,2026-05-16,"wk inc flu hosp","quantile",0.75,90.5274610399574
"36",2026-05-09,1,2026-05-16,"wk inc flu hosp","quantile",0.8,97.5479713265215
"36",2026-05-09,1,2026-05-16,"wk inc flu hosp","quantile",0.85,105.454008653364
"36",2026-05-09,1,2026-05-16,"wk inc flu hosp","quantile",0.9,116.578031776096
"36",2026-05-09,1,2026-05-16,"wk inc flu hosp","quantile",0.95,135.960872278526
"36",2026-05-09,1,2026-05-16,"wk inc flu hosp","quantile",0.975,156.645868772048
"36",2026-05-09,1,2026-05-16,"wk inc flu hosp","quantile",0.99,188.318095727316
"36",2026-05-09,2,2026-05-23,"wk inc flu hosp","quantile",0.01,3.9958836942197
"36",2026-05-09,2,2026-05-23,"wk inc flu hosp","quantile",0.025,8.69855484044268
"36",2026-05-09,2,2026-05-23,"wk inc flu hosp","quantile",0.05,10.9179630157161
"36",2026-05-09,2,2026-05-23,"wk inc flu hosp","quantile",0.1,19.8611918720854
"36",2026-05-09,2,2026-05-23,"wk inc flu hosp","quantile",0.15,27.980594631902
"36",2026-05-09,2,2026-05-23,"wk inc flu hosp","quantile",0.2,35.1883740325789
"36",2026-05-09,2,2026-05-23,"wk inc flu hosp","quantile",0.25,42.1665500417668
"36",2026-05-09,2,2026-05-23,"wk inc flu hosp","quantile",0.3,46.5536320229816
"36",2026-05-09,2,2026-05-23,"wk inc flu hosp","quantile",0.35,50.8120419842707
"36",2026-05-09,2,2026-05-23,"wk inc flu hosp","quantile",0.4,55.6855146332778
"36",2026-05-09,2,2026-05-23,"wk inc flu hosp","quantile",0.45,60.4061770350747
"36",2026-05-09,2,2026-05-23,"wk inc flu hosp","quantile",0.5,64.5539525677872
"36",2026-05-09,2,2026-05-23,"wk inc flu hosp","quantile",0.55,70.9034445242203
"36",2026-05-09,2,2026-05-23,"wk inc flu hosp","quantile",0.6,77.3702382627449
"36",2026-05-09,2,2026-05-23,"wk inc flu hosp","quantile",0.65,84.9530204950161
"36",2026-05-09,2,2026-05-23,"wk inc flu hosp","quantile",0.7,91.9329060565493
"36",2026-05-09,2,2026-05-23,"wk inc flu hosp","quantile",0.75,100.257959046712
"36",2026-05-09,2,2026-05-23,"wk inc flu hosp","quantile",0.8,110.874007456485
"36",2026-05-09,2,2026-05-23,"wk inc flu hosp","quantile",0.85,122.056149356854
"36",2026-05-09,2,2026-05-23,"wk inc flu hosp","quantile",0.9,137.875294723588
"36",2026-05-09,2,2026-05-23,"wk inc flu hosp","quantile",0.95,164.219008684424
"36",2026-05-09,2,2026-05-23,"wk inc flu hosp","quantile",0.975,192.006321195752
"36",2026-05-09,2,2026-05-23,"wk inc flu hosp","quantile",0.99,237.773827440332
"36",2026-05-09,3,2026-05-30,"wk inc flu hosp","quantile",0.01,1.87082001947329
"36",2026-05-09,3,2026-05-30,"wk inc flu hosp","quantile",0.025,5.8904400040441
"36",2026-05-09,3,2026-05-30,"wk inc flu hosp","quantile",0.05,8.69402048947302
"36",2026-05-09,3,2026-05-30,"wk inc flu hosp","quantile",0.1,14.07975482969
"36",2026-05-09,3,2026-05-30,"wk inc flu hosp","quantile",0.15,22.9456901209207
"36",2026-05-09,3,2026-05-30,"wk inc flu hosp","quantile",0.2,31.5430856829478
"36",2026-05-09,3,2026-05-30,"wk inc flu hosp","quantile",0.25,38.8826635698277
"36",2026-05-09,3,2026-05-30,"wk inc flu hosp","quantile",0.3,43.9038432546545
"36",2026-05-09,3,2026-05-30,"wk inc flu hosp","quantile",0.35,50.1838131698807
"36",2026-05-09,3,2026-05-30,"wk inc flu hosp","quantile",0.4,56.2789828348111
"36",2026-05-09,3,2026-05-30,"wk inc flu hosp","quantile",0.45,63.0986969206081
"36",2026-05-09,3,2026-05-30,"wk inc flu hosp","quantile",0.5,68.0876677595966
"36",2026-05-09,3,2026-05-30,"wk inc flu hosp","quantile",0.55,75.4305172154212
"36",2026-05-09,3,2026-05-30,"wk inc flu hosp","quantile",0.6,83.3642308062543
"36",2026-05-09,3,2026-05-30,"wk inc flu hosp","quantile",0.65,92.0413318885279
"36",2026-05-09,3,2026-05-30,"wk inc flu hosp","quantile",0.7,101.311893104793
"36",2026-05-09,3,2026-05-30,"wk inc flu hosp","quantile",0.75,111.554307744705
"36",2026-05-09,3,2026-05-30,"wk inc flu hosp","quantile",0.8,124.711970430721
"36",2026-05-09,3,2026-05-30,"wk inc flu hosp","quantile",0.85,138.339098460269
"36",2026-05-09,3,2026-05-30,"wk inc flu hosp","quantile",0.9,162.710408252477
"36",2026-05-09,3,2026-05-30,"wk inc flu hosp","quantile",0.95,204.752452253154
"36",2026-05-09,3,2026-05-30,"wk inc flu hosp","quantile",0.975,240.134016689098
"36",2026-05-09,3,2026-05-30,"wk inc flu hosp","quantile",0.99,288.149531659321
"37",2026-05-09,0,2026-05-09,"wk inc flu hosp","quantile",0.01,0
"37",2026-05-09,0,2026-05-09,"wk inc flu hosp","quantile",0.025,0
"37",2026-05-09,0,2026-05-09,"wk inc flu hosp","quantile",0.05,0.545873926051711
"37",2026-05-09,0,2026-05-09,"wk inc flu hosp","quantile",0.1,1.43679475765288
"37",2026-05-09,0,2026-05-09,"wk inc flu hosp","quantile",0.15,2.34544878639963
"37",2026-05-09,0,2026-05-09,"wk inc flu hosp","quantile",0.2,4.50113293960878
"37",2026-05-09,0,2026-05-09,"wk inc flu hosp","quantile",0.25,6.76419963976913
"37",2026-05-09,0,2026-05-09,"wk inc flu hosp","quantile",0.3,8.62534504635585
"37",2026-05-09,0,2026-05-09,"wk inc flu hosp","quantile",0.35,10.689929085996
"37",2026-05-09,0,2026-05-09,"wk inc flu hosp","quantile",0.4,12.3521953357387
"37",2026-05-09,0,2026-05-09,"wk inc flu hosp","quantile",0.45,13.6384903252876
"37",2026-05-09,0,2026-05-09,"wk inc flu hosp","quantile",0.5,14.8819316677045
"37",2026-05-09,0,2026-05-09,"wk inc flu hosp","quantile",0.55,16.402559615098
"37",2026-05-09,0,2026-05-09,"wk inc flu hosp","quantile",0.6,18.1581754302157
"37",2026-05-09,0,2026-05-09,"wk inc flu hosp","quantile",0.65,19.6499146889874
"37",2026-05-09,0,2026-05-09,"wk inc flu hosp","quantile",0.7,21.5212548923027
"37",2026-05-09,0,2026-05-09,"wk inc flu hosp","quantile",0.75,24.0028277506395
"37",2026-05-09,0,2026-05-09,"wk inc flu hosp","quantile",0.8,26.3288544361225
"37",2026-05-09,0,2026-05-09,"wk inc flu hosp","quantile",0.85,29.8524002725381
"37",2026-05-09,0,2026-05-09,"wk inc flu hosp","quantile",0.9,33.6906995342568
"37",2026-05-09,0,2026-05-09,"wk inc flu hosp","quantile",0.95,40.7600560608979
"37",2026-05-09,0,2026-05-09,"wk inc flu hosp","quantile",0.975,47.9432800762858
"37",2026-05-09,0,2026-05-09,"wk inc flu hosp","quantile",0.99,60.4676291756228
"37",2026-05-09,1,2026-05-16,"wk inc flu hosp","quantile",0.01,0
"37",2026-05-09,1,2026-05-16,"wk inc flu hosp","quantile",0.025,0
"37",2026-05-09,1,2026-05-16,"wk inc flu hosp","quantile",0.05,0
"37",2026-05-09,1,2026-05-16,"wk inc flu hosp","quantile",0.1,0.726679722074898
"37",2026-05-09,1,2026-05-16,"wk inc flu hosp","quantile",0.15,1.66168851764805
"37",2026-05-09,1,2026-05-16,"wk inc flu hosp","quantile",0.2,2.54401719791207
"37",2026-05-09,1,2026-05-16,"wk inc flu hosp","quantile",0.25,4.68721491227396
"37",2026-05-09,1,2026-05-16,"wk inc flu hosp","quantile",0.3,7.5525002637819
"37",2026-05-09,1,2026-05-16,"wk inc flu hosp","quantile",0.35,10.189294642687
"37",2026-05-09,1,2026-05-16,"wk inc flu hosp","quantile",0.4,12.8310437736278
"37",2026-05-09,1,2026-05-16,"wk inc flu hosp","quantile",0.45,14.9480169227678
"37",2026-05-09,1,2026-05-16,"wk inc flu hosp","quantile",0.5,17.0833428577378
"37",2026-05-09,1,2026-05-16,"wk inc flu hosp","quantile",0.55,19.6633249093372
"37",2026-05-09,1,2026-05-16,"wk inc flu hosp","quantile",0.6,21.9597842070811
"37",2026-05-09,1,2026-05-16,"wk inc flu hosp","quantile",0.65,24.2777601855542
"37",2026-05-09,1,2026-05-16,"wk inc flu hosp","quantile",0.7,26.7469677002132
"37",2026-05-09,1,2026-05-16,"wk inc flu hosp","quantile",0.75,30.6751978799738
"37",2026-05-09,1,2026-05-16,"wk inc flu hosp","quantile",0.8,34.3675799578882
"37",2026-05-09,1,2026-05-16,"wk inc flu hosp","quantile",0.85,39.3285648700951
"37",2026-05-09,1,2026-05-16,"wk inc flu hosp","quantile",0.9,45.5138279931343
"37",2026-05-09,1,2026-05-16,"wk inc flu hosp","quantile",0.95,58.9363187025507
"37",2026-05-09,1,2026-05-16,"wk inc flu hosp","quantile",0.975,74.4404996874574
"37",2026-05-09,1,2026-05-16,"wk inc flu hosp","quantile",0.99,92.1655487599252
"37",2026-05-09,2,2026-05-23,"wk inc flu hosp","quantile",0.01,0
"37",2026-05-09,2,2026-05-23,"wk inc flu hosp","quantile",0.025,0
"37",2026-05-09,2,2026-05-23,"wk inc flu hosp","quantile",0.05,0
"37",2026-05-09,2,2026-05-23,"wk inc flu hosp","quantile",0.1,0.262616127057278
"37",2026-05-09,2,2026-05-23,"wk inc flu hosp","quantile",0.15,1.37524387897358
"37",2026-05-09,2,2026-05-23,"wk inc flu hosp","quantile",0.2,2.34239037168195
"37",2026-05-09,2,2026-05-23,"wk inc flu hosp","quantile",0.25,5.43780176335709
"37",2026-05-09,2,2026-05-23,"wk inc flu hosp","quantile",0.3,7.94140308200732
"37",2026-05-09,2,2026-05-23,"wk inc flu hosp","quantile",0.35,11.3470597895078
"37",2026-05-09,2,2026-05-23,"wk inc flu hosp","quantile",0.4,13.6679600354895
"37",2026-05-09,2,2026-05-23,"wk inc flu hosp","quantile",0.45,17.5344547979899
"37",2026-05-09,2,2026-05-23,"wk inc flu hosp","quantile",0.5,20.3998779620162
"37",2026-05-09,2,2026-05-23,"wk inc flu hosp","quantile",0.55,23.622332710737
"37",2026-05-09,2,2026-05-23,"wk inc flu hosp","quantile",0.6,27.1345689321721
"37",2026-05-09,2,2026-05-23,"wk inc flu hosp","quantile",0.65,31.4380259059662
"37",2026-05-09,2,2026-05-23,"wk inc flu hosp","quantile",0.7,35.5638569770286
"37",2026-05-09,2,2026-05-23,"wk inc flu hosp","quantile",0.75,41.4134418268947
"37",2026-05-09,2,2026-05-23,"wk inc flu hosp","quantile",0.8,47.5210985355922
"37",2026-05-09,2,2026-05-23,"wk inc flu hosp","quantile",0.85,55.6977513271077
"37",2026-05-09,2,2026-05-23,"wk inc flu hosp","quantile",0.9,67.1922076190466
"37",2026-05-09,2,2026-05-23,"wk inc flu hosp","quantile",0.95,86.5771053741602
"37",2026-05-09,2,2026-05-23,"wk inc flu hosp","quantile",0.975,107.166166935812
"37",2026-05-09,2,2026-05-23,"wk inc flu hosp","quantile",0.99,142.258300270975
"37",2026-05-09,3,2026-05-30,"wk inc flu hosp","quantile",0.01,0
"37",2026-05-09,3,2026-05-30,"wk inc flu hosp","quantile",0.025,0
"37",2026-05-09,3,2026-05-30,"wk inc flu hosp","quantile",0.05,0
"37",2026-05-09,3,2026-05-30,"wk inc flu hosp","quantile",0.1,0
"37",2026-05-09,3,2026-05-30,"wk inc flu hosp","quantile",0.15,0.437329193528978
"37",2026-05-09,3,2026-05-30,"wk inc flu hosp","quantile",0.2,1.6745156724003
"37",2026-05-09,3,2026-05-30,"wk inc flu hosp","quantile",0.25,5.73752014061151
"37",2026-05-09,3,2026-05-30,"wk inc flu hosp","quantile",0.3,9.65637909473451
"37",2026-05-09,3,2026-05-30,"wk inc flu hosp","quantile",0.35,13.536798742613
"37",2026-05-09,3,2026-05-30,"wk inc flu hosp","quantile",0.4,17.8815642316163
"37",2026-05-09,3,2026-05-30,"wk inc flu hosp","quantile",0.45,21.1741114952818
"37",2026-05-09,3,2026-05-30,"wk inc flu hosp","quantile",0.5,25.091046336351
"37",2026-05-09,3,2026-05-30,"wk inc flu hosp","quantile",0.55,29.303871761228
"37",2026-05-09,3,2026-05-30,"wk inc flu hosp","quantile",0.6,34.1014719091058
"37",2026-05-09,3,2026-05-30,"wk inc flu hosp","quantile",0.65,38.8871593184648
"37",2026-05-09,3,2026-05-30,"wk inc flu hosp","quantile",0.7,45.3354519793682
"37",2026-05-09,3,2026-05-30,"wk inc flu hosp","quantile",0.75,52.4329758434808
"37",2026-05-09,3,2026-05-30,"wk inc flu hosp","quantile",0.8,61.3771449410488
"37",2026-05-09,3,2026-05-30,"wk inc flu hosp","quantile",0.85,75.0932999770059
"37",2026-05-09,3,2026-05-30,"wk inc flu hosp","quantile",0.9,92.9823143916193
"37",2026-05-09,3,2026-05-30,"wk inc flu hosp","quantile",0.95,117.905029402234
"37",2026-05-09,3,2026-05-30,"wk inc flu hosp","quantile",0.975,142.312537225315
"37",2026-05-09,3,2026-05-30,"wk inc flu hosp","quantile",0.99,187.157062058446
"38",2026-05-09,0,2026-05-09,"wk inc flu hosp","quantile",0.01,0
"38",2026-05-09,0,2026-05-09,"wk inc flu hosp","quantile",0.025,0
"38",2026-05-09,0,2026-05-09,"wk inc flu hosp","quantile",0.05,0.0510023376582006
"38",2026-05-09,0,2026-05-09,"wk inc flu hosp","quantile",0.1,0.400970828612371
"38",2026-05-09,0,2026-05-09,"wk inc flu hosp","quantile",0.15,0.87957934278906
"38",2026-05-09,0,2026-05-09,"wk inc flu hosp","quantile",0.2,1.31438525011206
"38",2026-05-09,0,2026-05-09,"wk inc flu hosp","quantile",0.25,1.75412017278539
"38",2026-05-09,0,2026-05-09,"wk inc flu hosp","quantile",0.3,2.09887573201398
"38",2026-05-09,0,2026-05-09,"wk inc flu hosp","quantile",0.35,2.43211586036763
"38",2026-05-09,0,2026-05-09,"wk inc flu hosp","quantile",0.4,2.75467414476622
"38",2026-05-09,0,2026-05-09,"wk inc flu hosp","quantile",0.45,3.06074907003267
"38",2026-05-09,0,2026-05-09,"wk inc flu hosp","quantile",0.5,3.34028343451434
"38",2026-05-09,0,2026-05-09,"wk inc flu hosp","quantile",0.55,3.6919197899556
"38",2026-05-09,0,2026-05-09,"wk inc flu hosp","quantile",0.6,4.0559218161774
"38",2026-05-09,0,2026-05-09,"wk inc flu hosp","quantile",0.65,4.44641714056703
"38",2026-05-09,0,2026-05-09,"wk inc flu hosp","quantile",0.7,4.77718271804194
"38",2026-05-09,0,2026-05-09,"wk inc flu hosp","quantile",0.75,5.17801345858211
"38",2026-05-09,0,2026-05-09,"wk inc flu hosp","quantile",0.8,5.68799453477977
"38",2026-05-09,0,2026-05-09,"wk inc flu hosp","quantile",0.85,6.46298158315063
"38",2026-05-09,0,2026-05-09,"wk inc flu hosp","quantile",0.9,7.50205771080801
"38",2026-05-09,0,2026-05-09,"wk inc flu hosp","quantile",0.95,9.27584712003576
"38",2026-05-09,0,2026-05-09,"wk inc flu hosp","quantile",0.975,10.659431621099
"38",2026-05-09,0,2026-05-09,"wk inc flu hosp","quantile",0.99,13.1865219449263
"38",2026-05-09,1,2026-05-16,"wk inc flu hosp","quantile",0.01,0
"38",2026-05-09,1,2026-05-16,"wk inc flu hosp","quantile",0.025,0
"38",2026-05-09,1,2026-05-16,"wk inc flu hosp","quantile",0.05,0
"38",2026-05-09,1,2026-05-16,"wk inc flu hosp","quantile",0.1,0.0988150465610676
"38",2026-05-09,1,2026-05-16,"wk inc flu hosp","quantile",0.15,0.353217108425486
"38",2026-05-09,1,2026-05-16,"wk inc flu hosp","quantile",0.2,0.700511970432961
"38",2026-05-09,1,2026-05-16,"wk inc flu hosp","quantile",0.25,1.1544863392059
"38",2026-05-09,1,2026-05-16,"wk inc flu hosp","quantile",0.3,1.61229894232592
"38",2026-05-09,1,2026-05-16,"wk inc flu hosp","quantile",0.35,2.0835717025372
"38",2026-05-09,1,2026-05-16,"wk inc flu hosp","quantile",0.4,2.44456774377669
"38",2026-05-09,1,2026-05-16,"wk inc flu hosp","quantile",0.45,2.86626940286141
"38",2026-05-09,1,2026-05-16,"wk inc flu hosp","quantile",0.5,3.26710373038769
"38",2026-05-09,1,2026-05-16,"wk inc flu hosp","quantile",0.55,3.80206243335558
"38",2026-05-09,1,2026-05-16,"wk inc flu hosp","quantile",0.6,4.32307602391106
"38",2026-05-09,1,2026-05-16,"wk inc flu hosp","quantile",0.65,4.96534741300535
"38",2026-05-09,1,2026-05-16,"wk inc flu hosp","quantile",0.7,5.57401162033145
"38",2026-05-09,1,2026-05-16,"wk inc flu hosp","quantile",0.75,6.28452842239456
"38",2026-05-09,1,2026-05-16,"wk inc flu hosp","quantile",0.8,7.21180409494968
"38",2026-05-09,1,2026-05-16,"wk inc flu hosp","quantile",0.85,8.49468015324335
"38",2026-05-09,1,2026-05-16,"wk inc flu hosp","quantile",0.9,10.0111540107153
"38",2026-05-09,1,2026-05-16,"wk inc flu hosp","quantile",0.95,13.3162225765312
"38",2026-05-09,1,2026-05-16,"wk inc flu hosp","quantile",0.975,15.6842438132526
"38",2026-05-09,1,2026-05-16,"wk inc flu hosp","quantile",0.99,20.002255582698
"38",2026-05-09,2,2026-05-23,"wk inc flu hosp","quantile",0.01,0
"38",2026-05-09,2,2026-05-23,"wk inc flu hosp","quantile",0.025,0
"38",2026-05-09,2,2026-05-23,"wk inc flu hosp","quantile",0.05,0
"38",2026-05-09,2,2026-05-23,"wk inc flu hosp","quantile",0.1,0.0131272843495227
"38",2026-05-09,2,2026-05-23,"wk inc flu hosp","quantile",0.15,0.265220904104812
"38",2026-05-09,2,2026-05-23,"wk inc flu hosp","quantile",0.2,0.486682766898199
"38",2026-05-09,2,2026-05-23,"wk inc flu hosp","quantile",0.25,0.723533409638367
"38",2026-05-09,2,2026-05-23,"wk inc flu hosp","quantile",0.3,1.16924665008506
"38",2026-05-09,2,2026-05-23,"wk inc flu hosp","quantile",0.35,1.62282867564744
"38",2026-05-09,2,2026-05-23,"wk inc flu hosp","quantile",0.4,2.10788427480987
"38",2026-05-09,2,2026-05-23,"wk inc flu hosp","quantile",0.45,2.67668401833727
"38",2026-05-09,2,2026-05-23,"wk inc flu hosp","quantile",0.5,3.2294435139229
"38",2026-05-09,2,2026-05-23,"wk inc flu hosp","quantile",0.55,3.81796284968581
"38",2026-05-09,2,2026-05-23,"wk inc flu hosp","quantile",0.6,4.47835285679965
"38",2026-05-09,2,2026-05-23,"wk inc flu hosp","quantile",0.65,5.45789699310647
"38",2026-05-09,2,2026-05-23,"wk inc flu hosp","quantile",0.7,6.27845942195471
"38",2026-05-09,2,2026-05-23,"wk inc flu hosp","quantile",0.75,7.25567414683676
"38",2026-05-09,2,2026-05-23,"wk inc flu hosp","quantile",0.8,8.53147638035428
"38",2026-05-09,2,2026-05-23,"wk inc flu hosp","quantile",0.85,10.3068710276183
"38",2026-05-09,2,2026-05-23,"wk inc flu hosp","quantile",0.9,12.6708693437946
"38",2026-05-09,2,2026-05-23,"wk inc flu hosp","quantile",0.95,17.296658136092
"38",2026-05-09,2,2026-05-23,"wk inc flu hosp","quantile",0.975,22.2012193464466
"38",2026-05-09,2,2026-05-23,"wk inc flu hosp","quantile",0.99,28.8950170630124
"38",2026-05-09,3,2026-05-30,"wk inc flu hosp","quantile",0.01,0
"38",2026-05-09,3,2026-05-30,"wk inc flu hosp","quantile",0.025,0
"38",2026-05-09,3,2026-05-30,"wk inc flu hosp","quantile",0.05,0
"38",2026-05-09,3,2026-05-30,"wk inc flu hosp","quantile",0.1,0
"38",2026-05-09,3,2026-05-30,"wk inc flu hosp","quantile",0.15,0.220116279525963
"38",2026-05-09,3,2026-05-30,"wk inc flu hosp","quantile",0.2,0.410738862608432
"38",2026-05-09,3,2026-05-30,"wk inc flu hosp","quantile",0.25,0.591825206669962
"38",2026-05-09,3,2026-05-30,"wk inc flu hosp","quantile",0.3,0.788634157820878
"38",2026-05-09,3,2026-05-30,"wk inc flu hosp","quantile",0.35,1.28667584361274
"38",2026-05-09,3,2026-05-30,"wk inc flu hosp","quantile",0.4,1.84830137226608
"38",2026-05-09,3,2026-05-30,"wk inc flu hosp","quantile",0.45,2.42929223654719
"38",2026-05-09,3,2026-05-30,"wk inc flu hosp","quantile",0.5,3.04389027064047
"38",2026-05-09,3,2026-05-30,"wk inc flu hosp","quantile",0.55,3.85192105788491
"38",2026-05-09,3,2026-05-30,"wk inc flu hosp","quantile",0.6,4.78205783096323
"38",2026-05-09,3,2026-05-30,"wk inc flu hosp","quantile",0.65,5.75721024712489
"38",2026-05-09,3,2026-05-30,"wk inc flu hosp","quantile",0.7,6.73654844760748
"38",2026-05-09,3,2026-05-30,"wk inc flu hosp","quantile",0.75,8.06634542342875
"38",2026-05-09,3,2026-05-30,"wk inc flu hosp","quantile",0.8,9.84435999228795
"38",2026-05-09,3,2026-05-30,"wk inc flu hosp","quantile",0.85,12.2635874454141
"38",2026-05-09,3,2026-05-30,"wk inc flu hosp","quantile",0.9,15.8142866005828
"38",2026-05-09,3,2026-05-30,"wk inc flu hosp","quantile",0.95,21.7363453909886
"38",2026-05-09,3,2026-05-30,"wk inc flu hosp","quantile",0.975,27.8240505733393
"38",2026-05-09,3,2026-05-30,"wk inc flu hosp","quantile",0.99,37.2406500023323
"39",2026-05-09,0,2026-05-09,"wk inc flu hosp","quantile",0.01,0
"39",2026-05-09,0,2026-05-09,"wk inc flu hosp","quantile",0.025,2.20149648920466
"39",2026-05-09,0,2026-05-09,"wk inc flu hosp","quantile",0.05,3.42160774688509
"39",2026-05-09,0,2026-05-09,"wk inc flu hosp","quantile",0.1,4.90180897199503
"39",2026-05-09,0,2026-05-09,"wk inc flu hosp","quantile",0.15,7.80904420721869
"39",2026-05-09,0,2026-05-09,"wk inc flu hosp","quantile",0.2,10.6440630162922
"39",2026-05-09,0,2026-05-09,"wk inc flu hosp","quantile",0.25,13.7927554328264
"39",2026-05-09,0,2026-05-09,"wk inc flu hosp","quantile",0.3,16.4290318226108
"39",2026-05-09,0,2026-05-09,"wk inc flu hosp","quantile",0.35,19.6455091472515
"39",2026-05-09,0,2026-05-09,"wk inc flu hosp","quantile",0.4,22.265107307985
"39",2026-05-09,0,2026-05-09,"wk inc flu hosp","quantile",0.45,24.9348332194203
"39",2026-05-09,0,2026-05-09,"wk inc flu hosp","quantile",0.5,27.0807402314089
"39",2026-05-09,0,2026-05-09,"wk inc flu hosp","quantile",0.55,29.6876776843081
"39",2026-05-09,0,2026-05-09,"wk inc flu hosp","quantile",0.6,32.8088422825239
"39",2026-05-09,0,2026-05-09,"wk inc flu hosp","quantile",0.65,35.2051467283014
"39",2026-05-09,0,2026-05-09,"wk inc flu hosp","quantile",0.7,38.3343337971156
"39",2026-05-09,0,2026-05-09,"wk inc flu hosp","quantile",0.75,42.1603660299398
"39",2026-05-09,0,2026-05-09,"wk inc flu hosp","quantile",0.8,46.5764466755369
"39",2026-05-09,0,2026-05-09,"wk inc flu hosp","quantile",0.85,51.4894730712996
"39",2026-05-09,0,2026-05-09,"wk inc flu hosp","quantile",0.9,56.446673025983
"39",2026-05-09,0,2026-05-09,"wk inc flu hosp","quantile",0.95,68.6781307938619
"39",2026-05-09,0,2026-05-09,"wk inc flu hosp","quantile",0.975,80.0846442219041
"39",2026-05-09,0,2026-05-09,"wk inc flu hosp","quantile",0.99,104.965229076424
"39",2026-05-09,1,2026-05-16,"wk inc flu hosp","quantile",0.01,0
"39",2026-05-09,1,2026-05-16,"wk inc flu hosp","quantile",0.025,0.381539081497312
"39",2026-05-09,1,2026-05-16,"wk inc flu hosp","quantile",0.05,2.2110867914458
"39",2026-05-09,1,2026-05-16,"wk inc flu hosp","quantile",0.1,3.79331763708728
"39",2026-05-09,1,2026-05-16,"wk inc flu hosp","quantile",0.15,5.08249230836375
"39",2026-05-09,1,2026-05-16,"wk inc flu hosp","quantile",0.2,6.69097852417737
"39",2026-05-09,1,2026-05-16,"wk inc flu hosp","quantile",0.25,9.96040011075419
"39",2026-05-09,1,2026-05-16,"wk inc flu hosp","quantile",0.3,14.0267074933112
"39",2026-05-09,1,2026-05-16,"wk inc flu hosp","quantile",0.35,18.1706724581999
"39",2026-05-09,1,2026-05-16,"wk inc flu hosp","quantile",0.4,22.0720583435504
"39",2026-05-09,1,2026-05-16,"wk inc flu hosp","quantile",0.45,26.1866672519892
"39",2026-05-09,1,2026-05-16,"wk inc flu hosp","quantile",0.5,29.9506716086623
"39",2026-05-09,1,2026-05-16,"wk inc flu hosp","quantile",0.55,34.4841737969218
"39",2026-05-09,1,2026-05-16,"wk inc flu hosp","quantile",0.6,39.2825070660814
"39",2026-05-09,1,2026-05-16,"wk inc flu hosp","quantile",0.65,43.876683333798
"39",2026-05-09,1,2026-05-16,"wk inc flu hosp","quantile",0.7,49.1979988245455
"39",2026-05-09,1,2026-05-16,"wk inc flu hosp","quantile",0.75,55.3116978349804
"39",2026-05-09,1,2026-05-16,"wk inc flu hosp","quantile",0.8,63.3988105326204
"39",2026-05-09,1,2026-05-16,"wk inc flu hosp","quantile",0.85,71.3368503764767
"39",2026-05-09,1,2026-05-16,"wk inc flu hosp","quantile",0.9,83.4422015340107
"39",2026-05-09,1,2026-05-16,"wk inc flu hosp","quantile",0.95,106.239921673312
"39",2026-05-09,1,2026-05-16,"wk inc flu hosp","quantile",0.975,132.451189628171
"39",2026-05-09,1,2026-05-16,"wk inc flu hosp","quantile",0.99,171.81573098231
"39",2026-05-09,2,2026-05-23,"wk inc flu hosp","quantile",0.01,0
"39",2026-05-09,2,2026-05-23,"wk inc flu hosp","quantile",0.025,0
"39",2026-05-09,2,2026-05-23,"wk inc flu hosp","quantile",0.05,0.599031719428428
"39",2026-05-09,2,2026-05-23,"wk inc flu hosp","quantile",0.1,2.58845928377898
"39",2026-05-09,2,2026-05-23,"wk inc flu hosp","quantile",0.15,4.27414657104063
"39",2026-05-09,2,2026-05-23,"wk inc flu hosp","quantile",0.2,5.57385148326052
"39",2026-05-09,2,2026-05-23,"wk inc flu hosp","quantile",0.25,8.2831518709039
"39",2026-05-09,2,2026-05-23,"wk inc flu hosp","quantile",0.3,13.1596701649057
"39",2026-05-09,2,2026-05-23,"wk inc flu hosp","quantile",0.35,17.8956699714894
"39",2026-05-09,2,2026-05-23,"wk inc flu hosp","quantile",0.4,21.5856201526
"39",2026-05-09,2,2026-05-23,"wk inc flu hosp","quantile",0.45,26.4678940349124
"39",2026-05-09,2,2026-05-23,"wk inc flu hosp","quantile",0.5,32.5384134651625
"39",2026-05-09,2,2026-05-23,"wk inc flu hosp","quantile",0.55,37.9909180623934
"39",2026-05-09,2,2026-05-23,"wk inc flu hosp","quantile",0.6,45.9191511489821
"39",2026-05-09,2,2026-05-23,"wk inc flu hosp","quantile",0.65,53.5241440853254
"39",2026-05-09,2,2026-05-23,"wk inc flu hosp","quantile",0.7,61.5511870141881
"39",2026-05-09,2,2026-05-23,"wk inc flu hosp","quantile",0.75,71.0935360452038
"39",2026-05-09,2,2026-05-23,"wk inc flu hosp","quantile",0.8,83.1420322619516
"39",2026-05-09,2,2026-05-23,"wk inc flu hosp","quantile",0.85,98.2988415251547
"39",2026-05-09,2,2026-05-23,"wk inc flu hosp","quantile",0.9,117.666101366495
"39",2026-05-09,2,2026-05-23,"wk inc flu hosp","quantile",0.95,157.768751849433
"39",2026-05-09,2,2026-05-23,"wk inc flu hosp","quantile",0.975,197.197548531691
"39",2026-05-09,2,2026-05-23,"wk inc flu hosp","quantile",0.99,270.999086318479
"39",2026-05-09,3,2026-05-30,"wk inc flu hosp","quantile",0.01,0
"39",2026-05-09,3,2026-05-30,"wk inc flu hosp","quantile",0.025,0
"39",2026-05-09,3,2026-05-30,"wk inc flu hosp","quantile",0.05,0
"39",2026-05-09,3,2026-05-30,"wk inc flu hosp","quantile",0.1,1.5506793322288
"39",2026-05-09,3,2026-05-30,"wk inc flu hosp","quantile",0.15,3.42429169455622
"39",2026-05-09,3,2026-05-30,"wk inc flu hosp","quantile",0.2,4.59869514156671
"39",2026-05-09,3,2026-05-30,"wk inc flu hosp","quantile",0.25,6.69427135391924
"39",2026-05-09,3,2026-05-30,"wk inc flu hosp","quantile",0.3,12.7658214314921
"39",2026-05-09,3,2026-05-30,"wk inc flu hosp","quantile",0.35,19.1873340350204
"39",2026-05-09,3,2026-05-30,"wk inc flu hosp","quantile",0.4,24.0588279804819
"39",2026-05-09,3,2026-05-30,"wk inc flu hosp","quantile",0.45,30.7359558831506
"39",2026-05-09,3,2026-05-30,"wk inc flu hosp","quantile",0.5,37.2129016543684
"39",2026-05-09,3,2026-05-30,"wk inc flu hosp","quantile",0.55,43.7572758444632
"39",2026-05-09,3,2026-05-30,"wk inc flu hosp","quantile",0.6,53.076507708026
"39",2026-05-09,3,2026-05-30,"wk inc flu hosp","quantile",0.65,63.4716825644396
"39",2026-05-09,3,2026-05-30,"wk inc flu hosp","quantile",0.7,75.5486965050376
"39",2026-05-09,3,2026-05-30,"wk inc flu hosp","quantile",0.75,88.3279986895215
"39",2026-05-09,3,2026-05-30,"wk inc flu hosp","quantile",0.8,103.091160051256
"39",2026-05-09,3,2026-05-30,"wk inc flu hosp","quantile",0.85,125.236175653561
"39",2026-05-09,3,2026-05-30,"wk inc flu hosp","quantile",0.9,161.342236812002
"39",2026-05-09,3,2026-05-30,"wk inc flu hosp","quantile",0.95,220.005971776172
"39",2026-05-09,3,2026-05-30,"wk inc flu hosp","quantile",0.975,292.077735002462
"39",2026-05-09,3,2026-05-30,"wk inc flu hosp","quantile",0.99,397.111404054241
"40",2026-05-09,0,2026-05-09,"wk inc flu hosp","quantile",0.01,0
"40",2026-05-09,0,2026-05-09,"wk inc flu hosp","quantile",0.025,0
"40",2026-05-09,0,2026-05-09,"wk inc flu hosp","quantile",0.05,0.0633929237323648
"40",2026-05-09,0,2026-05-09,"wk inc flu hosp","quantile",0.1,0.428753378591146
"40",2026-05-09,0,2026-05-09,"wk inc flu hosp","quantile",0.15,1.36165332408074
"40",2026-05-09,0,2026-05-09,"wk inc flu hosp","quantile",0.2,2.19863234735142
"40",2026-05-09,0,2026-05-09,"wk inc flu hosp","quantile",0.25,3.07290942038723
"40",2026-05-09,0,2026-05-09,"wk inc flu hosp","quantile",0.3,4.08389136662345
"40",2026-05-09,0,2026-05-09,"wk inc flu hosp","quantile",0.35,5.18797838500297
"40",2026-05-09,0,2026-05-09,"wk inc flu hosp","quantile",0.4,6.12952281778805
"40",2026-05-09,0,2026-05-09,"wk inc flu hosp","quantile",0.45,6.93849975974
"40",2026-05-09,0,2026-05-09,"wk inc flu hosp","quantile",0.5,7.84995116544814
"40",2026-05-09,0,2026-05-09,"wk inc flu hosp","quantile",0.55,8.74107999236511
"40",2026-05-09,0,2026-05-09,"wk inc flu hosp","quantile",0.6,9.79590108324923
"40",2026-05-09,0,2026-05-09,"wk inc flu hosp","quantile",0.65,10.5618116622886
"40",2026-05-09,0,2026-05-09,"wk inc flu hosp","quantile",0.7,11.6799261794126
"40",2026-05-09,0,2026-05-09,"wk inc flu hosp","quantile",0.75,12.8104246460014
"40",2026-05-09,0,2026-05-09,"wk inc flu hosp","quantile",0.8,14.1418054530891
"40",2026-05-09,0,2026-05-09,"wk inc flu hosp","quantile",0.85,15.7577756373923
"40",2026-05-09,0,2026-05-09,"wk inc flu hosp","quantile",0.9,17.7555045341375
"40",2026-05-09,0,2026-05-09,"wk inc flu hosp","quantile",0.95,21.2407270600427
"40",2026-05-09,0,2026-05-09,"wk inc flu hosp","quantile",0.975,25.1231161220813
"40",2026-05-09,0,2026-05-09,"wk inc flu hosp","quantile",0.99,32.3790178610888
"40",2026-05-09,1,2026-05-16,"wk inc flu hosp","quantile",0.01,0
"40",2026-05-09,1,2026-05-16,"wk inc flu hosp","quantile",0.025,0
"40",2026-05-09,1,2026-05-16,"wk inc flu hosp","quantile",0.05,0
"40",2026-05-09,1,2026-05-16,"wk inc flu hosp","quantile",0.1,0
"40",2026-05-09,1,2026-05-16,"wk inc flu hosp","quantile",0.15,0.670355028710553
"40",2026-05-09,1,2026-05-16,"wk inc flu hosp","quantile",0.2,1.01672497475957
"40",2026-05-09,1,2026-05-16,"wk inc flu hosp","quantile",0.25,1.73136562163412
"40",2026-05-09,1,2026-05-16,"wk inc flu hosp","quantile",0.3,2.95758295288199
"40",2026-05-09,1,2026-05-16,"wk inc flu hosp","quantile",0.35,4.22178242508288
"40",2026-05-09,1,2026-05-16,"wk inc flu hosp","quantile",0.4,5.59036317448299
"40",2026-05-09,1,2026-05-16,"wk inc flu hosp","quantile",0.45,6.81023988502236
"40",2026-05-09,1,2026-05-16,"wk inc flu hosp","quantile",0.5,8.08095456828731
"40",2026-05-09,1,2026-05-16,"wk inc flu hosp","quantile",0.55,9.45510540911057
"40",2026-05-09,1,2026-05-16,"wk inc flu hosp","quantile",0.6,10.8861842669956
"40",2026-05-09,1,2026-05-16,"wk inc flu hosp","quantile",0.65,12.5198049090723
"40",2026-05-09,1,2026-05-16,"wk inc flu hosp","quantile",0.7,14.0692740254173
"40",2026-05-09,1,2026-05-16,"wk inc flu hosp","quantile",0.75,16.2020302365071
"40",2026-05-09,1,2026-05-16,"wk inc flu hosp","quantile",0.8,18.6316041577856
"40",2026-05-09,1,2026-05-16,"wk inc flu hosp","quantile",0.85,21.0361536138045
"40",2026-05-09,1,2026-05-16,"wk inc flu hosp","quantile",0.9,25.1511744736189
"40",2026-05-09,1,2026-05-16,"wk inc flu hosp","quantile",0.95,30.9700250887713
"40",2026-05-09,1,2026-05-16,"wk inc flu hosp","quantile",0.975,37.2122292597419
"40",2026-05-09,1,2026-05-16,"wk inc flu hosp","quantile",0.99,49.6753009207474
"40",2026-05-09,2,2026-05-23,"wk inc flu hosp","quantile",0.01,0
"40",2026-05-09,2,2026-05-23,"wk inc flu hosp","quantile",0.025,0
"40",2026-05-09,2,2026-05-23,"wk inc flu hosp","quantile",0.05,0
"40",2026-05-09,2,2026-05-23,"wk inc flu hosp","quantile",0.1,0
"40",2026-05-09,2,2026-05-23,"wk inc flu hosp","quantile",0.15,0.478843497444571
"40",2026-05-09,2,2026-05-23,"wk inc flu hosp","quantile",0.2,1.02323664150965
"40",2026-05-09,2,2026-05-23,"wk inc flu hosp","quantile",0.25,1.66378419087897
"40",2026-05-09,2,2026-05-23,"wk inc flu hosp","quantile",0.3,3.24463548085634
"40",2026-05-09,2,2026-05-23,"wk inc flu hosp","quantile",0.35,5.15801571170933
"40",2026-05-09,2,2026-05-23,"wk inc flu hosp","quantile",0.4,6.86050279847078
"40",2026-05-09,2,2026-05-23,"wk inc flu hosp","quantile",0.45,8.41312633201782
"40",2026-05-09,2,2026-05-23,"wk inc flu hosp","quantile",0.5,10.0168630626882
"40",2026-05-09,2,2026-05-23,"wk inc flu hosp","quantile",0.55,11.7453017056374
"40",2026-05-09,2,2026-05-23,"wk inc flu hosp","quantile",0.6,13.9216476583317
"40",2026-05-09,2,2026-05-23,"wk inc flu hosp","quantile",0.65,15.9961970830785
"40",2026-05-09,2,2026-05-23,"wk inc flu hosp","quantile",0.7,18.1718319512852
"40",2026-05-09,2,2026-05-23,"wk inc flu hosp","quantile",0.75,20.7423352920891
"40",2026-05-09,2,2026-05-23,"wk inc flu hosp","quantile",0.8,24.1291582611866
"40",2026-05-09,2,2026-05-23,"wk inc flu hosp","quantile",0.85,29.0555895099416
"40",2026-05-09,2,2026-05-23,"wk inc flu hosp","quantile",0.9,34.3671025972002
"40",2026-05-09,2,2026-05-23,"wk inc flu hosp","quantile",0.95,45.9253957470834
"40",2026-05-09,2,2026-05-23,"wk inc flu hosp","quantile",0.975,58.176059361549
"40",2026-05-09,2,2026-05-23,"wk inc flu hosp","quantile",0.99,74.3843313313997
"40",2026-05-09,3,2026-05-30,"wk inc flu hosp","quantile",0.01,0
"40",2026-05-09,3,2026-05-30,"wk inc flu hosp","quantile",0.025,0
"40",2026-05-09,3,2026-05-30,"wk inc flu hosp","quantile",0.05,0
"40",2026-05-09,3,2026-05-30,"wk inc flu hosp","quantile",0.1,0
"40",2026-05-09,3,2026-05-30,"wk inc flu hosp","quantile",0.15,0.0980459860794074
"40",2026-05-09,3,2026-05-30,"wk inc flu hosp","quantile",0.2,0.785212519866189
"40",2026-05-09,3,2026-05-30,"wk inc flu hosp","quantile",0.25,2.00092859148788
"40",2026-05-09,3,2026-05-30,"wk inc flu hosp","quantile",0.3,3.90792355519888
"40",2026-05-09,3,2026-05-30,"wk inc flu hosp","quantile",0.35,6.23096654863154
"40",2026-05-09,3,2026-05-30,"wk inc flu hosp","quantile",0.4,7.73221852393626
"40",2026-05-09,3,2026-05-30,"wk inc flu hosp","quantile",0.45,9.52733635547213
"40",2026-05-09,3,2026-05-30,"wk inc flu hosp","quantile",0.5,11.8374138368085
"40",2026-05-09,3,2026-05-30,"wk inc flu hosp","quantile",0.55,14.3174083175182
"40",2026-05-09,3,2026-05-30,"wk inc flu hosp","quantile",0.6,17.1707033494662
"40",2026-05-09,3,2026-05-30,"wk inc flu hosp","quantile",0.65,19.8632101346024
"40",2026-05-09,3,2026-05-30,"wk inc flu hosp","quantile",0.7,23.5295366889146
"40",2026-05-09,3,2026-05-30,"wk inc flu hosp","quantile",0.75,27.4160450681809
"40",2026-05-09,3,2026-05-30,"wk inc flu hosp","quantile",0.8,32.4403091864866
"40",2026-05-09,3,2026-05-30,"wk inc flu hosp","quantile",0.85,38.9224901708003
"40",2026-05-09,3,2026-05-30,"wk inc flu hosp","quantile",0.9,47.7354177629362
"40",2026-05-09,3,2026-05-30,"wk inc flu hosp","quantile",0.95,61.7049935689557
"40",2026-05-09,3,2026-05-30,"wk inc flu hosp","quantile",0.975,75.8819288057246
"40",2026-05-09,3,2026-05-30,"wk inc flu hosp","quantile",0.99,99.573240036172
"41",2026-05-09,0,2026-05-09,"wk inc flu hosp","quantile",0.01,0
"41",2026-05-09,0,2026-05-09,"wk inc flu hosp","quantile",0.025,0.292467632043738
"41",2026-05-09,0,2026-05-09,"wk inc flu hosp","quantile",0.05,0.905020816049933
"41",2026-05-09,0,2026-05-09,"wk inc flu hosp","quantile",0.1,1.88893415288741
"41",2026-05-09,0,2026-05-09,"wk inc flu hosp","quantile",0.15,3.23886862716479
"41",2026-05-09,0,2026-05-09,"wk inc flu hosp","quantile",0.2,4.16195858792838
"41",2026-05-09,0,2026-05-09,"wk inc flu hosp","quantile",0.25,5.10769960067066
"41",2026-05-09,0,2026-05-09,"wk inc flu hosp","quantile",0.3,6.20752024619352
"41",2026-05-09,0,2026-05-09,"wk inc flu hosp","quantile",0.35,7.14740130490955
"41",2026-05-09,0,2026-05-09,"wk inc flu hosp","quantile",0.4,8.0735634870496
"41",2026-05-09,0,2026-05-09,"wk inc flu hosp","quantile",0.45,8.84146218926898
"41",2026-05-09,0,2026-05-09,"wk inc flu hosp","quantile",0.5,9.68811519205159
"41",2026-05-09,0,2026-05-09,"wk inc flu hosp","quantile",0.55,10.3589822066479
"41",2026-05-09,0,2026-05-09,"wk inc flu hosp","quantile",0.6,11.1186347536428
"41",2026-05-09,0,2026-05-09,"wk inc flu hosp","quantile",0.65,11.8426353160869
"41",2026-05-09,0,2026-05-09,"wk inc flu hosp","quantile",0.7,12.9108648399605
"41",2026-05-09,0,2026-05-09,"wk inc flu hosp","quantile",0.75,13.8630185008955
"41",2026-05-09,0,2026-05-09,"wk inc flu hosp","quantile",0.8,15.1131797068169
"41",2026-05-09,0,2026-05-09,"wk inc flu hosp","quantile",0.85,16.6980916999832
"41",2026-05-09,0,2026-05-09,"wk inc flu hosp","quantile",0.9,18.6533112212017
"41",2026-05-09,0,2026-05-09,"wk inc flu hosp","quantile",0.95,21.3824072534868
"41",2026-05-09,0,2026-05-09,"wk inc flu hosp","quantile",0.975,25.2544137284059
"41",2026-05-09,0,2026-05-09,"wk inc flu hosp","quantile",0.99,31.4736072503365
"41",2026-05-09,1,2026-05-16,"wk inc flu hosp","quantile",0.01,0
"41",2026-05-09,1,2026-05-16,"wk inc flu hosp","quantile",0.025,0
"41",2026-05-09,1,2026-05-16,"wk inc flu hosp","quantile",0.05,0.438036085634061
"41",2026-05-09,1,2026-05-16,"wk inc flu hosp","quantile",0.1,0.778451317531039
"41",2026-05-09,1,2026-05-16,"wk inc flu hosp","quantile",0.15,1.74591516087611
"41",2026-05-09,1,2026-05-16,"wk inc flu hosp","quantile",0.2,3.12940979797562
"41",2026-05-09,1,2026-05-16,"wk inc flu hosp","quantile",0.25,4.17936267972825
"41",2026-05-09,1,2026-05-16,"wk inc flu hosp","quantile",0.3,5.68430307092591
"41",2026-05-09,1,2026-05-16,"wk inc flu hosp","quantile",0.35,6.91781988890771
"41",2026-05-09,1,2026-05-16,"wk inc flu hosp","quantile",0.4,8.36997174676524
"41",2026-05-09,1,2026-05-16,"wk inc flu hosp","quantile",0.45,9.26824731287476
"41",2026-05-09,1,2026-05-16,"wk inc flu hosp","quantile",0.5,10.5178261809927
"41",2026-05-09,1,2026-05-16,"wk inc flu hosp","quantile",0.55,11.6212896639431
"41",2026-05-09,1,2026-05-16,"wk inc flu hosp","quantile",0.6,12.9201131159949
"41",2026-05-09,1,2026-05-16,"wk inc flu hosp","quantile",0.65,14.2716635936912
"41",2026-05-09,1,2026-05-16,"wk inc flu hosp","quantile",0.7,15.6134717365428
"41",2026-05-09,1,2026-05-16,"wk inc flu hosp","quantile",0.75,17.4375395559371
"41",2026-05-09,1,2026-05-16,"wk inc flu hosp","quantile",0.8,19.0748990660446
"41",2026-05-09,1,2026-05-16,"wk inc flu hosp","quantile",0.85,21.6096417668291
"41",2026-05-09,1,2026-05-16,"wk inc flu hosp","quantile",0.9,24.8685897262575
"41",2026-05-09,1,2026-05-16,"wk inc flu hosp","quantile",0.95,31.1142698013212
"41",2026-05-09,1,2026-05-16,"wk inc flu hosp","quantile",0.975,37.4609995338153
"41",2026-05-09,1,2026-05-16,"wk inc flu hosp","quantile",0.99,46.0336555117137
"41",2026-05-09,2,2026-05-23,"wk inc flu hosp","quantile",0.01,0
"41",2026-05-09,2,2026-05-23,"wk inc flu hosp","quantile",0.025,0
"41",2026-05-09,2,2026-05-23,"wk inc flu hosp","quantile",0.05,0
"41",2026-05-09,2,2026-05-23,"wk inc flu hosp","quantile",0.1,0.588902642099337
"41",2026-05-09,2,2026-05-23,"wk inc flu hosp","quantile",0.15,1.33321295641068
"41",2026-05-09,2,2026-05-23,"wk inc flu hosp","quantile",0.2,3.01084719061876
"41",2026-05-09,2,2026-05-23,"wk inc flu hosp","quantile",0.25,4.45585314812507
"41",2026-05-09,2,2026-05-23,"wk inc flu hosp","quantile",0.3,6.11791871491313
"41",2026-05-09,2,2026-05-23,"wk inc flu hosp","quantile",0.35,7.38911003621768
"41",2026-05-09,2,2026-05-23,"wk inc flu hosp","quantile",0.4,9.0107600123982
"41",2026-05-09,2,2026-05-23,"wk inc flu hosp","quantile",0.45,10.3874438144773
"41",2026-05-09,2,2026-05-23,"wk inc flu hosp","quantile",0.5,12.0095141026907
"41",2026-05-09,2,2026-05-23,"wk inc flu hosp","quantile",0.55,13.7483516009882
"41",2026-05-09,2,2026-05-23,"wk inc flu hosp","quantile",0.6,15.4804442773091
"41",2026-05-09,2,2026-05-23,"wk inc flu hosp","quantile",0.65,17.1948486167621
"41",2026-05-09,2,2026-05-23,"wk inc flu hosp","quantile",0.7,19.1506281396555
"41",2026-05-09,2,2026-05-23,"wk inc flu hosp","quantile",0.75,21.5748324117161
"41",2026-05-09,2,2026-05-23,"wk inc flu hosp","quantile",0.8,24.1885693703201
"41",2026-05-09,2,2026-05-23,"wk inc flu hosp","quantile",0.85,28.3739572883714
"41",2026-05-09,2,2026-05-23,"wk inc flu hosp","quantile",0.9,33.4541218466824
"41",2026-05-09,2,2026-05-23,"wk inc flu hosp","quantile",0.95,41.7209886456137
"41",2026-05-09,2,2026-05-23,"wk inc flu hosp","quantile",0.975,51.985415328958
"41",2026-05-09,2,2026-05-23,"wk inc flu hosp","quantile",0.99,65.8742268798947
"41",2026-05-09,3,2026-05-30,"wk inc flu hosp","quantile",0.01,0
"41",2026-05-09,3,2026-05-30,"wk inc flu hosp","quantile",0.025,0
"41",2026-05-09,3,2026-05-30,"wk inc flu hosp","quantile",0.05,0
"41",2026-05-09,3,2026-05-30,"wk inc flu hosp","quantile",0.1,0.260271385397135
"41",2026-05-09,3,2026-05-30,"wk inc flu hosp","quantile",0.15,0.964188838026004
"41",2026-05-09,3,2026-05-30,"wk inc flu hosp","quantile",0.2,2.71375370403347
"41",2026-05-09,3,2026-05-30,"wk inc flu hosp","quantile",0.25,4.59217443934528
"41",2026-05-09,3,2026-05-30,"wk inc flu hosp","quantile",0.3,6.34102385898009
"41",2026-05-09,3,2026-05-30,"wk inc flu hosp","quantile",0.35,8.12120642698903
"41",2026-05-09,3,2026-05-30,"wk inc flu hosp","quantile",0.4,9.96988275463043
"41",2026-05-09,3,2026-05-30,"wk inc flu hosp","quantile",0.45,12.2164968322376
"41",2026-05-09,3,2026-05-30,"wk inc flu hosp","quantile",0.5,13.7686091493298
"41",2026-05-09,3,2026-05-30,"wk inc flu hosp","quantile",0.55,15.6574284148352
"41",2026-05-09,3,2026-05-30,"wk inc flu hosp","quantile",0.6,17.9886210626902
"41",2026-05-09,3,2026-05-30,"wk inc flu hosp","quantile",0.65,20.3658389314799
"41",2026-05-09,3,2026-05-30,"wk inc flu hosp","quantile",0.7,23.0636187176295
"41",2026-05-09,3,2026-05-30,"wk inc flu hosp","quantile",0.75,26.6357061174857
"41",2026-05-09,3,2026-05-30,"wk inc flu hosp","quantile",0.8,30.3556959227445
"41",2026-05-09,3,2026-05-30,"wk inc flu hosp","quantile",0.85,35.0123292588961
"41",2026-05-09,3,2026-05-30,"wk inc flu hosp","quantile",0.9,41.1621460868241
"41",2026-05-09,3,2026-05-30,"wk inc flu hosp","quantile",0.95,53.0998936402205
"41",2026-05-09,3,2026-05-30,"wk inc flu hosp","quantile",0.975,66.0581985067562
"41",2026-05-09,3,2026-05-30,"wk inc flu hosp","quantile",0.99,87.1388632778414
"42",2026-05-09,0,2026-05-09,"wk inc flu hosp","quantile",0.01,90.5087994326345
"42",2026-05-09,0,2026-05-09,"wk inc flu hosp","quantile",0.025,103.066171037809
"42",2026-05-09,0,2026-05-09,"wk inc flu hosp","quantile",0.05,110.122995825741
"42",2026-05-09,0,2026-05-09,"wk inc flu hosp","quantile",0.1,123.265949220151
"42",2026-05-09,0,2026-05-09,"wk inc flu hosp","quantile",0.15,132.139531766238
"42",2026-05-09,0,2026-05-09,"wk inc flu hosp","quantile",0.2,141.265766195015
"42",2026-05-09,0,2026-05-09,"wk inc flu hosp","quantile",0.25,147.654375345606
"42",2026-05-09,0,2026-05-09,"wk inc flu hosp","quantile",0.3,152.736945505772
"42",2026-05-09,0,2026-05-09,"wk inc flu hosp","quantile",0.35,158.751725935317
"42",2026-05-09,0,2026-05-09,"wk inc flu hosp","quantile",0.4,164.225044183023
"42",2026-05-09,0,2026-05-09,"wk inc flu hosp","quantile",0.45,169.889521564114
"42",2026-05-09,0,2026-05-09,"wk inc flu hosp","quantile",0.5,175.39956557979
"42",2026-05-09,0,2026-05-09,"wk inc flu hosp","quantile",0.55,180.853483465865
"42",2026-05-09,0,2026-05-09,"wk inc flu hosp","quantile",0.6,186.137698579206
"42",2026-05-09,0,2026-05-09,"wk inc flu hosp","quantile",0.65,191.415200743426
"42",2026-05-09,0,2026-05-09,"wk inc flu hosp","quantile",0.7,197.448718217638
"42",2026-05-09,0,2026-05-09,"wk inc flu hosp","quantile",0.75,204.931997599559
"42",2026-05-09,0,2026-05-09,"wk inc flu hosp","quantile",0.8,211.274943979383
"42",2026-05-09,0,2026-05-09,"wk inc flu hosp","quantile",0.85,220.506036528287
"42",2026-05-09,0,2026-05-09,"wk inc flu hosp","quantile",0.9,232.872417657886
"42",2026-05-09,0,2026-05-09,"wk inc flu hosp","quantile",0.95,254.430819975517
"42",2026-05-09,0,2026-05-09,"wk inc flu hosp","quantile",0.975,274.372577663328
"42",2026-05-09,0,2026-05-09,"wk inc flu hosp","quantile",0.99,307.155904902559
"42",2026-05-09,1,2026-05-16,"wk inc flu hosp","quantile",0.01,61.3822133928677
"42",2026-05-09,1,2026-05-16,"wk inc flu hosp","quantile",0.025,74.7947712879653
"42",2026-05-09,1,2026-05-16,"wk inc flu hosp","quantile",0.05,86.1186086912497
"42",2026-05-09,1,2026-05-16,"wk inc flu hosp","quantile",0.1,100.678965085857
"42",2026-05-09,1,2026-05-16,"wk inc flu hosp","quantile",0.15,111.487294209319
"42",2026-05-09,1,2026-05-16,"wk inc flu hosp","quantile",0.2,120.161582066489
"42",2026-05-09,1,2026-05-16,"wk inc flu hosp","quantile",0.25,128.038133341839
"42",2026-05-09,1,2026-05-16,"wk inc flu hosp","quantile",0.3,134.137782776797
"42",2026-05-09,1,2026-05-16,"wk inc flu hosp","quantile",0.35,141.271814380095
"42",2026-05-09,1,2026-05-16,"wk inc flu hosp","quantile",0.4,148.534232163272
"42",2026-05-09,1,2026-05-16,"wk inc flu hosp","quantile",0.45,156.94155445886
"42",2026-05-09,1,2026-05-16,"wk inc flu hosp","quantile",0.5,164.58144421267
"42",2026-05-09,1,2026-05-16,"wk inc flu hosp","quantile",0.55,172.846747893695
"42",2026-05-09,1,2026-05-16,"wk inc flu hosp","quantile",0.6,181.080572779987
"42",2026-05-09,1,2026-05-16,"wk inc flu hosp","quantile",0.65,190.106779877288
"42",2026-05-09,1,2026-05-16,"wk inc flu hosp","quantile",0.7,199.294745080737
"42",2026-05-09,1,2026-05-16,"wk inc flu hosp","quantile",0.75,208.963525857516
"42",2026-05-09,1,2026-05-16,"wk inc flu hosp","quantile",0.8,219.800230841059
"42",2026-05-09,1,2026-05-16,"wk inc flu hosp","quantile",0.85,235.059223114171
"42",2026-05-09,1,2026-05-16,"wk inc flu hosp","quantile",0.9,255.101760813467
"42",2026-05-09,1,2026-05-16,"wk inc flu hosp","quantile",0.95,290.557487971235
"42",2026-05-09,1,2026-05-16,"wk inc flu hosp","quantile",0.975,313.603915739443
"42",2026-05-09,1,2026-05-16,"wk inc flu hosp","quantile",0.99,364.887078080259
"42",2026-05-09,2,2026-05-23,"wk inc flu hosp","quantile",0.01,44.6929281476028
"42",2026-05-09,2,2026-05-23,"wk inc flu hosp","quantile",0.025,57.6295054947664
"42",2026-05-09,2,2026-05-23,"wk inc flu hosp","quantile",0.05,65.9082415108823
"42",2026-05-09,2,2026-05-23,"wk inc flu hosp","quantile",0.1,81.2204541422979
"42",2026-05-09,2,2026-05-23,"wk inc flu hosp","quantile",0.15,94.5998727334771
"42",2026-05-09,2,2026-05-23,"wk inc flu hosp","quantile",0.2,104.877248995072
"42",2026-05-09,2,2026-05-23,"wk inc flu hosp","quantile",0.25,111.042224407955
"42",2026-05-09,2,2026-05-23,"wk inc flu hosp","quantile",0.3,118.42270822509
"42",2026-05-09,2,2026-05-23,"wk inc flu hosp","quantile",0.35,127.499412560304
"42",2026-05-09,2,2026-05-23,"wk inc flu hosp","quantile",0.4,136.788866629289
"42",2026-05-09,2,2026-05-23,"wk inc flu hosp","quantile",0.45,145.74353343684
"42",2026-05-09,2,2026-05-23,"wk inc flu hosp","quantile",0.5,156.217363920619
"42",2026-05-09,2,2026-05-23,"wk inc flu hosp","quantile",0.55,167.69158833
"42",2026-05-09,2,2026-05-23,"wk inc flu hosp","quantile",0.6,177.522135838329
"42",2026-05-09,2,2026-05-23,"wk inc flu hosp","quantile",0.65,188.340257820277
"42",2026-05-09,2,2026-05-23,"wk inc flu hosp","quantile",0.7,200.914864101234
"42",2026-05-09,2,2026-05-23,"wk inc flu hosp","quantile",0.75,217.249980316391
"42",2026-05-09,2,2026-05-23,"wk inc flu hosp","quantile",0.8,232.531855053692
"42",2026-05-09,2,2026-05-23,"wk inc flu hosp","quantile",0.85,251.451194668515
"42",2026-05-09,2,2026-05-23,"wk inc flu hosp","quantile",0.9,279.381830525601
"42",2026-05-09,2,2026-05-23,"wk inc flu hosp","quantile",0.95,324.337699965048
"42",2026-05-09,2,2026-05-23,"wk inc flu hosp","quantile",0.975,363.233599262794
"42",2026-05-09,2,2026-05-23,"wk inc flu hosp","quantile",0.99,432.73115256768
"42",2026-05-09,3,2026-05-30,"wk inc flu hosp","quantile",0.01,36.2928562279399
"42",2026-05-09,3,2026-05-30,"wk inc flu hosp","quantile",0.025,47.5582569041464
"42",2026-05-09,3,2026-05-30,"wk inc flu hosp","quantile",0.05,52.548695500662
"42",2026-05-09,3,2026-05-30,"wk inc flu hosp","quantile",0.1,68.4583911659184
"42",2026-05-09,3,2026-05-30,"wk inc flu hosp","quantile",0.15,81.3202269069658
"42",2026-05-09,3,2026-05-30,"wk inc flu hosp","quantile",0.2,92.5957854870536
"42",2026-05-09,3,2026-05-30,"wk inc flu hosp","quantile",0.25,101.915746970156
"42",2026-05-09,3,2026-05-30,"wk inc flu hosp","quantile",0.3,109.73541840591
"42",2026-05-09,3,2026-05-30,"wk inc flu hosp","quantile",0.35,120.563663142625
"42",2026-05-09,3,2026-05-30,"wk inc flu hosp","quantile",0.4,130.103234189361
"42",2026-05-09,3,2026-05-30,"wk inc flu hosp","quantile",0.45,140.349508780895
"42",2026-05-09,3,2026-05-30,"wk inc flu hosp","quantile",0.5,153.075779406136
"42",2026-05-09,3,2026-05-30,"wk inc flu hosp","quantile",0.55,165.238516713491
"42",2026-05-09,3,2026-05-30,"wk inc flu hosp","quantile",0.6,176.680986988028
"42",2026-05-09,3,2026-05-30,"wk inc flu hosp","quantile",0.65,191.221606620686
"42",2026-05-09,3,2026-05-30,"wk inc flu hosp","quantile",0.7,206.079920179112
"42",2026-05-09,3,2026-05-30,"wk inc flu hosp","quantile",0.75,223.357918506798
"42",2026-05-09,3,2026-05-30,"wk inc flu hosp","quantile",0.8,244.551351964556
"42",2026-05-09,3,2026-05-30,"wk inc flu hosp","quantile",0.85,267.809296825376
"42",2026-05-09,3,2026-05-30,"wk inc flu hosp","quantile",0.9,301.890978944662
"42",2026-05-09,3,2026-05-30,"wk inc flu hosp","quantile",0.95,360.824769710016
"42",2026-05-09,3,2026-05-30,"wk inc flu hosp","quantile",0.975,408.936903989509
"42",2026-05-09,3,2026-05-30,"wk inc flu hosp","quantile",0.99,479.581014774494
"44",2026-05-09,0,2026-05-09,"wk inc flu hosp","quantile",0.01,0
"44",2026-05-09,0,2026-05-09,"wk inc flu hosp","quantile",0.025,0
"44",2026-05-09,0,2026-05-09,"wk inc flu hosp","quantile",0.05,0
"44",2026-05-09,0,2026-05-09,"wk inc flu hosp","quantile",0.1,0.344693522952602
"44",2026-05-09,0,2026-05-09,"wk inc flu hosp","quantile",0.15,0.855651030921673
"44",2026-05-09,0,2026-05-09,"wk inc flu hosp","quantile",0.2,1.27809385604128
"44",2026-05-09,0,2026-05-09,"wk inc flu hosp","quantile",0.25,1.74472156097643
"44",2026-05-09,0,2026-05-09,"wk inc flu hosp","quantile",0.3,2.17070828879584
"44",2026-05-09,0,2026-05-09,"wk inc flu hosp","quantile",0.35,2.51615235184993
"44",2026-05-09,0,2026-05-09,"wk inc flu hosp","quantile",0.4,2.86874258708348
"44",2026-05-09,0,2026-05-09,"wk inc flu hosp","quantile",0.45,3.18168501758324
"44",2026-05-09,0,2026-05-09,"wk inc flu hosp","quantile",0.5,3.47088689408401
"44",2026-05-09,0,2026-05-09,"wk inc flu hosp","quantile",0.55,3.76255370294316
"44",2026-05-09,0,2026-05-09,"wk inc flu hosp","quantile",0.6,4.13976023334341
"44",2026-05-09,0,2026-05-09,"wk inc flu hosp","quantile",0.65,4.56060463249881
"44",2026-05-09,0,2026-05-09,"wk inc flu hosp","quantile",0.7,4.96998432555178
"44",2026-05-09,0,2026-05-09,"wk inc flu hosp","quantile",0.75,5.44910707030352
"44",2026-05-09,0,2026-05-09,"wk inc flu hosp","quantile",0.8,6.09592648493167
"44",2026-05-09,0,2026-05-09,"wk inc flu hosp","quantile",0.85,6.96941321865663
"44",2026-05-09,0,2026-05-09,"wk inc flu hosp","quantile",0.9,7.9260887938069
"44",2026-05-09,0,2026-05-09,"wk inc flu hosp","quantile",0.95,9.48154050820988
"44",2026-05-09,0,2026-05-09,"wk inc flu hosp","quantile",0.975,10.9486723249985
"44",2026-05-09,0,2026-05-09,"wk inc flu hosp","quantile",0.99,13.1520157211586
"44",2026-05-09,1,2026-05-16,"wk inc flu hosp","quantile",0.01,0
"44",2026-05-09,1,2026-05-16,"wk inc flu hosp","quantile",0.025,0
"44",2026-05-09,1,2026-05-16,"wk inc flu hosp","quantile",0.05,0
"44",2026-05-09,1,2026-05-16,"wk inc flu hosp","quantile",0.1,0
"44",2026-05-09,1,2026-05-16,"wk inc flu hosp","quantile",0.15,0.0707514405580518
"44",2026-05-09,1,2026-05-16,"wk inc flu hosp","quantile",0.2,0.495093959440435
"44",2026-05-09,1,2026-05-16,"wk inc flu hosp","quantile",0.25,1.06286211565137
"44",2026-05-09,1,2026-05-16,"wk inc flu hosp","quantile",0.3,1.50660905316869
"44",2026-05-09,1,2026-05-16,"wk inc flu hosp","quantile",0.35,1.92753960616575
"44",2026-05-09,1,2026-05-16,"wk inc flu hosp","quantile",0.4,2.35163913245156
"44",2026-05-09,1,2026-05-16,"wk inc flu hosp","quantile",0.45,2.84441208562868
"44",2026-05-09,1,2026-05-16,"wk inc flu hosp","quantile",0.5,3.23941783641685
"44",2026-05-09,1,2026-05-16,"wk inc flu hosp","quantile",0.55,3.62693485934273
"44",2026-05-09,1,2026-05-16,"wk inc flu hosp","quantile",0.6,4.1921460786933
"44",2026-05-09,1,2026-05-16,"wk inc flu hosp","quantile",0.65,4.79995665926686
"44",2026-05-09,1,2026-05-16,"wk inc flu hosp","quantile",0.7,5.45175785730184
"44",2026-05-09,1,2026-05-16,"wk inc flu hosp","quantile",0.75,6.37987592500473
"44",2026-05-09,1,2026-05-16,"wk inc flu hosp","quantile",0.8,7.24649520650214
"44",2026-05-09,1,2026-05-16,"wk inc flu hosp","quantile",0.85,8.48123221847145
"44",2026-05-09,1,2026-05-16,"wk inc flu hosp","quantile",0.9,9.98709148779867
"44",2026-05-09,1,2026-05-16,"wk inc flu hosp","quantile",0.95,12.7493331907816
"44",2026-05-09,1,2026-05-16,"wk inc flu hosp","quantile",0.975,15.5706203740981
"44",2026-05-09,1,2026-05-16,"wk inc flu hosp","quantile",0.99,19.6236939976014
"44",2026-05-09,2,2026-05-23,"wk inc flu hosp","quantile",0.01,0
"44",2026-05-09,2,2026-05-23,"wk inc flu hosp","quantile",0.025,0
"44",2026-05-09,2,2026-05-23,"wk inc flu hosp","quantile",0.05,0
"44",2026-05-09,2,2026-05-23,"wk inc flu hosp","quantile",0.1,0
"44",2026-05-09,2,2026-05-23,"wk inc flu hosp","quantile",0.15,0
"44",2026-05-09,2,2026-05-23,"wk inc flu hosp","quantile",0.2,0.184041330819638
"44",2026-05-09,2,2026-05-23,"wk inc flu hosp","quantile",0.25,0.402209958067775
"44",2026-05-09,2,2026-05-23,"wk inc flu hosp","quantile",0.3,0.93065627615395
"44",2026-05-09,2,2026-05-23,"wk inc flu hosp","quantile",0.35,1.43329641807252
"44",2026-05-09,2,2026-05-23,"wk inc flu hosp","quantile",0.4,1.85028996429263
"44",2026-05-09,2,2026-05-23,"wk inc flu hosp","quantile",0.45,2.37608186263718
"44",2026-05-09,2,2026-05-23,"wk inc flu hosp","quantile",0.5,2.84832487767409
"44",2026-05-09,2,2026-05-23,"wk inc flu hosp","quantile",0.55,3.37562794704475
"44",2026-05-09,2,2026-05-23,"wk inc flu hosp","quantile",0.6,4.01329317793919
"44",2026-05-09,2,2026-05-23,"wk inc flu hosp","quantile",0.65,4.84977930711443
"44",2026-05-09,2,2026-05-23,"wk inc flu hosp","quantile",0.7,5.66509514165583
"44",2026-05-09,2,2026-05-23,"wk inc flu hosp","quantile",0.75,6.76604276073047
"44",2026-05-09,2,2026-05-23,"wk inc flu hosp","quantile",0.8,8.04348284673378
"44",2026-05-09,2,2026-05-23,"wk inc flu hosp","quantile",0.85,9.76784263610267
"44",2026-05-09,2,2026-05-23,"wk inc flu hosp","quantile",0.9,12.2006259888659
"44",2026-05-09,2,2026-05-23,"wk inc flu hosp","quantile",0.95,16.1912460853713
"44",2026-05-09,2,2026-05-23,"wk inc flu hosp","quantile",0.975,19.5328670055878
"44",2026-05-09,2,2026-05-23,"wk inc flu hosp","quantile",0.99,25.5576831995609
"44",2026-05-09,3,2026-05-30,"wk inc flu hosp","quantile",0.01,0
"44",2026-05-09,3,2026-05-30,"wk inc flu hosp","quantile",0.025,0
"44",2026-05-09,3,2026-05-30,"wk inc flu hosp","quantile",0.05,0
"44",2026-05-09,3,2026-05-30,"wk inc flu hosp","quantile",0.1,0
"44",2026-05-09,3,2026-05-30,"wk inc flu hosp","quantile",0.15,0
"44",2026-05-09,3,2026-05-30,"wk inc flu hosp","quantile",0.2,0.0882173996155752
"44",2026-05-09,3,2026-05-30,"wk inc flu hosp","quantile",0.25,0.294663991148062
"44",2026-05-09,3,2026-05-30,"wk inc flu hosp","quantile",0.3,0.64104907391369
"44",2026-05-09,3,2026-05-30,"wk inc flu hosp","quantile",0.35,1.17061137509967
"44",2026-05-09,3,2026-05-30,"wk inc flu hosp","quantile",0.4,1.62558171799983
"44",2026-05-09,3,2026-05-30,"wk inc flu hosp","quantile",0.45,2.16466546652634
"44",2026-05-09,3,2026-05-30,"wk inc flu hosp","quantile",0.5,2.74864863307079
"44",2026-05-09,3,2026-05-30,"wk inc flu hosp","quantile",0.55,3.41111877238566
"44",2026-05-09,3,2026-05-30,"wk inc flu hosp","quantile",0.6,4.18635998188494
"44",2026-05-09,3,2026-05-30,"wk inc flu hosp","quantile",0.65,5.01670956968697
"44",2026-05-09,3,2026-05-30,"wk inc flu hosp","quantile",0.7,6.04203683764526
"44",2026-05-09,3,2026-05-30,"wk inc flu hosp","quantile",0.75,7.37705079239567
"44",2026-05-09,3,2026-05-30,"wk inc flu hosp","quantile",0.8,8.94210038362681
"44",2026-05-09,3,2026-05-30,"wk inc flu hosp","quantile",0.85,11.0543067573737
"44",2026-05-09,3,2026-05-30,"wk inc flu hosp","quantile",0.9,13.8688230042426
"44",2026-05-09,3,2026-05-30,"wk inc flu hosp","quantile",0.95,19.2566088800536
"44",2026-05-09,3,2026-05-30,"wk inc flu hosp","quantile",0.975,25.6326592177701
"44",2026-05-09,3,2026-05-30,"wk inc flu hosp","quantile",0.99,33.592200468538
"45",2026-05-09,0,2026-05-09,"wk inc flu hosp","quantile",0.01,0
"45",2026-05-09,0,2026-05-09,"wk inc flu hosp","quantile",0.025,0.187445093073668
"45",2026-05-09,0,2026-05-09,"wk inc flu hosp","quantile",0.05,1.88749901441501
"45",2026-05-09,0,2026-05-09,"wk inc flu hosp","quantile",0.1,3.94961396851087
"45",2026-05-09,0,2026-05-09,"wk inc flu hosp","quantile",0.15,5.57678719213533
"45",2026-05-09,0,2026-05-09,"wk inc flu hosp","quantile",0.2,6.79348971199977
"45",2026-05-09,0,2026-05-09,"wk inc flu hosp","quantile",0.25,7.75448385027054
"45",2026-05-09,0,2026-05-09,"wk inc flu hosp","quantile",0.3,8.69111895742461
"45",2026-05-09,0,2026-05-09,"wk inc flu hosp","quantile",0.35,10.3998835958949
"45",2026-05-09,0,2026-05-09,"wk inc flu hosp","quantile",0.4,11.7616363848523
"45",2026-05-09,0,2026-05-09,"wk inc flu hosp","quantile",0.45,12.7302297609131
"45",2026-05-09,0,2026-05-09,"wk inc flu hosp","quantile",0.5,13.8367994373945
"45",2026-05-09,0,2026-05-09,"wk inc flu hosp","quantile",0.55,15.089974770934
"45",2026-05-09,0,2026-05-09,"wk inc flu hosp","quantile",0.6,16.4819407654851
"45",2026-05-09,0,2026-05-09,"wk inc flu hosp","quantile",0.65,17.5765575732144
"45",2026-05-09,0,2026-05-09,"wk inc flu hosp","quantile",0.7,19.2070201352045
"45",2026-05-09,0,2026-05-09,"wk inc flu hosp","quantile",0.75,20.5955956247262
"45",2026-05-09,0,2026-05-09,"wk inc flu hosp","quantile",0.8,22.6964318521331
"45",2026-05-09,0,2026-05-09,"wk inc flu hosp","quantile",0.85,24.8221887265605
"45",2026-05-09,0,2026-05-09,"wk inc flu hosp","quantile",0.9,27.4687853713739
"45",2026-05-09,0,2026-05-09,"wk inc flu hosp","quantile",0.95,31.9983665119768
"45",2026-05-09,0,2026-05-09,"wk inc flu hosp","quantile",0.975,38.2294236712292
"45",2026-05-09,0,2026-05-09,"wk inc flu hosp","quantile",0.99,47.5374969121394
"45",2026-05-09,1,2026-05-16,"wk inc flu hosp","quantile",0.01,0
"45",2026-05-09,1,2026-05-16,"wk inc flu hosp","quantile",0.025,0
"45",2026-05-09,1,2026-05-16,"wk inc flu hosp","quantile",0.05,0.104733995833171
"45",2026-05-09,1,2026-05-16,"wk inc flu hosp","quantile",0.1,0.999688924904234
"45",2026-05-09,1,2026-05-16,"wk inc flu hosp","quantile",0.15,3.26812332121551
"45",2026-05-09,1,2026-05-16,"wk inc flu hosp","quantile",0.2,5.35950518444853
"45",2026-05-09,1,2026-05-16,"wk inc flu hosp","quantile",0.25,6.71942056042895
"45",2026-05-09,1,2026-05-16,"wk inc flu hosp","quantile",0.3,8.08521603100975
"45",2026-05-09,1,2026-05-16,"wk inc flu hosp","quantile",0.35,10.2630899368644
"45",2026-05-09,1,2026-05-16,"wk inc flu hosp","quantile",0.4,12.4103164301552
"45",2026-05-09,1,2026-05-16,"wk inc flu hosp","quantile",0.45,14.1779661836775
"45",2026-05-09,1,2026-05-16,"wk inc flu hosp","quantile",0.5,15.8880042043055
"45",2026-05-09,1,2026-05-16,"wk inc flu hosp","quantile",0.55,17.9031789920655
"45",2026-05-09,1,2026-05-16,"wk inc flu hosp","quantile",0.6,19.7360253524295
"45",2026-05-09,1,2026-05-16,"wk inc flu hosp","quantile",0.65,21.5823006074896
"45",2026-05-09,1,2026-05-16,"wk inc flu hosp","quantile",0.7,24.1880362083878
"45",2026-05-09,1,2026-05-16,"wk inc flu hosp","quantile",0.75,26.430697268251
"45",2026-05-09,1,2026-05-16,"wk inc flu hosp","quantile",0.8,29.2688448934597
"45",2026-05-09,1,2026-05-16,"wk inc flu hosp","quantile",0.85,33.2331832234036
"45",2026-05-09,1,2026-05-16,"wk inc flu hosp","quantile",0.9,37.8236063574754
"45",2026-05-09,1,2026-05-16,"wk inc flu hosp","quantile",0.95,45.836410254615
"45",2026-05-09,1,2026-05-16,"wk inc flu hosp","quantile",0.975,53.8605211518134
"45",2026-05-09,1,2026-05-16,"wk inc flu hosp","quantile",0.99,68.6413547406004
"45",2026-05-09,2,2026-05-23,"wk inc flu hosp","quantile",0.01,0
"45",2026-05-09,2,2026-05-23,"wk inc flu hosp","quantile",0.025,0
"45",2026-05-09,2,2026-05-23,"wk inc flu hosp","quantile",0.05,0
"45",2026-05-09,2,2026-05-23,"wk inc flu hosp","quantile",0.1,0
"45",2026-05-09,2,2026-05-23,"wk inc flu hosp","quantile",0.15,2.33595728654377
"45",2026-05-09,2,2026-05-23,"wk inc flu hosp","quantile",0.2,4.75545348909708
"45",2026-05-09,2,2026-05-23,"wk inc flu hosp","quantile",0.25,6.87763907621868
"45",2026-05-09,2,2026-05-23,"wk inc flu hosp","quantile",0.3,9.58645583984117
"45",2026-05-09,2,2026-05-23,"wk inc flu hosp","quantile",0.35,12.0596494864223
"45",2026-05-09,2,2026-05-23,"wk inc flu hosp","quantile",0.4,14.5832095283192
"45",2026-05-09,2,2026-05-23,"wk inc flu hosp","quantile",0.45,16.8395960219381
"45",2026-05-09,2,2026-05-23,"wk inc flu hosp","quantile",0.5,18.9126240548686
"45",2026-05-09,2,2026-05-23,"wk inc flu hosp","quantile",0.55,21.4374224052583
"45",2026-05-09,2,2026-05-23,"wk inc flu hosp","quantile",0.6,24.1189037609535
"45",2026-05-09,2,2026-05-23,"wk inc flu hosp","quantile",0.65,26.6315841892736
"45",2026-05-09,2,2026-05-23,"wk inc flu hosp","quantile",0.7,29.6938958598931
"45",2026-05-09,2,2026-05-23,"wk inc flu hosp","quantile",0.75,33.1853618850009
"45",2026-05-09,2,2026-05-23,"wk inc flu hosp","quantile",0.8,38.0978149091587
"45",2026-05-09,2,2026-05-23,"wk inc flu hosp","quantile",0.85,43.1449650286517
"45",2026-05-09,2,2026-05-23,"wk inc flu hosp","quantile",0.9,50.4426112199699
"45",2026-05-09,2,2026-05-23,"wk inc flu hosp","quantile",0.95,64.0977708930225
"45",2026-05-09,2,2026-05-23,"wk inc flu hosp","quantile",0.975,76.0362270974775
"45",2026-05-09,2,2026-05-23,"wk inc flu hosp","quantile",0.99,94.6407435570812
"45",2026-05-09,3,2026-05-30,"wk inc flu hosp","quantile",0.01,0
"45",2026-05-09,3,2026-05-30,"wk inc flu hosp","quantile",0.025,0
"45",2026-05-09,3,2026-05-30,"wk inc flu hosp","quantile",0.05,0
"45",2026-05-09,3,2026-05-30,"wk inc flu hosp","quantile",0.1,0
"45",2026-05-09,3,2026-05-30,"wk inc flu hosp","quantile",0.15,1.91723227640027
"45",2026-05-09,3,2026-05-30,"wk inc flu hosp","quantile",0.2,5.16673336568008
"45",2026-05-09,3,2026-05-30,"wk inc flu hosp","quantile",0.25,7.98753845091008
"45",2026-05-09,3,2026-05-30,"wk inc flu hosp","quantile",0.3,10.6240873295807
"45",2026-05-09,3,2026-05-30,"wk inc flu hosp","quantile",0.35,14.6230517802016
"45",2026-05-09,3,2026-05-30,"wk inc flu hosp","quantile",0.4,17.4180983641066
"45",2026-05-09,3,2026-05-30,"wk inc flu hosp","quantile",0.45,20.0100469174845
"45",2026-05-09,3,2026-05-30,"wk inc flu hosp","quantile",0.5,22.5676842316821
"45",2026-05-09,3,2026-05-30,"wk inc flu hosp","quantile",0.55,25.5215923170413
"45",2026-05-09,3,2026-05-30,"wk inc flu hosp","quantile",0.6,29.2439163786177
"45",2026-05-09,3,2026-05-30,"wk inc flu hosp","quantile",0.65,33.2340754752922
"45",2026-05-09,3,2026-05-30,"wk inc flu hosp","quantile",0.7,37.810120998055
"45",2026-05-09,3,2026-05-30,"wk inc flu hosp","quantile",0.75,42.7153299974231
"45",2026-05-09,3,2026-05-30,"wk inc flu hosp","quantile",0.8,48.6301166528654
"45",2026-05-09,3,2026-05-30,"wk inc flu hosp","quantile",0.85,56.5689038473622
"45",2026-05-09,3,2026-05-30,"wk inc flu hosp","quantile",0.9,66.1773194511296
"45",2026-05-09,3,2026-05-30,"wk inc flu hosp","quantile",0.95,84.120920288521
"45",2026-05-09,3,2026-05-30,"wk inc flu hosp","quantile",0.975,104.661982772945
"45",2026-05-09,3,2026-05-30,"wk inc flu hosp","quantile",0.99,130.789691439624
"46",2026-05-09,0,2026-05-09,"wk inc flu hosp","quantile",0.01,0
"46",2026-05-09,0,2026-05-09,"wk inc flu hosp","quantile",0.025,0
"46",2026-05-09,0,2026-05-09,"wk inc flu hosp","quantile",0.05,0.137464184076753
"46",2026-05-09,0,2026-05-09,"wk inc flu hosp","quantile",0.1,0.315597721694941
"46",2026-05-09,0,2026-05-09,"wk inc flu hosp","quantile",0.15,0.54651709872975
"46",2026-05-09,0,2026-05-09,"wk inc flu hosp","quantile",0.2,0.918326721593167
"46",2026-05-09,0,2026-05-09,"wk inc flu hosp","quantile",0.25,1.26687571792967
"46",2026-05-09,0,2026-05-09,"wk inc flu hosp","quantile",0.3,1.60514144886811
"46",2026-05-09,0,2026-05-09,"wk inc flu hosp","quantile",0.35,1.84936085739678
"46",2026-05-09,0,2026-05-09,"wk inc flu hosp","quantile",0.4,2.14135777788437
"46",2026-05-09,0,2026-05-09,"wk inc flu hosp","quantile",0.45,2.39266678530782
"46",2026-05-09,0,2026-05-09,"wk inc flu hosp","quantile",0.5,2.67091105639696
"46",2026-05-09,0,2026-05-09,"wk inc flu hosp","quantile",0.55,2.92817932964962
"46",2026-05-09,0,2026-05-09,"wk inc flu hosp","quantile",0.6,3.2622366504073
"46",2026-05-09,0,2026-05-09,"wk inc flu hosp","quantile",0.65,3.52692991071571
"46",2026-05-09,0,2026-05-09,"wk inc flu hosp","quantile",0.7,3.88725063152153
"46",2026-05-09,0,2026-05-09,"wk inc flu hosp","quantile",0.75,4.33168882429383
"46",2026-05-09,0,2026-05-09,"wk inc flu hosp","quantile",0.8,4.75584758863623
"46",2026-05-09,0,2026-05-09,"wk inc flu hosp","quantile",0.85,5.36572067023086
"46",2026-05-09,0,2026-05-09,"wk inc flu hosp","quantile",0.9,6.26807147237674
"46",2026-05-09,0,2026-05-09,"wk inc flu hosp","quantile",0.95,7.65143458518096
"46",2026-05-09,0,2026-05-09,"wk inc flu hosp","quantile",0.975,8.99765309936018
"46",2026-05-09,0,2026-05-09,"wk inc flu hosp","quantile",0.99,11.0206294224185
"46",2026-05-09,1,2026-05-16,"wk inc flu hosp","quantile",0.01,0
"46",2026-05-09,1,2026-05-16,"wk inc flu hosp","quantile",0.025,0
"46",2026-05-09,1,2026-05-16,"wk inc flu hosp","quantile",0.05,0.00565024282375355
"46",2026-05-09,1,2026-05-16,"wk inc flu hosp","quantile",0.1,0.227328283120264
"46",2026-05-09,1,2026-05-16,"wk inc flu hosp","quantile",0.15,0.465151642666809
"46",2026-05-09,1,2026-05-16,"wk inc flu hosp","quantile",0.2,0.68452904029649
"46",2026-05-09,1,2026-05-16,"wk inc flu hosp","quantile",0.25,0.894924540710167
"46",2026-05-09,1,2026-05-16,"wk inc flu hosp","quantile",0.3,1.05391362213826
"46",2026-05-09,1,2026-05-16,"wk inc flu hosp","quantile",0.35,1.35423739206191
"46",2026-05-09,1,2026-05-16,"wk inc flu hosp","quantile",0.4,1.70963312486419
"46",2026-05-09,1,2026-05-16,"wk inc flu hosp","quantile",0.45,2.05960413956651
"46",2026-05-09,1,2026-05-16,"wk inc flu hosp","quantile",0.5,2.41672303992647
"46",2026-05-09,1,2026-05-16,"wk inc flu hosp","quantile",0.55,2.82340885307022
"46",2026-05-09,1,2026-05-16,"wk inc flu hosp","quantile",0.6,3.20636917891203
"46",2026-05-09,1,2026-05-16,"wk inc flu hosp","quantile",0.65,3.6508703023353
"46",2026-05-09,1,2026-05-16,"wk inc flu hosp","quantile",0.7,4.20023082780817
"46",2026-05-09,1,2026-05-16,"wk inc flu hosp","quantile",0.75,4.83130977039499
"46",2026-05-09,1,2026-05-16,"wk inc flu hosp","quantile",0.8,5.45853058919802
"46",2026-05-09,1,2026-05-16,"wk inc flu hosp","quantile",0.85,6.35142470225783
"46",2026-05-09,1,2026-05-16,"wk inc flu hosp","quantile",0.9,7.79108373093206
"46",2026-05-09,1,2026-05-16,"wk inc flu hosp","quantile",0.95,10.339736531533
"46",2026-05-09,1,2026-05-16,"wk inc flu hosp","quantile",0.975,12.2800577229558
"46",2026-05-09,1,2026-05-16,"wk inc flu hosp","quantile",0.99,15.706929130393
"46",2026-05-09,2,2026-05-23,"wk inc flu hosp","quantile",0.01,0
"46",2026-05-09,2,2026-05-23,"wk inc flu hosp","quantile",0.025,0
"46",2026-05-09,2,2026-05-23,"wk inc flu hosp","quantile",0.05,0
"46",2026-05-09,2,2026-05-23,"wk inc flu hosp","quantile",0.1,0.16207362615226
"46",2026-05-09,2,2026-05-23,"wk inc flu hosp","quantile",0.15,0.424811445212056
"46",2026-05-09,2,2026-05-23,"wk inc flu hosp","quantile",0.2,0.655338050654819
"46",2026-05-09,2,2026-05-23,"wk inc flu hosp","quantile",0.25,0.821111921733051
"46",2026-05-09,2,2026-05-23,"wk inc flu hosp","quantile",0.3,0.983331769101658
"46",2026-05-09,2,2026-05-23,"wk inc flu hosp","quantile",0.35,1.12718670702992
"46",2026-05-09,2,2026-05-23,"wk inc flu hosp","quantile",0.4,1.5047098930413
"46",2026-05-09,2,2026-05-23,"wk inc flu hosp","quantile",0.45,1.99507935752928
"46",2026-05-09,2,2026-05-23,"wk inc flu hosp","quantile",0.5,2.51126396669583
"46",2026-05-09,2,2026-05-23,"wk inc flu hosp","quantile",0.55,2.98488198524122
"46",2026-05-09,2,2026-05-23,"wk inc flu hosp","quantile",0.6,3.52994046738324
"46",2026-05-09,2,2026-05-23,"wk inc flu hosp","quantile",0.65,4.19507850294611
"46",2026-05-09,2,2026-05-23,"wk inc flu hosp","quantile",0.7,4.84952806372781
"46",2026-05-09,2,2026-05-23,"wk inc flu hosp","quantile",0.75,5.75913461950496
"46",2026-05-09,2,2026-05-23,"wk inc flu hosp","quantile",0.8,6.64938514425361
"46",2026-05-09,2,2026-05-23,"wk inc flu hosp","quantile",0.85,7.8362014333449
"46",2026-05-09,2,2026-05-23,"wk inc flu hosp","quantile",0.9,9.86491750131724
"46",2026-05-09,2,2026-05-23,"wk inc flu hosp","quantile",0.95,13.6175057389869
"46",2026-05-09,2,2026-05-23,"wk inc flu hosp","quantile",0.975,18.383509613119
"46",2026-05-09,2,2026-05-23,"wk inc flu hosp","quantile",0.99,23.0381089400816
"46",2026-05-09,3,2026-05-30,"wk inc flu hosp","quantile",0.01,0
"46",2026-05-09,3,2026-05-30,"wk inc flu hosp","quantile",0.025,0
"46",2026-05-09,3,2026-05-30,"wk inc flu hosp","quantile",0.05,0
"46",2026-05-09,3,2026-05-30,"wk inc flu hosp","quantile",0.1,0.11533113014718
"46",2026-05-09,3,2026-05-30,"wk inc flu hosp","quantile",0.15,0.367442315482253
"46",2026-05-09,3,2026-05-30,"wk inc flu hosp","quantile",0.2,0.589325623890281
"46",2026-05-09,3,2026-05-30,"wk inc flu hosp","quantile",0.25,0.715806653572236
"46",2026-05-09,3,2026-05-30,"wk inc flu hosp","quantile",0.3,0.88614506696929
"46",2026-05-09,3,2026-05-30,"wk inc flu hosp","quantile",0.35,1.07964797302585
"46",2026-05-09,3,2026-05-30,"wk inc flu hosp","quantile",0.4,1.53502201990969
"46",2026-05-09,3,2026-05-30,"wk inc flu hosp","quantile",0.45,2.03802955329695
"46",2026-05-09,3,2026-05-30,"wk inc flu hosp","quantile",0.5,2.63741896003257
"46",2026-05-09,3,2026-05-30,"wk inc flu hosp","quantile",0.55,3.31455062174137
"46",2026-05-09,3,2026-05-30,"wk inc flu hosp","quantile",0.6,4.02113502129202
"46",2026-05-09,3,2026-05-30,"wk inc flu hosp","quantile",0.65,4.75670217962073
"46",2026-05-09,3,2026-05-30,"wk inc flu hosp","quantile",0.7,5.61751442053736
"46",2026-05-09,3,2026-05-30,"wk inc flu hosp","quantile",0.75,6.73671493984975
"46",2026-05-09,3,2026-05-30,"wk inc flu hosp","quantile",0.8,8.03649056382057
"46",2026-05-09,3,2026-05-30,"wk inc flu hosp","quantile",0.85,10.1929495069508
"46",2026-05-09,3,2026-05-30,"wk inc flu hosp","quantile",0.9,13.3324389683354
"46",2026-05-09,3,2026-05-30,"wk inc flu hosp","quantile",0.95,19.4698277835806
"46",2026-05-09,3,2026-05-30,"wk inc flu hosp","quantile",0.975,24.0216437779767
"46",2026-05-09,3,2026-05-30,"wk inc flu hosp","quantile",0.99,33.5373077648841
"47",2026-05-09,0,2026-05-09,"wk inc flu hosp","quantile",0.01,5.23181794597838
"47",2026-05-09,0,2026-05-09,"wk inc flu hosp","quantile",0.025,8.58322972700783
"47",2026-05-09,0,2026-05-09,"wk inc flu hosp","quantile",0.05,10.9714347677712
"47",2026-05-09,0,2026-05-09,"wk inc flu hosp","quantile",0.1,14.793029254916
"47",2026-05-09,0,2026-05-09,"wk inc flu hosp","quantile",0.15,16.9247730715133
"47",2026-05-09,0,2026-05-09,"wk inc flu hosp","quantile",0.2,19.2740616900822
"47",2026-05-09,0,2026-05-09,"wk inc flu hosp","quantile",0.25,21.4389777981217
"47",2026-05-09,0,2026-05-09,"wk inc flu hosp","quantile",0.3,22.9504634009224
"47",2026-05-09,0,2026-05-09,"wk inc flu hosp","quantile",0.35,24.8202629670632
"47",2026-05-09,0,2026-05-09,"wk inc flu hosp","quantile",0.4,26.6821711011301
"47",2026-05-09,0,2026-05-09,"wk inc flu hosp","quantile",0.45,28.3821635858054
"47",2026-05-09,0,2026-05-09,"wk inc flu hosp","quantile",0.5,29.8790370487534
"47",2026-05-09,0,2026-05-09,"wk inc flu hosp","quantile",0.55,31.4775783297725
"47",2026-05-09,0,2026-05-09,"wk inc flu hosp","quantile",0.6,33.193075689614
"47",2026-05-09,0,2026-05-09,"wk inc flu hosp","quantile",0.65,34.9355129313854
"47",2026-05-09,0,2026-05-09,"wk inc flu hosp","quantile",0.7,36.9185138151498
"47",2026-05-09,0,2026-05-09,"wk inc flu hosp","quantile",0.75,38.9431850610608
"47",2026-05-09,0,2026-05-09,"wk inc flu hosp","quantile",0.8,41.4417748322173
"47",2026-05-09,0,2026-05-09,"wk inc flu hosp","quantile",0.85,44.2007972798901
"47",2026-05-09,0,2026-05-09,"wk inc flu hosp","quantile",0.9,48.0834927301927
"47",2026-05-09,0,2026-05-09,"wk inc flu hosp","quantile",0.95,55.3314260915546
"47",2026-05-09,0,2026-05-09,"wk inc flu hosp","quantile",0.975,63.4294464656597
"47",2026-05-09,0,2026-05-09,"wk inc flu hosp","quantile",0.99,73.6132115930737
"47",2026-05-09,1,2026-05-16,"wk inc flu hosp","quantile",0.01,4.17248546775531
"47",2026-05-09,1,2026-05-16,"wk inc flu hosp","quantile",0.025,5.62312711592775
"47",2026-05-09,1,2026-05-16,"wk inc flu hosp","quantile",0.05,6.37083642173366
"47",2026-05-09,1,2026-05-16,"wk inc flu hosp","quantile",0.1,9.47893521036125
"47",2026-05-09,1,2026-05-16,"wk inc flu hosp","quantile",0.15,12.8270751639131
"47",2026-05-09,1,2026-05-16,"wk inc flu hosp","quantile",0.2,15.4564547813387
"47",2026-05-09,1,2026-05-16,"wk inc flu hosp","quantile",0.25,18.3522859454643
"47",2026-05-09,1,2026-05-16,"wk inc flu hosp","quantile",0.3,20.7279316811037
"47",2026-05-09,1,2026-05-16,"wk inc flu hosp","quantile",0.35,23.2066061540549
"47",2026-05-09,1,2026-05-16,"wk inc flu hosp","quantile",0.4,25.6667134213188
"47",2026-05-09,1,2026-05-16,"wk inc flu hosp","quantile",0.45,27.7826902803783
"47",2026-05-09,1,2026-05-16,"wk inc flu hosp","quantile",0.5,30.1171796245786
"47",2026-05-09,1,2026-05-16,"wk inc flu hosp","quantile",0.55,32.3896830369174
"47",2026-05-09,1,2026-05-16,"wk inc flu hosp","quantile",0.6,34.9264333252616
"47",2026-05-09,1,2026-05-16,"wk inc flu hosp","quantile",0.65,37.9150444325317
"47",2026-05-09,1,2026-05-16,"wk inc flu hosp","quantile",0.7,40.8562659363614
"47",2026-05-09,1,2026-05-16,"wk inc flu hosp","quantile",0.75,44.3004064349179
"47",2026-05-09,1,2026-05-16,"wk inc flu hosp","quantile",0.8,48.2083507835026
"47",2026-05-09,1,2026-05-16,"wk inc flu hosp","quantile",0.85,52.652868180199
"47",2026-05-09,1,2026-05-16,"wk inc flu hosp","quantile",0.9,60.2763137859371
"47",2026-05-09,1,2026-05-16,"wk inc flu hosp","quantile",0.95,72.1038678982907
"47",2026-05-09,1,2026-05-16,"wk inc flu hosp","quantile",0.975,84.6174515132699
"47",2026-05-09,1,2026-05-16,"wk inc flu hosp","quantile",0.99,103.683440433199
"47",2026-05-09,2,2026-05-23,"wk inc flu hosp","quantile",0.01,3.42322981778878
"47",2026-05-09,2,2026-05-23,"wk inc flu hosp","quantile",0.025,4.709505237215
"47",2026-05-09,2,2026-05-23,"wk inc flu hosp","quantile",0.05,5.37160092780166
"47",2026-05-09,2,2026-05-23,"wk inc flu hosp","quantile",0.1,6.98481042936365
"47",2026-05-09,2,2026-05-23,"wk inc flu hosp","quantile",0.15,10.4063355011881
"47",2026-05-09,2,2026-05-23,"wk inc flu hosp","quantile",0.2,13.9234706896893
"47",2026-05-09,2,2026-05-23,"wk inc flu hosp","quantile",0.25,17.0571357071954
"47",2026-05-09,2,2026-05-23,"wk inc flu hosp","quantile",0.3,19.5671639254721
"47",2026-05-09,2,2026-05-23,"wk inc flu hosp","quantile",0.35,21.8540206083864
"47",2026-05-09,2,2026-05-23,"wk inc flu hosp","quantile",0.4,24.6020962604998
"47",2026-05-09,2,2026-05-23,"wk inc flu hosp","quantile",0.45,27.337194945903
"47",2026-05-09,2,2026-05-23,"wk inc flu hosp","quantile",0.5,30.5120291786782
"47",2026-05-09,2,2026-05-23,"wk inc flu hosp","quantile",0.55,33.574131275626
"47",2026-05-09,2,2026-05-23,"wk inc flu hosp","quantile",0.6,37.1328024323482
"47",2026-05-09,2,2026-05-23,"wk inc flu hosp","quantile",0.65,40.9858740293631
"47",2026-05-09,2,2026-05-23,"wk inc flu hosp","quantile",0.7,45.3650744338918
"47",2026-05-09,2,2026-05-23,"wk inc flu hosp","quantile",0.75,50.1233301562938
"47",2026-05-09,2,2026-05-23,"wk inc flu hosp","quantile",0.8,56.5749499013278
"47",2026-05-09,2,2026-05-23,"wk inc flu hosp","quantile",0.85,62.9836869729014
"47",2026-05-09,2,2026-05-23,"wk inc flu hosp","quantile",0.9,75.0327877880662
"47",2026-05-09,2,2026-05-23,"wk inc flu hosp","quantile",0.95,91.1283084997189
"47",2026-05-09,2,2026-05-23,"wk inc flu hosp","quantile",0.975,106.472440130954
"47",2026-05-09,2,2026-05-23,"wk inc flu hosp","quantile",0.99,135.52846119361
"47",2026-05-09,3,2026-05-30,"wk inc flu hosp","quantile",0.01,2.57236055354419
"47",2026-05-09,3,2026-05-30,"wk inc flu hosp","quantile",0.025,3.74803914367083
"47",2026-05-09,3,2026-05-30,"wk inc flu hosp","quantile",0.05,4.47206528642522
"47",2026-05-09,3,2026-05-30,"wk inc flu hosp","quantile",0.1,6.42006018810841
"47",2026-05-09,3,2026-05-30,"wk inc flu hosp","quantile",0.15,7.9531902125583
"47",2026-05-09,3,2026-05-30,"wk inc flu hosp","quantile",0.2,11.9544034070323
"47",2026-05-09,3,2026-05-30,"wk inc flu hosp","quantile",0.25,15.7494648597013
"47",2026-05-09,3,2026-05-30,"wk inc flu hosp","quantile",0.3,18.7875523178321
"47",2026-05-09,3,2026-05-30,"wk inc flu hosp","quantile",0.35,22.0892809684082
"47",2026-05-09,3,2026-05-30,"wk inc flu hosp","quantile",0.4,25.5614196628829
"47",2026-05-09,3,2026-05-30,"wk inc flu hosp","quantile",0.45,28.7362028367957
"47",2026-05-09,3,2026-05-30,"wk inc flu hosp","quantile",0.5,32.5474532733622
"47",2026-05-09,3,2026-05-30,"wk inc flu hosp","quantile",0.55,36.7594322127607
"47",2026-05-09,3,2026-05-30,"wk inc flu hosp","quantile",0.6,40.6894030942607
"47",2026-05-09,3,2026-05-30,"wk inc flu hosp","quantile",0.65,46.0374913912097
"47",2026-05-09,3,2026-05-30,"wk inc flu hosp","quantile",0.7,51.8000818690104
"47",2026-05-09,3,2026-05-30,"wk inc flu hosp","quantile",0.75,56.828787231608
"47",2026-05-09,3,2026-05-30,"wk inc flu hosp","quantile",0.8,65.7968898196486
"47",2026-05-09,3,2026-05-30,"wk inc flu hosp","quantile",0.85,76.8586910341619
"47",2026-05-09,3,2026-05-30,"wk inc flu hosp","quantile",0.9,90.8443548533281
"47",2026-05-09,3,2026-05-30,"wk inc flu hosp","quantile",0.95,117.126306657695
"47",2026-05-09,3,2026-05-30,"wk inc flu hosp","quantile",0.975,136.430803961483
"47",2026-05-09,3,2026-05-30,"wk inc flu hosp","quantile",0.99,167.428539141367
"48",2026-05-09,0,2026-05-09,"wk inc flu hosp","quantile",0.01,38.5245396448123
"48",2026-05-09,0,2026-05-09,"wk inc flu hosp","quantile",0.025,53.3684437944759
"48",2026-05-09,0,2026-05-09,"wk inc flu hosp","quantile",0.05,63.817808560365
"48",2026-05-09,0,2026-05-09,"wk inc flu hosp","quantile",0.1,73.7690147026562
"48",2026-05-09,0,2026-05-09,"wk inc flu hosp","quantile",0.15,82.4162492870563
"48",2026-05-09,0,2026-05-09,"wk inc flu hosp","quantile",0.2,88.6088311785776
"48",2026-05-09,0,2026-05-09,"wk inc flu hosp","quantile",0.25,94.2526109180269
"48",2026-05-09,0,2026-05-09,"wk inc flu hosp","quantile",0.3,99.8464068759846
"48",2026-05-09,0,2026-05-09,"wk inc flu hosp","quantile",0.35,106.590637912437
"48",2026-05-09,0,2026-05-09,"wk inc flu hosp","quantile",0.4,111.327464459827
"48",2026-05-09,0,2026-05-09,"wk inc flu hosp","quantile",0.45,115.045229495455
"48",2026-05-09,0,2026-05-09,"wk inc flu hosp","quantile",0.5,119.770552360483
"48",2026-05-09,0,2026-05-09,"wk inc flu hosp","quantile",0.55,123.333157508892
"48",2026-05-09,0,2026-05-09,"wk inc flu hosp","quantile",0.6,126.677121506395
"48",2026-05-09,0,2026-05-09,"wk inc flu hosp","quantile",0.65,131.001401907978
"48",2026-05-09,0,2026-05-09,"wk inc flu hosp","quantile",0.7,136.400529361317
"48",2026-05-09,0,2026-05-09,"wk inc flu hosp","quantile",0.75,142.883824807054
"48",2026-05-09,0,2026-05-09,"wk inc flu hosp","quantile",0.8,149.504900692869
"48",2026-05-09,0,2026-05-09,"wk inc flu hosp","quantile",0.85,156.500006907948
"48",2026-05-09,0,2026-05-09,"wk inc flu hosp","quantile",0.9,166.060711344662
"48",2026-05-09,0,2026-05-09,"wk inc flu hosp","quantile",0.95,181.105705239402
"48",2026-05-09,0,2026-05-09,"wk inc flu hosp","quantile",0.975,197.413808506592
"48",2026-05-09,0,2026-05-09,"wk inc flu hosp","quantile",0.99,232.450195913922
"48",2026-05-09,1,2026-05-16,"wk inc flu hosp","quantile",0.01,23.4218154935095
"48",2026-05-09,1,2026-05-16,"wk inc flu hosp","quantile",0.025,37.7353809758044
"48",2026-05-09,1,2026-05-16,"wk inc flu hosp","quantile",0.05,49.7046612525177
"48",2026-05-09,1,2026-05-16,"wk inc flu hosp","quantile",0.1,61.6701442682954
"48",2026-05-09,1,2026-05-16,"wk inc flu hosp","quantile",0.15,74.1952852406378
"48",2026-05-09,1,2026-05-16,"wk inc flu hosp","quantile",0.2,82.8570032020014
"48",2026-05-09,1,2026-05-16,"wk inc flu hosp","quantile",0.25,90.7398583304815
"48",2026-05-09,1,2026-05-16,"wk inc flu hosp","quantile",0.3,97.685227873763
"48",2026-05-09,1,2026-05-16,"wk inc flu hosp","quantile",0.35,105.0000542689
"48",2026-05-09,1,2026-05-16,"wk inc flu hosp","quantile",0.4,111.622005762305
"48",2026-05-09,1,2026-05-16,"wk inc flu hosp","quantile",0.45,118.293161035969
"48",2026-05-09,1,2026-05-16,"wk inc flu hosp","quantile",0.5,125.128715226199
"48",2026-05-09,1,2026-05-16,"wk inc flu hosp","quantile",0.55,132.027228551218
"48",2026-05-09,1,2026-05-16,"wk inc flu hosp","quantile",0.6,138.557844727106
"48",2026-05-09,1,2026-05-16,"wk inc flu hosp","quantile",0.65,145.427804114732
"48",2026-05-09,1,2026-05-16,"wk inc flu hosp","quantile",0.7,152.990294763563
"48",2026-05-09,1,2026-05-16,"wk inc flu hosp","quantile",0.75,162.86905019389
"48",2026-05-09,1,2026-05-16,"wk inc flu hosp","quantile",0.8,173.238603139484
"48",2026-05-09,1,2026-05-16,"wk inc flu hosp","quantile",0.85,185.173364145664
"48",2026-05-09,1,2026-05-16,"wk inc flu hosp","quantile",0.9,201.280604702063
"48",2026-05-09,1,2026-05-16,"wk inc flu hosp","quantile",0.95,227.351946072012
"48",2026-05-09,1,2026-05-16,"wk inc flu hosp","quantile",0.975,260.345634020085
"48",2026-05-09,1,2026-05-16,"wk inc flu hosp","quantile",0.99,313.894459463187
"48",2026-05-09,2,2026-05-23,"wk inc flu hosp","quantile",0.01,18.2706835265335
"48",2026-05-09,2,2026-05-23,"wk inc flu hosp","quantile",0.025,26.8067957144825
"48",2026-05-09,2,2026-05-23,"wk inc flu hosp","quantile",0.05,38.7026836216257
"48",2026-05-09,2,2026-05-23,"wk inc flu hosp","quantile",0.1,55.4849539128801
"48",2026-05-09,2,2026-05-23,"wk inc flu hosp","quantile",0.15,69.4943534279169
"48",2026-05-09,2,2026-05-23,"wk inc flu hosp","quantile",0.2,81.0913165284143
"48",2026-05-09,2,2026-05-23,"wk inc flu hosp","quantile",0.25,90.6152928968805
"48",2026-05-09,2,2026-05-23,"wk inc flu hosp","quantile",0.3,101.002992703962
"48",2026-05-09,2,2026-05-23,"wk inc flu hosp","quantile",0.35,111.266127817135
"48",2026-05-09,2,2026-05-23,"wk inc flu hosp","quantile",0.4,118.22324452051
"48",2026-05-09,2,2026-05-23,"wk inc flu hosp","quantile",0.45,127.23257430362
"48",2026-05-09,2,2026-05-23,"wk inc flu hosp","quantile",0.5,136.447802190519
"48",2026-05-09,2,2026-05-23,"wk inc flu hosp","quantile",0.55,144.173513853246
"48",2026-05-09,2,2026-05-23,"wk inc flu hosp","quantile",0.6,153.41773716432
"48",2026-05-09,2,2026-05-23,"wk inc flu hosp","quantile",0.65,165.079572918955
"48",2026-05-09,2,2026-05-23,"wk inc flu hosp","quantile",0.7,175.942543650546
"48",2026-05-09,2,2026-05-23,"wk inc flu hosp","quantile",0.75,188.062130052674
"48",2026-05-09,2,2026-05-23,"wk inc flu hosp","quantile",0.8,203.830812855017
"48",2026-05-09,2,2026-05-23,"wk inc flu hosp","quantile",0.85,220.548284723021
"48",2026-05-09,2,2026-05-23,"wk inc flu hosp","quantile",0.9,243.467408557537
"48",2026-05-09,2,2026-05-23,"wk inc flu hosp","quantile",0.95,286.290464548475
"48",2026-05-09,2,2026-05-23,"wk inc flu hosp","quantile",0.975,336.079750502727
"48",2026-05-09,2,2026-05-23,"wk inc flu hosp","quantile",0.99,395.996359182604
"48",2026-05-09,3,2026-05-30,"wk inc flu hosp","quantile",0.01,16.0364499918886
"48",2026-05-09,3,2026-05-30,"wk inc flu hosp","quantile",0.025,23.7335980043927
"48",2026-05-09,3,2026-05-30,"wk inc flu hosp","quantile",0.05,32.2382754139239
"48",2026-05-09,3,2026-05-30,"wk inc flu hosp","quantile",0.1,51.8083324199711
"48",2026-05-09,3,2026-05-30,"wk inc flu hosp","quantile",0.15,68.7257235812806
"48",2026-05-09,3,2026-05-30,"wk inc flu hosp","quantile",0.2,84.2139676249658
"48",2026-05-09,3,2026-05-30,"wk inc flu hosp","quantile",0.25,95.1450052656915
"48",2026-05-09,3,2026-05-30,"wk inc flu hosp","quantile",0.3,106.412236474464
"48",2026-05-09,3,2026-05-30,"wk inc flu hosp","quantile",0.35,120.103139796189
"48",2026-05-09,3,2026-05-30,"wk inc flu hosp","quantile",0.4,130.122500991189
"48",2026-05-09,3,2026-05-30,"wk inc flu hosp","quantile",0.45,141.056374906187
"48",2026-05-09,3,2026-05-30,"wk inc flu hosp","quantile",0.5,151.096787797111
"48",2026-05-09,3,2026-05-30,"wk inc flu hosp","quantile",0.55,161.302490787382
"48",2026-05-09,3,2026-05-30,"wk inc flu hosp","quantile",0.6,172.49536693629
"48",2026-05-09,3,2026-05-30,"wk inc flu hosp","quantile",0.65,186.898210275478
"48",2026-05-09,3,2026-05-30,"wk inc flu hosp","quantile",0.7,201.080288060519
"48",2026-05-09,3,2026-05-30,"wk inc flu hosp","quantile",0.75,217.29002184706
"48",2026-05-09,3,2026-05-30,"wk inc flu hosp","quantile",0.8,234.851526880423
"48",2026-05-09,3,2026-05-30,"wk inc flu hosp","quantile",0.85,264.743759606123
"48",2026-05-09,3,2026-05-30,"wk inc flu hosp","quantile",0.9,300.032580076886
"48",2026-05-09,3,2026-05-30,"wk inc flu hosp","quantile",0.95,357.155403867953
"48",2026-05-09,3,2026-05-30,"wk inc flu hosp","quantile",0.975,416.648825145843
"48",2026-05-09,3,2026-05-30,"wk inc flu hosp","quantile",0.99,509.7635194442
"49",2026-05-09,0,2026-05-09,"wk inc flu hosp","quantile",0.01,0.161913411021024
"49",2026-05-09,0,2026-05-09,"wk inc flu hosp","quantile",0.025,1.22492443254328
"49",2026-05-09,0,2026-05-09,"wk inc flu hosp","quantile",0.05,1.95024279238213
"49",2026-05-09,0,2026-05-09,"wk inc flu hosp","quantile",0.1,3.19029070207244
"49",2026-05-09,0,2026-05-09,"wk inc flu hosp","quantile",0.15,3.98329946008372
"49",2026-05-09,0,2026-05-09,"wk inc flu hosp","quantile",0.2,4.65304160969208
"49",2026-05-09,0,2026-05-09,"wk inc flu hosp","quantile",0.25,5.35364985256412
"49",2026-05-09,0,2026-05-09,"wk inc flu hosp","quantile",0.3,5.84709621274224
"49",2026-05-09,0,2026-05-09,"wk inc flu hosp","quantile",0.35,6.54983564656198
"49",2026-05-09,0,2026-05-09,"wk inc flu hosp","quantile",0.4,7.18908438522832
"49",2026-05-09,0,2026-05-09,"wk inc flu hosp","quantile",0.45,7.99228616929588
"49",2026-05-09,0,2026-05-09,"wk inc flu hosp","quantile",0.5,8.7062769570595
"49",2026-05-09,0,2026-05-09,"wk inc flu hosp","quantile",0.55,9.49156843972369
"49",2026-05-09,0,2026-05-09,"wk inc flu hosp","quantile",0.6,10.0501624325998
"49",2026-05-09,0,2026-05-09,"wk inc flu hosp","quantile",0.65,10.816031049384
"49",2026-05-09,0,2026-05-09,"wk inc flu hosp","quantile",0.7,11.5485713052273
"49",2026-05-09,0,2026-05-09,"wk inc flu hosp","quantile",0.75,12.2494546612186
"49",2026-05-09,0,2026-05-09,"wk inc flu hosp","quantile",0.8,13.3888932595656
"49",2026-05-09,0,2026-05-09,"wk inc flu hosp","quantile",0.85,14.6002293591903
"49",2026-05-09,0,2026-05-09,"wk inc flu hosp","quantile",0.9,16.3106057282795
"49",2026-05-09,0,2026-05-09,"wk inc flu hosp","quantile",0.95,19.4424543209671
"49",2026-05-09,0,2026-05-09,"wk inc flu hosp","quantile",0.975,22.9733485369457
"49",2026-05-09,0,2026-05-09,"wk inc flu hosp","quantile",0.99,27.3453400886941
"49",2026-05-09,1,2026-05-16,"wk inc flu hosp","quantile",0.01,0
"49",2026-05-09,1,2026-05-16,"wk inc flu hosp","quantile",0.025,0.686029592700601
"49",2026-05-09,1,2026-05-16,"wk inc flu hosp","quantile",0.05,0.858085844584875
"49",2026-05-09,1,2026-05-16,"wk inc flu hosp","quantile",0.1,1.38327474724518
"49",2026-05-09,1,2026-05-16,"wk inc flu hosp","quantile",0.15,2.29153086862273
"49",2026-05-09,1,2026-05-16,"wk inc flu hosp","quantile",0.2,3.31883564696569
"49",2026-05-09,1,2026-05-16,"wk inc flu hosp","quantile",0.25,4.27391964490143
"49",2026-05-09,1,2026-05-16,"wk inc flu hosp","quantile",0.3,5.03598440680973
"49",2026-05-09,1,2026-05-16,"wk inc flu hosp","quantile",0.35,5.81773380899158
"49",2026-05-09,1,2026-05-16,"wk inc flu hosp","quantile",0.4,6.67994337201245
"49",2026-05-09,1,2026-05-16,"wk inc flu hosp","quantile",0.45,7.6656954992644
"49",2026-05-09,1,2026-05-16,"wk inc flu hosp","quantile",0.5,8.69119836414224
"49",2026-05-09,1,2026-05-16,"wk inc flu hosp","quantile",0.55,9.79907036635716
"49",2026-05-09,1,2026-05-16,"wk inc flu hosp","quantile",0.6,10.7835819729524
"49",2026-05-09,1,2026-05-16,"wk inc flu hosp","quantile",0.65,11.795690548632
"49",2026-05-09,1,2026-05-16,"wk inc flu hosp","quantile",0.7,13.2050611548044
"49",2026-05-09,1,2026-05-16,"wk inc flu hosp","quantile",0.75,14.4200447966264
"49",2026-05-09,1,2026-05-16,"wk inc flu hosp","quantile",0.8,16.2035325868075
"49",2026-05-09,1,2026-05-16,"wk inc flu hosp","quantile",0.85,18.2679089892268
"49",2026-05-09,1,2026-05-16,"wk inc flu hosp","quantile",0.9,21.6974976033202
"49",2026-05-09,1,2026-05-16,"wk inc flu hosp","quantile",0.95,27.0264759294808
"49",2026-05-09,1,2026-05-16,"wk inc flu hosp","quantile",0.975,32.2415857427688
"49",2026-05-09,1,2026-05-16,"wk inc flu hosp","quantile",0.99,39.198594040042
"49",2026-05-09,2,2026-05-23,"wk inc flu hosp","quantile",0.01,0
"49",2026-05-09,2,2026-05-23,"wk inc flu hosp","quantile",0.025,0.168219468452901
"49",2026-05-09,2,2026-05-23,"wk inc flu hosp","quantile",0.05,0.30884490881105
"49",2026-05-09,2,2026-05-23,"wk inc flu hosp","quantile",0.1,0.699702896813149
"49",2026-05-09,2,2026-05-23,"wk inc flu hosp","quantile",0.15,1.25831093286808
"49",2026-05-09,2,2026-05-23,"wk inc flu hosp","quantile",0.2,2.34081437610101
"49",2026-05-09,2,2026-05-23,"wk inc flu hosp","quantile",0.25,3.40108560208693
"49",2026-05-09,2,2026-05-23,"wk inc flu hosp","quantile",0.3,4.78425093443634
"49",2026-05-09,2,2026-05-23,"wk inc flu hosp","quantile",0.35,5.66235544522598
"49",2026-05-09,2,2026-05-23,"wk inc flu hosp","quantile",0.4,6.73730170390899
"49",2026-05-09,2,2026-05-23,"wk inc flu hosp","quantile",0.45,8.10860106135701
"49",2026-05-09,2,2026-05-23,"wk inc flu hosp","quantile",0.5,9.33813421079495
"49",2026-05-09,2,2026-05-23,"wk inc flu hosp","quantile",0.55,10.5878116750611
"49",2026-05-09,2,2026-05-23,"wk inc flu hosp","quantile",0.6,12.0123517918921
"49",2026-05-09,2,2026-05-23,"wk inc flu hosp","quantile",0.65,13.4026548687698
"49",2026-05-09,2,2026-05-23,"wk inc flu hosp","quantile",0.7,15.1429186444067
"49",2026-05-09,2,2026-05-23,"wk inc flu hosp","quantile",0.75,17.1336307829813
"49",2026-05-09,2,2026-05-23,"wk inc flu hosp","quantile",0.8,19.7821438889735
"49",2026-05-09,2,2026-05-23,"wk inc flu hosp","quantile",0.85,22.6226779940518
"49",2026-05-09,2,2026-05-23,"wk inc flu hosp","quantile",0.9,27.1938884630402
"49",2026-05-09,2,2026-05-23,"wk inc flu hosp","quantile",0.95,35.3480765398783
"49",2026-05-09,2,2026-05-23,"wk inc flu hosp","quantile",0.975,43.0580658420828
"49",2026-05-09,2,2026-05-23,"wk inc flu hosp","quantile",0.99,53.9361606634016
"49",2026-05-09,3,2026-05-30,"wk inc flu hosp","quantile",0.01,0
"49",2026-05-09,3,2026-05-30,"wk inc flu hosp","quantile",0.025,0
"49",2026-05-09,3,2026-05-30,"wk inc flu hosp","quantile",0.05,0.0617238102535766
"49",2026-05-09,3,2026-05-30,"wk inc flu hosp","quantile",0.1,0.393181746454576
"49",2026-05-09,3,2026-05-30,"wk inc flu hosp","quantile",0.15,0.645636005092781
"49",2026-05-09,3,2026-05-30,"wk inc flu hosp","quantile",0.2,1.64041210950549
"49",2026-05-09,3,2026-05-30,"wk inc flu hosp","quantile",0.25,2.80411938777065
"49",2026-05-09,3,2026-05-30,"wk inc flu hosp","quantile",0.3,4.34229115654234
"49",2026-05-09,3,2026-05-30,"wk inc flu hosp","quantile",0.35,5.48617836991511
"49",2026-05-09,3,2026-05-30,"wk inc flu hosp","quantile",0.4,7.32677685751252
"49",2026-05-09,3,2026-05-30,"wk inc flu hosp","quantile",0.45,8.70925717877684
"49",2026-05-09,3,2026-05-30,"wk inc flu hosp","quantile",0.5,10.4150728900611
"49",2026-05-09,3,2026-05-30,"wk inc flu hosp","quantile",0.55,11.9257756956299
"49",2026-05-09,3,2026-05-30,"wk inc flu hosp","quantile",0.6,13.777423657591
"49",2026-05-09,3,2026-05-30,"wk inc flu hosp","quantile",0.65,15.5609103041551
"49",2026-05-09,3,2026-05-30,"wk inc flu hosp","quantile",0.7,17.9179651385418
"49",2026-05-09,3,2026-05-30,"wk inc flu hosp","quantile",0.75,20.5637148132954
"49",2026-05-09,3,2026-05-30,"wk inc flu hosp","quantile",0.8,23.8895289880292
"49",2026-05-09,3,2026-05-30,"wk inc flu hosp","quantile",0.85,28.4241166897327
"49",2026-05-09,3,2026-05-30,"wk inc flu hosp","quantile",0.9,33.9860505540871
"49",2026-05-09,3,2026-05-30,"wk inc flu hosp","quantile",0.95,45.3602674079849
"49",2026-05-09,3,2026-05-30,"wk inc flu hosp","quantile",0.975,57.3815155130747
"49",2026-05-09,3,2026-05-30,"wk inc flu hosp","quantile",0.99,73.9941140668113
"50",2026-05-09,0,2026-05-09,"wk inc flu hosp","quantile",0.01,0
"50",2026-05-09,0,2026-05-09,"wk inc flu hosp","quantile",0.025,0
"50",2026-05-09,0,2026-05-09,"wk inc flu hosp","quantile",0.05,0
"50",2026-05-09,0,2026-05-09,"wk inc flu hosp","quantile",0.1,0
"50",2026-05-09,0,2026-05-09,"wk inc flu hosp","quantile",0.15,0
"50",2026-05-09,0,2026-05-09,"wk inc flu hosp","quantile",0.2,0
"50",2026-05-09,0,2026-05-09,"wk inc flu hosp","quantile",0.25,0
"50",2026-05-09,0,2026-05-09,"wk inc flu hosp","quantile",0.3,0
"50",2026-05-09,0,2026-05-09,"wk inc flu hosp","quantile",0.35,0.0307691268301101
"50",2026-05-09,0,2026-05-09,"wk inc flu hosp","quantile",0.4,0.0882989569900045
"50",2026-05-09,0,2026-05-09,"wk inc flu hosp","quantile",0.45,0.131594416142771
"50",2026-05-09,0,2026-05-09,"wk inc flu hosp","quantile",0.5,0.146244230699193
"50",2026-05-09,0,2026-05-09,"wk inc flu hosp","quantile",0.55,0.190487502297125
"50",2026-05-09,0,2026-05-09,"wk inc flu hosp","quantile",0.6,0.303286951691368
"50",2026-05-09,0,2026-05-09,"wk inc flu hosp","quantile",0.65,0.458902713347727
"50",2026-05-09,0,2026-05-09,"wk inc flu hosp","quantile",0.7,0.67415666013078
"50",2026-05-09,0,2026-05-09,"wk inc flu hosp","quantile",0.75,0.901742564756609
"50",2026-05-09,0,2026-05-09,"wk inc flu hosp","quantile",0.8,1.03994609104142
"50",2026-05-09,0,2026-05-09,"wk inc flu hosp","quantile",0.85,1.25977524776789
"50",2026-05-09,0,2026-05-09,"wk inc flu hosp","quantile",0.9,1.59210314101785
"50",2026-05-09,0,2026-05-09,"wk inc flu hosp","quantile",0.95,2.18545418508927
"50",2026-05-09,0,2026-05-09,"wk inc flu hosp","quantile",0.975,2.60181798144447
"50",2026-05-09,0,2026-05-09,"wk inc flu hosp","quantile",0.99,3.43669281926452
"50",2026-05-09,1,2026-05-16,"wk inc flu hosp","quantile",0.01,0
"50",2026-05-09,1,2026-05-16,"wk inc flu hosp","quantile",0.025,0
"50",2026-05-09,1,2026-05-16,"wk inc flu hosp","quantile",0.05,0
"50",2026-05-09,1,2026-05-16,"wk inc flu hosp","quantile",0.1,0
"50",2026-05-09,1,2026-05-16,"wk inc flu hosp","quantile",0.15,0
"50",2026-05-09,1,2026-05-16,"wk inc flu hosp","quantile",0.2,0
"50",2026-05-09,1,2026-05-16,"wk inc flu hosp","quantile",0.25,0
"50",2026-05-09,1,2026-05-16,"wk inc flu hosp","quantile",0.3,0
"50",2026-05-09,1,2026-05-16,"wk inc flu hosp","quantile",0.35,0.00117533228451124
"50",2026-05-09,1,2026-05-16,"wk inc flu hosp","quantile",0.4,0.0576324475451006
"50",2026-05-09,1,2026-05-16,"wk inc flu hosp","quantile",0.45,0.104541228551804
"50",2026-05-09,1,2026-05-16,"wk inc flu hosp","quantile",0.5,0.111939636008287
"50",2026-05-09,1,2026-05-16,"wk inc flu hosp","quantile",0.55,0.171285672075673
"50",2026-05-09,1,2026-05-16,"wk inc flu hosp","quantile",0.6,0.278470666107632
"50",2026-05-09,1,2026-05-16,"wk inc flu hosp","quantile",0.65,0.461974884509171
"50",2026-05-09,1,2026-05-16,"wk inc flu hosp","quantile",0.7,0.764896310311555
"50",2026-05-09,1,2026-05-16,"wk inc flu hosp","quantile",0.75,1.07344914403106
"50",2026-05-09,1,2026-05-16,"wk inc flu hosp","quantile",0.8,1.2777012640056
"50",2026-05-09,1,2026-05-16,"wk inc flu hosp","quantile",0.85,1.65074158519241
"50",2026-05-09,1,2026-05-16,"wk inc flu hosp","quantile",0.9,2.22813909396564
"50",2026-05-09,1,2026-05-16,"wk inc flu hosp","quantile",0.95,3.1110599128957
"50",2026-05-09,1,2026-05-16,"wk inc flu hosp","quantile",0.975,3.87925267232074
"50",2026-05-09,1,2026-05-16,"wk inc flu hosp","quantile",0.99,5.46865842242419
"50",2026-05-09,2,2026-05-23,"wk inc flu hosp","quantile",0.01,0
"50",2026-05-09,2,2026-05-23,"wk inc flu hosp","quantile",0.025,0
"50",2026-05-09,2,2026-05-23,"wk inc flu hosp","quantile",0.05,0
"50",2026-05-09,2,2026-05-23,"wk inc flu hosp","quantile",0.1,0
"50",2026-05-09,2,2026-05-23,"wk inc flu hosp","quantile",0.15,0
"50",2026-05-09,2,2026-05-23,"wk inc flu hosp","quantile",0.2,0
"50",2026-05-09,2,2026-05-23,"wk inc flu hosp","quantile",0.25,0
"50",2026-05-09,2,2026-05-23,"wk inc flu hosp","quantile",0.3,0
"50",2026-05-09,2,2026-05-23,"wk inc flu hosp","quantile",0.35,0
"50",2026-05-09,2,2026-05-23,"wk inc flu hosp","quantile",0.4,0.0436025223374824
"50",2026-05-09,2,2026-05-23,"wk inc flu hosp","quantile",0.45,0.0755471189123005
"50",2026-05-09,2,2026-05-23,"wk inc flu hosp","quantile",0.5,0.0925499722714483
"50",2026-05-09,2,2026-05-23,"wk inc flu hosp","quantile",0.55,0.143376357462307
"50",2026-05-09,2,2026-05-23,"wk inc flu hosp","quantile",0.6,0.325550304261874
"50",2026-05-09,2,2026-05-23,"wk inc flu hosp","quantile",0.65,0.660005928043179
"50",2026-05-09,2,2026-05-23,"wk inc flu hosp","quantile",0.7,0.984223146960463
"50",2026-05-09,2,2026-05-23,"wk inc flu hosp","quantile",0.75,1.37307233386781
"50",2026-05-09,2,2026-05-23,"wk inc flu hosp","quantile",0.8,1.74460268336362
"50",2026-05-09,2,2026-05-23,"wk inc flu hosp","quantile",0.85,2.35561923668784
"50",2026-05-09,2,2026-05-23,"wk inc flu hosp","quantile",0.9,3.12352348317437
"50",2026-05-09,2,2026-05-23,"wk inc flu hosp","quantile",0.95,4.78668700614836
"50",2026-05-09,2,2026-05-23,"wk inc flu hosp","quantile",0.975,6.50762490393987
"50",2026-05-09,2,2026-05-23,"wk inc flu hosp","quantile",0.99,8.89685143229788
"50",2026-05-09,3,2026-05-30,"wk inc flu hosp","quantile",0.01,0
"50",2026-05-09,3,2026-05-30,"wk inc flu hosp","quantile",0.025,0
"50",2026-05-09,3,2026-05-30,"wk inc flu hosp","quantile",0.05,0
"50",2026-05-09,3,2026-05-30,"wk inc flu hosp","quantile",0.1,0
"50",2026-05-09,3,2026-05-30,"wk inc flu hosp","quantile",0.15,0
"50",2026-05-09,3,2026-05-30,"wk inc flu hosp","quantile",0.2,0
"50",2026-05-09,3,2026-05-30,"wk inc flu hosp","quantile",0.25,0
"50",2026-05-09,3,2026-05-30,"wk inc flu hosp","quantile",0.3,0
"50",2026-05-09,3,2026-05-30,"wk inc flu hosp","quantile",0.35,0
"50",2026-05-09,3,2026-05-30,"wk inc flu hosp","quantile",0.4,0
"50",2026-05-09,3,2026-05-30,"wk inc flu hosp","quantile",0.45,0.0385114173975247
"50",2026-05-09,3,2026-05-30,"wk inc flu hosp","quantile",0.5,0.0505580592009962
"50",2026-05-09,3,2026-05-30,"wk inc flu hosp","quantile",0.55,0.110365844992349
"50",2026-05-09,3,2026-05-30,"wk inc flu hosp","quantile",0.6,0.405610052352561
"50",2026-05-09,3,2026-05-30,"wk inc flu hosp","quantile",0.65,0.806312061101222
"50",2026-05-09,3,2026-05-30,"wk inc flu hosp","quantile",0.7,1.26511973537641
"50",2026-05-09,3,2026-05-30,"wk inc flu hosp","quantile",0.75,1.84624004673276
"50",2026-05-09,3,2026-05-30,"wk inc flu hosp","quantile",0.8,2.48340073126234
"50",2026-05-09,3,2026-05-30,"wk inc flu hosp","quantile",0.85,3.22301991612964
"50",2026-05-09,3,2026-05-30,"wk inc flu hosp","quantile",0.9,4.38186559264239
"50",2026-05-09,3,2026-05-30,"wk inc flu hosp","quantile",0.95,6.5562599254151
"50",2026-05-09,3,2026-05-30,"wk inc flu hosp","quantile",0.975,8.66943599793261
"50",2026-05-09,3,2026-05-30,"wk inc flu hosp","quantile",0.99,12.3679141399537
"51",2026-05-09,0,2026-05-09,"wk inc flu hosp","quantile",0.01,1.77510342505608
"51",2026-05-09,0,2026-05-09,"wk inc flu hosp","quantile",0.025,5.4376668595532
"51",2026-05-09,0,2026-05-09,"wk inc flu hosp","quantile",0.05,7.94748211839881
"51",2026-05-09,0,2026-05-09,"wk inc flu hosp","quantile",0.1,10.7175010656772
"51",2026-05-09,0,2026-05-09,"wk inc flu hosp","quantile",0.15,13.4623159732341
"51",2026-05-09,0,2026-05-09,"wk inc flu hosp","quantile",0.2,15.1903251688742
"51",2026-05-09,0,2026-05-09,"wk inc flu hosp","quantile",0.25,16.9075878536837
"51",2026-05-09,0,2026-05-09,"wk inc flu hosp","quantile",0.3,18.2025074929603
"51",2026-05-09,0,2026-05-09,"wk inc flu hosp","quantile",0.35,20.1165876383154
"51",2026-05-09,0,2026-05-09,"wk inc flu hosp","quantile",0.4,21.8645907621504
"51",2026-05-09,0,2026-05-09,"wk inc flu hosp","quantile",0.45,23.2245783251394
"51",2026-05-09,0,2026-05-09,"wk inc flu hosp","quantile",0.5,24.8249177994795
"51",2026-05-09,0,2026-05-09,"wk inc flu hosp","quantile",0.55,26.5453836336477
"51",2026-05-09,0,2026-05-09,"wk inc flu hosp","quantile",0.6,28.4464113381065
"51",2026-05-09,0,2026-05-09,"wk inc flu hosp","quantile",0.65,30.1884812388308
"51",2026-05-09,0,2026-05-09,"wk inc flu hosp","quantile",0.7,32.2958158759506
"51",2026-05-09,0,2026-05-09,"wk inc flu hosp","quantile",0.75,34.6561351085917
"51",2026-05-09,0,2026-05-09,"wk inc flu hosp","quantile",0.8,36.8690049307959
"51",2026-05-09,0,2026-05-09,"wk inc flu hosp","quantile",0.85,39.9903439534769
"51",2026-05-09,0,2026-05-09,"wk inc flu hosp","quantile",0.9,43.430562871722
"51",2026-05-09,0,2026-05-09,"wk inc flu hosp","quantile",0.95,49.339856962474
"51",2026-05-09,0,2026-05-09,"wk inc flu hosp","quantile",0.975,56.2125289621068
"51",2026-05-09,0,2026-05-09,"wk inc flu hosp","quantile",0.99,70.4800353324295
"51",2026-05-09,1,2026-05-16,"wk inc flu hosp","quantile",0.01,0.808068800656101
"51",2026-05-09,1,2026-05-16,"wk inc flu hosp","quantile",0.025,2.25258586016982
"51",2026-05-09,1,2026-05-16,"wk inc flu hosp","quantile",0.05,3.44550248048685
"51",2026-05-09,1,2026-05-16,"wk inc flu hosp","quantile",0.1,7.50656271447925
"51",2026-05-09,1,2026-05-16,"wk inc flu hosp","quantile",0.15,11.2410431934482
"51",2026-05-09,1,2026-05-16,"wk inc flu hosp","quantile",0.2,13.8308084470338
"51",2026-05-09,1,2026-05-16,"wk inc flu hosp","quantile",0.25,16.017415983868
"51",2026-05-09,1,2026-05-16,"wk inc flu hosp","quantile",0.3,18.0082936067685
"51",2026-05-09,1,2026-05-16,"wk inc flu hosp","quantile",0.35,20.9948503731164
"51",2026-05-09,1,2026-05-16,"wk inc flu hosp","quantile",0.4,23.3284409954385
"51",2026-05-09,1,2026-05-16,"wk inc flu hosp","quantile",0.45,25.5605462732599
"51",2026-05-09,1,2026-05-16,"wk inc flu hosp","quantile",0.5,27.8214243976981
"51",2026-05-09,1,2026-05-16,"wk inc flu hosp","quantile",0.55,30.2576417150945
"51",2026-05-09,1,2026-05-16,"wk inc flu hosp","quantile",0.6,32.9694322127132
"51",2026-05-09,1,2026-05-16,"wk inc flu hosp","quantile",0.65,35.624915674193
"51",2026-05-09,1,2026-05-16,"wk inc flu hosp","quantile",0.7,38.7568287101574
"51",2026-05-09,1,2026-05-16,"wk inc flu hosp","quantile",0.75,41.9990974118366
"51",2026-05-09,1,2026-05-16,"wk inc flu hosp","quantile",0.8,46.5595108797422
"51",2026-05-09,1,2026-05-16,"wk inc flu hosp","quantile",0.85,51.7285727216218
"51",2026-05-09,1,2026-05-16,"wk inc flu hosp","quantile",0.9,58.5139432995261
"51",2026-05-09,1,2026-05-16,"wk inc flu hosp","quantile",0.95,70.5195401081523
"51",2026-05-09,1,2026-05-16,"wk inc flu hosp","quantile",0.975,82.8910584808386
"51",2026-05-09,1,2026-05-16,"wk inc flu hosp","quantile",0.99,103.736412892625
"51",2026-05-09,2,2026-05-23,"wk inc flu hosp","quantile",0.01,0
"51",2026-05-09,2,2026-05-23,"wk inc flu hosp","quantile",0.025,1.10156412455781
"51",2026-05-09,2,2026-05-23,"wk inc flu hosp","quantile",0.05,2.31823888742057
"51",2026-05-09,2,2026-05-23,"wk inc flu hosp","quantile",0.1,6.1001031882126
"51",2026-05-09,2,2026-05-23,"wk inc flu hosp","quantile",0.15,9.96348170125806
"51",2026-05-09,2,2026-05-23,"wk inc flu hosp","quantile",0.2,13.275719108993
"51",2026-05-09,2,2026-05-23,"wk inc flu hosp","quantile",0.25,16.3096501092849
"51",2026-05-09,2,2026-05-23,"wk inc flu hosp","quantile",0.3,18.9708062327588
"51",2026-05-09,2,2026-05-23,"wk inc flu hosp","quantile",0.35,22.5615633892849
"51",2026-05-09,2,2026-05-23,"wk inc flu hosp","quantile",0.4,25.6236011646894
"51",2026-05-09,2,2026-05-23,"wk inc flu hosp","quantile",0.45,29.0808996278692
"51",2026-05-09,2,2026-05-23,"wk inc flu hosp","quantile",0.5,32.0435492328032
"51",2026-05-09,2,2026-05-23,"wk inc flu hosp","quantile",0.55,34.8970421255704
"51",2026-05-09,2,2026-05-23,"wk inc flu hosp","quantile",0.6,38.7859190014064
"51",2026-05-09,2,2026-05-23,"wk inc flu hosp","quantile",0.65,42.1655215535457
"51",2026-05-09,2,2026-05-23,"wk inc flu hosp","quantile",0.7,46.4407941997246
"51",2026-05-09,2,2026-05-23,"wk inc flu hosp","quantile",0.75,52.0018487713822
"51",2026-05-09,2,2026-05-23,"wk inc flu hosp","quantile",0.8,58.6158938483
"51",2026-05-09,2,2026-05-23,"wk inc flu hosp","quantile",0.85,65.7954777351695
"51",2026-05-09,2,2026-05-23,"wk inc flu hosp","quantile",0.9,75.4752459630851
"51",2026-05-09,2,2026-05-23,"wk inc flu hosp","quantile",0.95,96.7060974152618
"51",2026-05-09,2,2026-05-23,"wk inc flu hosp","quantile",0.975,118.86337069232
"51",2026-05-09,2,2026-05-23,"wk inc flu hosp","quantile",0.99,141.840846461456
"51",2026-05-09,3,2026-05-30,"wk inc flu hosp","quantile",0.01,0
"51",2026-05-09,3,2026-05-30,"wk inc flu hosp","quantile",0.025,0.157917920739208
"51",2026-05-09,3,2026-05-30,"wk inc flu hosp","quantile",0.05,1.46949454398707
"51",2026-05-09,3,2026-05-30,"wk inc flu hosp","quantile",0.1,4.32779757122984
"51",2026-05-09,3,2026-05-30,"wk inc flu hosp","quantile",0.15,9.51754529661838
"51",2026-05-09,3,2026-05-30,"wk inc flu hosp","quantile",0.2,13.5760947855504
"51",2026-05-09,3,2026-05-30,"wk inc flu hosp","quantile",0.25,17.9120993609211
"51",2026-05-09,3,2026-05-30,"wk inc flu hosp","quantile",0.3,21.562552106017
"51",2026-05-09,3,2026-05-30,"wk inc flu hosp","quantile",0.35,26.5940585430215
"51",2026-05-09,3,2026-05-30,"wk inc flu hosp","quantile",0.4,29.4748479732848
"51",2026-05-09,3,2026-05-30,"wk inc flu hosp","quantile",0.45,32.9873498651374
"51",2026-05-09,3,2026-05-30,"wk inc flu hosp","quantile",0.5,36.7565136727891
"51",2026-05-09,3,2026-05-30,"wk inc flu hosp","quantile",0.55,41.512491726528
"51",2026-05-09,3,2026-05-30,"wk inc flu hosp","quantile",0.6,46.4322839367669
"51",2026-05-09,3,2026-05-30,"wk inc flu hosp","quantile",0.65,51.5521847836002
"51",2026-05-09,3,2026-05-30,"wk inc flu hosp","quantile",0.7,57.2600297234642
"51",2026-05-09,3,2026-05-30,"wk inc flu hosp","quantile",0.75,64.0006859678738
"51",2026-05-09,3,2026-05-30,"wk inc flu hosp","quantile",0.8,72.2620422394635
"51",2026-05-09,3,2026-05-30,"wk inc flu hosp","quantile",0.85,83.4931622713291
"51",2026-05-09,3,2026-05-30,"wk inc flu hosp","quantile",0.9,99.6261360763675
"51",2026-05-09,3,2026-05-30,"wk inc flu hosp","quantile",0.95,122.597124952778
"51",2026-05-09,3,2026-05-30,"wk inc flu hosp","quantile",0.975,149.775097789421
"51",2026-05-09,3,2026-05-30,"wk inc flu hosp","quantile",0.99,188.366351456948
"53",2026-05-09,0,2026-05-09,"wk inc flu hosp","quantile",0.01,3.96057349215445
"53",2026-05-09,0,2026-05-09,"wk inc flu hosp","quantile",0.025,7.66810324064491
"53",2026-05-09,0,2026-05-09,"wk inc flu hosp","quantile",0.05,9.94840585333382
"53",2026-05-09,0,2026-05-09,"wk inc flu hosp","quantile",0.1,13.4651329583799
"53",2026-05-09,0,2026-05-09,"wk inc flu hosp","quantile",0.15,15.7372343375428
"53",2026-05-09,0,2026-05-09,"wk inc flu hosp","quantile",0.2,17.333153687972
"53",2026-05-09,0,2026-05-09,"wk inc flu hosp","quantile",0.25,19.3662681464853
"53",2026-05-09,0,2026-05-09,"wk inc flu hosp","quantile",0.3,20.8425990433916
"53",2026-05-09,0,2026-05-09,"wk inc flu hosp","quantile",0.35,22.381521138238
"53",2026-05-09,0,2026-05-09,"wk inc flu hosp","quantile",0.4,24.1689113515994
"53",2026-05-09,0,2026-05-09,"wk inc flu hosp","quantile",0.45,25.6247670022652
"53",2026-05-09,0,2026-05-09,"wk inc flu hosp","quantile",0.5,27.3938762201164
"53",2026-05-09,0,2026-05-09,"wk inc flu hosp","quantile",0.55,28.8642667394
"53",2026-05-09,0,2026-05-09,"wk inc flu hosp","quantile",0.6,30.2206767271022
"53",2026-05-09,0,2026-05-09,"wk inc flu hosp","quantile",0.65,31.5721998738261
"53",2026-05-09,0,2026-05-09,"wk inc flu hosp","quantile",0.7,32.7663303601768
"53",2026-05-09,0,2026-05-09,"wk inc flu hosp","quantile",0.75,34.118181155325
"53",2026-05-09,0,2026-05-09,"wk inc flu hosp","quantile",0.8,36.1557364522712
"53",2026-05-09,0,2026-05-09,"wk inc flu hosp","quantile",0.85,38.4547209078158
"53",2026-05-09,0,2026-05-09,"wk inc flu hosp","quantile",0.9,41.1844664764473
"53",2026-05-09,0,2026-05-09,"wk inc flu hosp","quantile",0.95,46.5253292420374
"53",2026-05-09,0,2026-05-09,"wk inc flu hosp","quantile",0.975,51.9415809481441
"53",2026-05-09,0,2026-05-09,"wk inc flu hosp","quantile",0.99,61.5985425392256
"53",2026-05-09,1,2026-05-16,"wk inc flu hosp","quantile",0.01,3.0402442762224
"53",2026-05-09,1,2026-05-16,"wk inc flu hosp","quantile",0.025,4.35418708917609
"53",2026-05-09,1,2026-05-16,"wk inc flu hosp","quantile",0.05,5.53341445995428
"53",2026-05-09,1,2026-05-16,"wk inc flu hosp","quantile",0.1,8.41265300683338
"53",2026-05-09,1,2026-05-16,"wk inc flu hosp","quantile",0.15,10.7040167297967
"53",2026-05-09,1,2026-05-16,"wk inc flu hosp","quantile",0.2,13.2435767843433
"53",2026-05-09,1,2026-05-16,"wk inc flu hosp","quantile",0.25,15.7801677946818
"53",2026-05-09,1,2026-05-16,"wk inc flu hosp","quantile",0.3,17.5227274961696
"53",2026-05-09,1,2026-05-16,"wk inc flu hosp","quantile",0.35,19.2231160919651
"53",2026-05-09,1,2026-05-16,"wk inc flu hosp","quantile",0.4,21.8089332667155
"53",2026-05-09,1,2026-05-16,"wk inc flu hosp","quantile",0.45,23.8743223866494
"53",2026-05-09,1,2026-05-16,"wk inc flu hosp","quantile",0.5,26.0433165564906
"53",2026-05-09,1,2026-05-16,"wk inc flu hosp","quantile",0.55,27.9007911380086
"53",2026-05-09,1,2026-05-16,"wk inc flu hosp","quantile",0.6,30.3005046979483
"53",2026-05-09,1,2026-05-16,"wk inc flu hosp","quantile",0.65,32.7059884446232
"53",2026-05-09,1,2026-05-16,"wk inc flu hosp","quantile",0.7,34.7643547319934
"53",2026-05-09,1,2026-05-16,"wk inc flu hosp","quantile",0.75,37.1976506682037
"53",2026-05-09,1,2026-05-16,"wk inc flu hosp","quantile",0.8,40.1634965589323
"53",2026-05-09,1,2026-05-16,"wk inc flu hosp","quantile",0.85,43.7720548581929
"53",2026-05-09,1,2026-05-16,"wk inc flu hosp","quantile",0.9,48.991108501962
"53",2026-05-09,1,2026-05-16,"wk inc flu hosp","quantile",0.95,56.5246041010505
"53",2026-05-09,1,2026-05-16,"wk inc flu hosp","quantile",0.975,64.6693546216458
"53",2026-05-09,1,2026-05-16,"wk inc flu hosp","quantile",0.99,79.3843197210547
"53",2026-05-09,2,2026-05-23,"wk inc flu hosp","quantile",0.01,2.4020530872567
"53",2026-05-09,2,2026-05-23,"wk inc flu hosp","quantile",0.025,3.53598700774492
"53",2026-05-09,2,2026-05-23,"wk inc flu hosp","quantile",0.05,4.57099778014186
"53",2026-05-09,2,2026-05-23,"wk inc flu hosp","quantile",0.1,6.74381268862229
"53",2026-05-09,2,2026-05-23,"wk inc flu hosp","quantile",0.15,8.98975171964507
"53",2026-05-09,2,2026-05-23,"wk inc flu hosp","quantile",0.2,11.6037797022934
"53",2026-05-09,2,2026-05-23,"wk inc flu hosp","quantile",0.25,13.6022683101999
"53",2026-05-09,2,2026-05-23,"wk inc flu hosp","quantile",0.3,15.6934228534253
"53",2026-05-09,2,2026-05-23,"wk inc flu hosp","quantile",0.35,18.0722000413435
"53",2026-05-09,2,2026-05-23,"wk inc flu hosp","quantile",0.4,20.5175774735408
"53",2026-05-09,2,2026-05-23,"wk inc flu hosp","quantile",0.45,23.0454390035841
"53",2026-05-09,2,2026-05-23,"wk inc flu hosp","quantile",0.5,25.988477781784
"53",2026-05-09,2,2026-05-23,"wk inc flu hosp","quantile",0.55,28.180882454381
"53",2026-05-09,2,2026-05-23,"wk inc flu hosp","quantile",0.6,30.9228294160272
"53",2026-05-09,2,2026-05-23,"wk inc flu hosp","quantile",0.65,34.2085836017722
"53",2026-05-09,2,2026-05-23,"wk inc flu hosp","quantile",0.7,37.3287541251751
"53",2026-05-09,2,2026-05-23,"wk inc flu hosp","quantile",0.75,41.1612891047628
"53",2026-05-09,2,2026-05-23,"wk inc flu hosp","quantile",0.8,45.3119921508758
"53",2026-05-09,2,2026-05-23,"wk inc flu hosp","quantile",0.85,50.2718051892986
"53",2026-05-09,2,2026-05-23,"wk inc flu hosp","quantile",0.9,57.7654730153483
"53",2026-05-09,2,2026-05-23,"wk inc flu hosp","quantile",0.95,69.2248428057962
"53",2026-05-09,2,2026-05-23,"wk inc flu hosp","quantile",0.975,80.0185805082475
"53",2026-05-09,2,2026-05-23,"wk inc flu hosp","quantile",0.99,98.3450388605235
"53",2026-05-09,3,2026-05-30,"wk inc flu hosp","quantile",0.01,1.90727569711733
"53",2026-05-09,3,2026-05-30,"wk inc flu hosp","quantile",0.025,2.72041100629653
"53",2026-05-09,3,2026-05-30,"wk inc flu hosp","quantile",0.05,3.81625033507381
"53",2026-05-09,3,2026-05-30,"wk inc flu hosp","quantile",0.1,5.92030402974815
"53",2026-05-09,3,2026-05-30,"wk inc flu hosp","quantile",0.15,7.11100653279442
"53",2026-05-09,3,2026-05-30,"wk inc flu hosp","quantile",0.2,9.93211696885755
"53",2026-05-09,3,2026-05-30,"wk inc flu hosp","quantile",0.25,12.1839470567308
"53",2026-05-09,3,2026-05-30,"wk inc flu hosp","quantile",0.3,14.6420299846829
"53",2026-05-09,3,2026-05-30,"wk inc flu hosp","quantile",0.35,17.3735276160341
"53",2026-05-09,3,2026-05-30,"wk inc flu hosp","quantile",0.4,20.2166705267646
"53",2026-05-09,3,2026-05-30,"wk inc flu hosp","quantile",0.45,23.6562697099426
"53",2026-05-09,3,2026-05-30,"wk inc flu hosp","quantile",0.5,26.5586754140997
"53",2026-05-09,3,2026-05-30,"wk inc flu hosp","quantile",0.55,29.6406449419174
"53",2026-05-09,3,2026-05-30,"wk inc flu hosp","quantile",0.6,33.0310267683246
"53",2026-05-09,3,2026-05-30,"wk inc flu hosp","quantile",0.65,36.7619611999157
"53",2026-05-09,3,2026-05-30,"wk inc flu hosp","quantile",0.7,41.0947353928944
"53",2026-05-09,3,2026-05-30,"wk inc flu hosp","quantile",0.75,45.9693465213197
"53",2026-05-09,3,2026-05-30,"wk inc flu hosp","quantile",0.8,51.8195076046505
"53",2026-05-09,3,2026-05-30,"wk inc flu hosp","quantile",0.85,58.5903495729661
"53",2026-05-09,3,2026-05-30,"wk inc flu hosp","quantile",0.9,68.6334642870841
"53",2026-05-09,3,2026-05-30,"wk inc flu hosp","quantile",0.95,82.6323980448084
"53",2026-05-09,3,2026-05-30,"wk inc flu hosp","quantile",0.975,97.3234192521717
"53",2026-05-09,3,2026-05-30,"wk inc flu hosp","quantile",0.99,120.649976052174
"54",2026-05-09,0,2026-05-09,"wk inc flu hosp","quantile",0.01,0
"54",2026-05-09,0,2026-05-09,"wk inc flu hosp","quantile",0.025,0.37030429811795
"54",2026-05-09,0,2026-05-09,"wk inc flu hosp","quantile",0.05,0.723054243999475
"54",2026-05-09,0,2026-05-09,"wk inc flu hosp","quantile",0.1,1.5840941120227
"54",2026-05-09,0,2026-05-09,"wk inc flu hosp","quantile",0.15,2.47594451795192
"54",2026-05-09,0,2026-05-09,"wk inc flu hosp","quantile",0.2,3.24707052933157
"54",2026-05-09,0,2026-05-09,"wk inc flu hosp","quantile",0.25,4.04996729731346
"54",2026-05-09,0,2026-05-09,"wk inc flu hosp","quantile",0.3,4.80872185891983
"54",2026-05-09,0,2026-05-09,"wk inc flu hosp","quantile",0.35,5.51665135693682
"54",2026-05-09,0,2026-05-09,"wk inc flu hosp","quantile",0.4,6.15053207048269
"54",2026-05-09,0,2026-05-09,"wk inc flu hosp","quantile",0.45,6.75070628955616
"54",2026-05-09,0,2026-05-09,"wk inc flu hosp","quantile",0.5,7.26480814820603
"54",2026-05-09,0,2026-05-09,"wk inc flu hosp","quantile",0.55,7.8514872774872
"54",2026-05-09,0,2026-05-09,"wk inc flu hosp","quantile",0.6,8.71103877421376
"54",2026-05-09,0,2026-05-09,"wk inc flu hosp","quantile",0.65,9.48046667378016
"54",2026-05-09,0,2026-05-09,"wk inc flu hosp","quantile",0.7,10.2550734491376
"54",2026-05-09,0,2026-05-09,"wk inc flu hosp","quantile",0.75,11.0203532841416
"54",2026-05-09,0,2026-05-09,"wk inc flu hosp","quantile",0.8,11.8948170064146
"54",2026-05-09,0,2026-05-09,"wk inc flu hosp","quantile",0.85,13.6787188334357
"54",2026-05-09,0,2026-05-09,"wk inc flu hosp","quantile",0.9,16.0161777775621
"54",2026-05-09,0,2026-05-09,"wk inc flu hosp","quantile",0.95,18.99869684731
"54",2026-05-09,0,2026-05-09,"wk inc flu hosp","quantile",0.975,21.583620310396
"54",2026-05-09,0,2026-05-09,"wk inc flu hosp","quantile",0.99,26.0164985490341
"54",2026-05-09,1,2026-05-16,"wk inc flu hosp","quantile",0.01,0
"54",2026-05-09,1,2026-05-16,"wk inc flu hosp","quantile",0.025,0
"54",2026-05-09,1,2026-05-16,"wk inc flu hosp","quantile",0.05,0.433866334304055
"54",2026-05-09,1,2026-05-16,"wk inc flu hosp","quantile",0.1,1.1937375076994
"54",2026-05-09,1,2026-05-16,"wk inc flu hosp","quantile",0.15,1.71601595200472
"54",2026-05-09,1,2026-05-16,"wk inc flu hosp","quantile",0.2,2.12770667725449
"54",2026-05-09,1,2026-05-16,"wk inc flu hosp","quantile",0.25,2.92193047584528
"54",2026-05-09,1,2026-05-16,"wk inc flu hosp","quantile",0.3,3.77089042088
"54",2026-05-09,1,2026-05-16,"wk inc flu hosp","quantile",0.35,4.63198103818282
"54",2026-05-09,1,2026-05-16,"wk inc flu hosp","quantile",0.4,5.40762186117546
"54",2026-05-09,1,2026-05-16,"wk inc flu hosp","quantile",0.45,6.1874177051687
"54",2026-05-09,1,2026-05-16,"wk inc flu hosp","quantile",0.5,6.86309373202777
"54",2026-05-09,1,2026-05-16,"wk inc flu hosp","quantile",0.55,7.70463044120746
"54",2026-05-09,1,2026-05-16,"wk inc flu hosp","quantile",0.6,8.65691970073776
"54",2026-05-09,1,2026-05-16,"wk inc flu hosp","quantile",0.65,9.64124410424812
"54",2026-05-09,1,2026-05-16,"wk inc flu hosp","quantile",0.7,10.7747804570835
"54",2026-05-09,1,2026-05-16,"wk inc flu hosp","quantile",0.75,11.9420254933077
"54",2026-05-09,1,2026-05-16,"wk inc flu hosp","quantile",0.8,13.4564003970928
"54",2026-05-09,1,2026-05-16,"wk inc flu hosp","quantile",0.85,15.7630618159144
"54",2026-05-09,1,2026-05-16,"wk inc flu hosp","quantile",0.9,19.2280837825158
"54",2026-05-09,1,2026-05-16,"wk inc flu hosp","quantile",0.95,24.2437421099747
"54",2026-05-09,1,2026-05-16,"wk inc flu hosp","quantile",0.975,28.6802848449134
"54",2026-05-09,1,2026-05-16,"wk inc flu hosp","quantile",0.99,36.4826721479903
"54",2026-05-09,2,2026-05-23,"wk inc flu hosp","quantile",0.01,0
"54",2026-05-09,2,2026-05-23,"wk inc flu hosp","quantile",0.025,0
"54",2026-05-09,2,2026-05-23,"wk inc flu hosp","quantile",0.05,0.138305845254661
"54",2026-05-09,2,2026-05-23,"wk inc flu hosp","quantile",0.1,0.916293352533357
"54",2026-05-09,2,2026-05-23,"wk inc flu hosp","quantile",0.15,1.6415607100249
"54",2026-05-09,2,2026-05-23,"wk inc flu hosp","quantile",0.2,2.00021377640929
"54",2026-05-09,2,2026-05-23,"wk inc flu hosp","quantile",0.25,2.57586128434977
"54",2026-05-09,2,2026-05-23,"wk inc flu hosp","quantile",0.3,3.55953741845259
"54",2026-05-09,2,2026-05-23,"wk inc flu hosp","quantile",0.35,4.52114341287996
"54",2026-05-09,2,2026-05-23,"wk inc flu hosp","quantile",0.4,5.15272254623564
"54",2026-05-09,2,2026-05-23,"wk inc flu hosp","quantile",0.45,6.10484703195268
"54",2026-05-09,2,2026-05-23,"wk inc flu hosp","quantile",0.5,7.06459166861568
"54",2026-05-09,2,2026-05-23,"wk inc flu hosp","quantile",0.55,8.04109337775226
"54",2026-05-09,2,2026-05-23,"wk inc flu hosp","quantile",0.6,9.40304739555208
"54",2026-05-09,2,2026-05-23,"wk inc flu hosp","quantile",0.65,10.6808466136219
"54",2026-05-09,2,2026-05-23,"wk inc flu hosp","quantile",0.7,12.321284458172
"54",2026-05-09,2,2026-05-23,"wk inc flu hosp","quantile",0.75,14.0342787447309
"54",2026-05-09,2,2026-05-23,"wk inc flu hosp","quantile",0.8,16.2061570335321
"54",2026-05-09,2,2026-05-23,"wk inc flu hosp","quantile",0.85,19.6767121639634
"54",2026-05-09,2,2026-05-23,"wk inc flu hosp","quantile",0.9,24.2666819129277
"54",2026-05-09,2,2026-05-23,"wk inc flu hosp","quantile",0.95,31.8948893849804
"54",2026-05-09,2,2026-05-23,"wk inc flu hosp","quantile",0.975,38.0180168605717
"54",2026-05-09,2,2026-05-23,"wk inc flu hosp","quantile",0.99,47.5541818465556
"54",2026-05-09,3,2026-05-30,"wk inc flu hosp","quantile",0.01,0
"54",2026-05-09,3,2026-05-30,"wk inc flu hosp","quantile",0.025,0
"54",2026-05-09,3,2026-05-30,"wk inc flu hosp","quantile",0.05,0
"54",2026-05-09,3,2026-05-30,"wk inc flu hosp","quantile",0.1,0.715637492050474
"54",2026-05-09,3,2026-05-30,"wk inc flu hosp","quantile",0.15,1.44949308416188
"54",2026-05-09,3,2026-05-30,"wk inc flu hosp","quantile",0.2,1.8314536863478
"54",2026-05-09,3,2026-05-30,"wk inc flu hosp","quantile",0.25,2.22394128928643
"54",2026-05-09,3,2026-05-30,"wk inc flu hosp","quantile",0.3,3.05046469440489
"54",2026-05-09,3,2026-05-30,"wk inc flu hosp","quantile",0.35,4.04324893517288
"54",2026-05-09,3,2026-05-30,"wk inc flu hosp","quantile",0.4,4.96091224192464
"54",2026-05-09,3,2026-05-30,"wk inc flu hosp","quantile",0.45,6.12252119075969
"54",2026-05-09,3,2026-05-30,"wk inc flu hosp","quantile",0.5,7.12839067738548
"54",2026-05-09,3,2026-05-30,"wk inc flu hosp","quantile",0.55,8.26862040056929
"54",2026-05-09,3,2026-05-30,"wk inc flu hosp","quantile",0.6,9.89100919691989
"54",2026-05-09,3,2026-05-30,"wk inc flu hosp","quantile",0.65,11.5909044157864
"54",2026-05-09,3,2026-05-30,"wk inc flu hosp","quantile",0.7,13.434844683434
"54",2026-05-09,3,2026-05-30,"wk inc flu hosp","quantile",0.75,15.6028123148903
"54",2026-05-09,3,2026-05-30,"wk inc flu hosp","quantile",0.8,18.6368852910762
"54",2026-05-09,3,2026-05-30,"wk inc flu hosp","quantile",0.85,22.3708537785286
"54",2026-05-09,3,2026-05-30,"wk inc flu hosp","quantile",0.9,29.1735207366726
"54",2026-05-09,3,2026-05-30,"wk inc flu hosp","quantile",0.95,38.862393013562
"54",2026-05-09,3,2026-05-30,"wk inc flu hosp","quantile",0.975,44.8863276733052
"54",2026-05-09,3,2026-05-30,"wk inc flu hosp","quantile",0.99,64.1902646099951
"55",2026-05-09,0,2026-05-09,"wk inc flu hosp","quantile",0.01,0
"55",2026-05-09,0,2026-05-09,"wk inc flu hosp","quantile",0.025,0
"55",2026-05-09,0,2026-05-09,"wk inc flu hosp","quantile",0.05,0
"55",2026-05-09,0,2026-05-09,"wk inc flu hosp","quantile",0.1,0.60471774459135
"55",2026-05-09,0,2026-05-09,"wk inc flu hosp","quantile",0.15,1.53866718402446
"55",2026-05-09,0,2026-05-09,"wk inc flu hosp","quantile",0.2,2.87536900001895
"55",2026-05-09,0,2026-05-09,"wk inc flu hosp","quantile",0.25,4.15248560070444
"55",2026-05-09,0,2026-05-09,"wk inc flu hosp","quantile",0.3,5.37934650129822
"55",2026-05-09,0,2026-05-09,"wk inc flu hosp","quantile",0.35,6.42923416851284
"55",2026-05-09,0,2026-05-09,"wk inc flu hosp","quantile",0.4,7.51989752801551
"55",2026-05-09,0,2026-05-09,"wk inc flu hosp","quantile",0.45,8.46430528645722
"55",2026-05-09,0,2026-05-09,"wk inc flu hosp","quantile",0.5,9.34482752790184
"55",2026-05-09,0,2026-05-09,"wk inc flu hosp","quantile",0.55,10.267226263026
"55",2026-05-09,0,2026-05-09,"wk inc flu hosp","quantile",0.6,10.9162967843216
"55",2026-05-09,0,2026-05-09,"wk inc flu hosp","quantile",0.65,11.8739420038581
"55",2026-05-09,0,2026-05-09,"wk inc flu hosp","quantile",0.7,12.945663459954
"55",2026-05-09,0,2026-05-09,"wk inc flu hosp","quantile",0.75,14.0231342420127
"55",2026-05-09,0,2026-05-09,"wk inc flu hosp","quantile",0.8,15.3381178274638
"55",2026-05-09,0,2026-05-09,"wk inc flu hosp","quantile",0.85,16.8832864624627
"55",2026-05-09,0,2026-05-09,"wk inc flu hosp","quantile",0.9,19.187908196261
"55",2026-05-09,0,2026-05-09,"wk inc flu hosp","quantile",0.95,23.2824565665692
"55",2026-05-09,0,2026-05-09,"wk inc flu hosp","quantile",0.975,27.4181145287385
"55",2026-05-09,0,2026-05-09,"wk inc flu hosp","quantile",0.99,35.0098328531351
"55",2026-05-09,1,2026-05-16,"wk inc flu hosp","quantile",0.01,0
"55",2026-05-09,1,2026-05-16,"wk inc flu hosp","quantile",0.025,0
"55",2026-05-09,1,2026-05-16,"wk inc flu hosp","quantile",0.05,0
"55",2026-05-09,1,2026-05-16,"wk inc flu hosp","quantile",0.1,0
"55",2026-05-09,1,2026-05-16,"wk inc flu hosp","quantile",0.15,0.632833138409859
"55",2026-05-09,1,2026-05-16,"wk inc flu hosp","quantile",0.2,1.24777241401718
"55",2026-05-09,1,2026-05-16,"wk inc flu hosp","quantile",0.25,1.83554653444485
"55",2026-05-09,1,2026-05-16,"wk inc flu hosp","quantile",0.3,3.00005713116353
"55",2026-05-09,1,2026-05-16,"wk inc flu hosp","quantile",0.35,4.40358573245268
"55",2026-05-09,1,2026-05-16,"wk inc flu hosp","quantile",0.4,5.52999868858079
"55",2026-05-09,1,2026-05-16,"wk inc flu hosp","quantile",0.45,6.75880324805051
"55",2026-05-09,1,2026-05-16,"wk inc flu hosp","quantile",0.5,7.91497061723372
"55",2026-05-09,1,2026-05-16,"wk inc flu hosp","quantile",0.55,9.10891268862422
"55",2026-05-09,1,2026-05-16,"wk inc flu hosp","quantile",0.6,10.3840693286378
"55",2026-05-09,1,2026-05-16,"wk inc flu hosp","quantile",0.65,11.9619999560046
"55",2026-05-09,1,2026-05-16,"wk inc flu hosp","quantile",0.7,13.3062552351504
"55",2026-05-09,1,2026-05-16,"wk inc flu hosp","quantile",0.75,14.727186285132
"55",2026-05-09,1,2026-05-16,"wk inc flu hosp","quantile",0.8,16.7719429462704
"55",2026-05-09,1,2026-05-16,"wk inc flu hosp","quantile",0.85,19.1069449299884
"55",2026-05-09,1,2026-05-16,"wk inc flu hosp","quantile",0.9,22.7168743770619
"55",2026-05-09,1,2026-05-16,"wk inc flu hosp","quantile",0.95,28.7238010789949
"55",2026-05-09,1,2026-05-16,"wk inc flu hosp","quantile",0.975,35.3582043434441
"55",2026-05-09,1,2026-05-16,"wk inc flu hosp","quantile",0.99,44.1704018597242
"55",2026-05-09,2,2026-05-23,"wk inc flu hosp","quantile",0.01,0
"55",2026-05-09,2,2026-05-23,"wk inc flu hosp","quantile",0.025,0
"55",2026-05-09,2,2026-05-23,"wk inc flu hosp","quantile",0.05,0
"55",2026-05-09,2,2026-05-23,"wk inc flu hosp","quantile",0.1,0
"55",2026-05-09,2,2026-05-23,"wk inc flu hosp","quantile",0.15,0.0723424370924587
"55",2026-05-09,2,2026-05-23,"wk inc flu hosp","quantile",0.2,0.994938483358732
"55",2026-05-09,2,2026-05-23,"wk inc flu hosp","quantile",0.25,1.5205878218472
"55",2026-05-09,2,2026-05-23,"wk inc flu hosp","quantile",0.3,2.04831620382868
"55",2026-05-09,2,2026-05-23,"wk inc flu hosp","quantile",0.35,3.22454067602277
"55",2026-05-09,2,2026-05-23,"wk inc flu hosp","quantile",0.4,4.51543898575622
"55",2026-05-09,2,2026-05-23,"wk inc flu hosp","quantile",0.45,6.06001337679859
"55",2026-05-09,2,2026-05-23,"wk inc flu hosp","quantile",0.5,7.33597851043368
"55",2026-05-09,2,2026-05-23,"wk inc flu hosp","quantile",0.55,9.12288747666528
"55",2026-05-09,2,2026-05-23,"wk inc flu hosp","quantile",0.6,10.6060315369951
"55",2026-05-09,2,2026-05-23,"wk inc flu hosp","quantile",0.65,12.3113189997213
"55",2026-05-09,2,2026-05-23,"wk inc flu hosp","quantile",0.7,14.1525836484478
"55",2026-05-09,2,2026-05-23,"wk inc flu hosp","quantile",0.75,16.4700331876145
"55",2026-05-09,2,2026-05-23,"wk inc flu hosp","quantile",0.8,19.0554988040649
"55",2026-05-09,2,2026-05-23,"wk inc flu hosp","quantile",0.85,22.3065369860759
"55",2026-05-09,2,2026-05-23,"wk inc flu hosp","quantile",0.9,27.1328576788831
"55",2026-05-09,2,2026-05-23,"wk inc flu hosp","quantile",0.95,35.623262937023
"55",2026-05-09,2,2026-05-23,"wk inc flu hosp","quantile",0.975,42.9667306170414
"55",2026-05-09,2,2026-05-23,"wk inc flu hosp","quantile",0.99,57.4324370451308
"55",2026-05-09,3,2026-05-30,"wk inc flu hosp","quantile",0.01,0
"55",2026-05-09,3,2026-05-30,"wk inc flu hosp","quantile",0.025,0
"55",2026-05-09,3,2026-05-30,"wk inc flu hosp","quantile",0.05,0
"55",2026-05-09,3,2026-05-30,"wk inc flu hosp","quantile",0.1,0
"55",2026-05-09,3,2026-05-30,"wk inc flu hosp","quantile",0.15,0
"55",2026-05-09,3,2026-05-30,"wk inc flu hosp","quantile",0.2,0.278604263650493
"55",2026-05-09,3,2026-05-30,"wk inc flu hosp","quantile",0.25,0.848215625933493
"55",2026-05-09,3,2026-05-30,"wk inc flu hosp","quantile",0.3,1.33779492927391
"55",2026-05-09,3,2026-05-30,"wk inc flu hosp","quantile",0.35,2.63700477730414
"55",2026-05-09,3,2026-05-30,"wk inc flu hosp","quantile",0.4,4.04003950645275
"55",2026-05-09,3,2026-05-30,"wk inc flu hosp","quantile",0.45,5.89739331084097
"55",2026-05-09,3,2026-05-30,"wk inc flu hosp","quantile",0.5,7.8160951840238
"55",2026-05-09,3,2026-05-30,"wk inc flu hosp","quantile",0.55,9.53579005221022
"55",2026-05-09,3,2026-05-30,"wk inc flu hosp","quantile",0.6,11.2172882729692
"55",2026-05-09,3,2026-05-30,"wk inc flu hosp","quantile",0.65,13.5387025691207
"55",2026-05-09,3,2026-05-30,"wk inc flu hosp","quantile",0.7,16.1386089123603
"55",2026-05-09,3,2026-05-30,"wk inc flu hosp","quantile",0.75,18.8648872787832
"55",2026-05-09,3,2026-05-30,"wk inc flu hosp","quantile",0.8,22.7027013348683
"55",2026-05-09,3,2026-05-30,"wk inc flu hosp","quantile",0.85,26.7648781999899
"55",2026-05-09,3,2026-05-30,"wk inc flu hosp","quantile",0.9,33.0134776885244
"55",2026-05-09,3,2026-05-30,"wk inc flu hosp","quantile",0.95,45.023658414769
"55",2026-05-09,3,2026-05-30,"wk inc flu hosp","quantile",0.975,54.9782565471019
"55",2026-05-09,3,2026-05-30,"wk inc flu hosp","quantile",0.99,77.438857234032
"56",2026-05-09,0,2026-05-09,"wk inc flu hosp","quantile",0.01,0
"56",2026-05-09,0,2026-05-09,"wk inc flu hosp","quantile",0.025,0
"56",2026-05-09,0,2026-05-09,"wk inc flu hosp","quantile",0.05,0
"56",2026-05-09,0,2026-05-09,"wk inc flu hosp","quantile",0.1,0.155655991810672
"56",2026-05-09,0,2026-05-09,"wk inc flu hosp","quantile",0.15,0.525614943720718
"56",2026-05-09,0,2026-05-09,"wk inc flu hosp","quantile",0.2,0.946303280808671
"56",2026-05-09,0,2026-05-09,"wk inc flu hosp","quantile",0.25,1.32583054120838
"56",2026-05-09,0,2026-05-09,"wk inc flu hosp","quantile",0.3,1.6645796766662
"56",2026-05-09,0,2026-05-09,"wk inc flu hosp","quantile",0.35,1.99753963404877
"56",2026-05-09,0,2026-05-09,"wk inc flu hosp","quantile",0.4,2.3392588177977
"56",2026-05-09,0,2026-05-09,"wk inc flu hosp","quantile",0.45,2.67540064840463
"56",2026-05-09,0,2026-05-09,"wk inc flu hosp","quantile",0.5,3.02329827398047
"56",2026-05-09,0,2026-05-09,"wk inc flu hosp","quantile",0.55,3.40964875357958
"56",2026-05-09,0,2026-05-09,"wk inc flu hosp","quantile",0.6,3.80468455280542
"56",2026-05-09,0,2026-05-09,"wk inc flu hosp","quantile",0.65,4.23821931096126
"56",2026-05-09,0,2026-05-09,"wk inc flu hosp","quantile",0.7,4.75996502815862
"56",2026-05-09,0,2026-05-09,"wk inc flu hosp","quantile",0.75,5.3384654347259
"56",2026-05-09,0,2026-05-09,"wk inc flu hosp","quantile",0.8,6.00364833115073
"56",2026-05-09,0,2026-05-09,"wk inc flu hosp","quantile",0.85,6.95209966600557
"56",2026-05-09,0,2026-05-09,"wk inc flu hosp","quantile",0.9,8.05156597413876
"56",2026-05-09,0,2026-05-09,"wk inc flu hosp","quantile",0.95,10.0934988549804
"56",2026-05-09,0,2026-05-09,"wk inc flu hosp","quantile",0.975,11.8270890265454
"56",2026-05-09,0,2026-05-09,"wk inc flu hosp","quantile",0.99,14.265093104526
"56",2026-05-09,1,2026-05-16,"wk inc flu hosp","quantile",0.01,0
"56",2026-05-09,1,2026-05-16,"wk inc flu hosp","quantile",0.025,0
"56",2026-05-09,1,2026-05-16,"wk inc flu hosp","quantile",0.05,0
"56",2026-05-09,1,2026-05-16,"wk inc flu hosp","quantile",0.1,0
"56",2026-05-09,1,2026-05-16,"wk inc flu hosp","quantile",0.15,0.0219317536846744
"56",2026-05-09,1,2026-05-16,"wk inc flu hosp","quantile",0.2,0.468317045481365
"56",2026-05-09,1,2026-05-16,"wk inc flu hosp","quantile",0.25,0.899037087895025
"56",2026-05-09,1,2026-05-16,"wk inc flu hosp","quantile",0.3,1.33566054878288
"56",2026-05-09,1,2026-05-16,"wk inc flu hosp","quantile",0.35,1.85354415359256
"56",2026-05-09,1,2026-05-16,"wk inc flu hosp","quantile",0.4,2.37202876276658
"56",2026-05-09,1,2026-05-16,"wk inc flu hosp","quantile",0.45,2.8870607432391
"56",2026-05-09,1,2026-05-16,"wk inc flu hosp","quantile",0.5,3.44546529548924
"56",2026-05-09,1,2026-05-16,"wk inc flu hosp","quantile",0.55,4.04143871263047
"56",2026-05-09,1,2026-05-16,"wk inc flu hosp","quantile",0.6,4.6363715106436
"56",2026-05-09,1,2026-05-16,"wk inc flu hosp","quantile",0.65,5.44668542173544
"56",2026-05-09,1,2026-05-16,"wk inc flu hosp","quantile",0.7,6.33596813712314
"56",2026-05-09,1,2026-05-16,"wk inc flu hosp","quantile",0.75,7.42770191247355
"56",2026-05-09,1,2026-05-16,"wk inc flu hosp","quantile",0.8,8.80076814915733
"56",2026-05-09,1,2026-05-16,"wk inc flu hosp","quantile",0.85,10.3587498098719
"56",2026-05-09,1,2026-05-16,"wk inc flu hosp","quantile",0.9,12.6488496992063
"56",2026-05-09,1,2026-05-16,"wk inc flu hosp","quantile",0.95,17.3667991444521
"56",2026-05-09,1,2026-05-16,"wk inc flu hosp","quantile",0.975,21.4361580048539
"56",2026-05-09,1,2026-05-16,"wk inc flu hosp","quantile",0.99,26.1199444189772
"56",2026-05-09,2,2026-05-23,"wk inc flu hosp","quantile",0.01,0
"56",2026-05-09,2,2026-05-23,"wk inc flu hosp","quantile",0.025,0
"56",2026-05-09,2,2026-05-23,"wk inc flu hosp","quantile",0.05,0
"56",2026-05-09,2,2026-05-23,"wk inc flu hosp","quantile",0.1,0
"56",2026-05-09,2,2026-05-23,"wk inc flu hosp","quantile",0.15,0.020032284936484
"56",2026-05-09,2,2026-05-23,"wk inc flu hosp","quantile",0.2,0.165550335184907
"56",2026-05-09,2,2026-05-23,"wk inc flu hosp","quantile",0.25,0.517053873762072
"56",2026-05-09,2,2026-05-23,"wk inc flu hosp","quantile",0.3,1.0313304171428
"56",2026-05-09,2,2026-05-23,"wk inc flu hosp","quantile",0.35,1.59271848367624
"56",2026-05-09,2,2026-05-23,"wk inc flu hosp","quantile",0.4,2.11955300446919
"56",2026-05-09,2,2026-05-23,"wk inc flu hosp","quantile",0.45,2.8361530544351
"56",2026-05-09,2,2026-05-23,"wk inc flu hosp","quantile",0.5,3.40153303243023
"56",2026-05-09,2,2026-05-23,"wk inc flu hosp","quantile",0.55,4.16719733334181
"56",2026-05-09,2,2026-05-23,"wk inc flu hosp","quantile",0.6,5.14749771491922
"56",2026-05-09,2,2026-05-23,"wk inc flu hosp","quantile",0.65,6.15385755030105
"56",2026-05-09,2,2026-05-23,"wk inc flu hosp","quantile",0.7,7.20428815390974
"56",2026-05-09,2,2026-05-23,"wk inc flu hosp","quantile",0.75,8.48026160281377
"56",2026-05-09,2,2026-05-23,"wk inc flu hosp","quantile",0.8,10.5819991224497
"56",2026-05-09,2,2026-05-23,"wk inc flu hosp","quantile",0.85,13.6734311311309
"56",2026-05-09,2,2026-05-23,"wk inc flu hosp","quantile",0.9,17.5166007230702
"56",2026-05-09,2,2026-05-23,"wk inc flu hosp","quantile",0.95,23.6439559525735
"56",2026-05-09,2,2026-05-23,"wk inc flu hosp","quantile",0.975,32.9682564184092
"56",2026-05-09,2,2026-05-23,"wk inc flu hosp","quantile",0.99,43.5724728475181
"56",2026-05-09,3,2026-05-30,"wk inc flu hosp","quantile",0.01,0
"56",2026-05-09,3,2026-05-30,"wk inc flu hosp","quantile",0.025,0
"56",2026-05-09,3,2026-05-30,"wk inc flu hosp","quantile",0.05,0
"56",2026-05-09,3,2026-05-30,"wk inc flu hosp","quantile",0.1,0
"56",2026-05-09,3,2026-05-30,"wk inc flu hosp","quantile",0.15,0.023133624305775
"56",2026-05-09,3,2026-05-30,"wk inc flu hosp","quantile",0.2,0.151516561147363
"56",2026-05-09,3,2026-05-30,"wk inc flu hosp","quantile",0.25,0.308928127393031
"56",2026-05-09,3,2026-05-30,"wk inc flu hosp","quantile",0.3,0.894666922467807
"56",2026-05-09,3,2026-05-30,"wk inc flu hosp","quantile",0.35,1.46339090078311
"56",2026-05-09,3,2026-05-30,"wk inc flu hosp","quantile",0.4,2.02360749980053
"56",2026-05-09,3,2026-05-30,"wk inc flu hosp","quantile",0.45,2.69695841590472
"56",2026-05-09,3,2026-05-30,"wk inc flu hosp","quantile",0.5,3.39887780097853
"56",2026-05-09,3,2026-05-30,"wk inc flu hosp","quantile",0.55,4.27578935753086
"56",2026-05-09,3,2026-05-30,"wk inc flu hosp","quantile",0.6,5.4290661761022
"56",2026-05-09,3,2026-05-30,"wk inc flu hosp","quantile",0.65,6.51425050920329
"56",2026-05-09,3,2026-05-30,"wk inc flu hosp","quantile",0.7,7.94294149760855
"56",2026-05-09,3,2026-05-30,"wk inc flu hosp","quantile",0.75,9.96063102499479
"56",2026-05-09,3,2026-05-30,"wk inc flu hosp","quantile",0.8,12.190649638041
"56",2026-05-09,3,2026-05-30,"wk inc flu hosp","quantile",0.85,16.2789737361666
"56",2026-05-09,3,2026-05-30,"wk inc flu hosp","quantile",0.9,21.7968427536347
"56",2026-05-09,3,2026-05-30,"wk inc flu hosp","quantile",0.95,32.1135959468697
"56",2026-05-09,3,2026-05-30,"wk inc flu hosp","quantile",0.975,42.770088158679
"56",2026-05-09,3,2026-05-30,"wk inc flu hosp","quantile",0.99,57.485852576948
"72",2026-05-09,0,2026-05-09,"wk inc flu hosp","quantile",0.01,46.990746534459
"72",2026-05-09,0,2026-05-09,"wk inc flu hosp","quantile",0.025,57.7136953130769
"72",2026-05-09,0,2026-05-09,"wk inc flu hosp","quantile",0.05,64.7655206953529
"72",2026-05-09,0,2026-05-09,"wk inc flu hosp","quantile",0.1,72.0998126837147
"72",2026-05-09,0,2026-05-09,"wk inc flu hosp","quantile",0.15,77.8795798333945
"72",2026-05-09,0,2026-05-09,"wk inc flu hosp","quantile",0.2,82.3301994603641
"72",2026-05-09,0,2026-05-09,"wk inc flu hosp","quantile",0.25,85.9540883286633
"72",2026-05-09,0,2026-05-09,"wk inc flu hosp","quantile",0.3,89.5708563095035
"72",2026-05-09,0,2026-05-09,"wk inc flu hosp","quantile",0.35,93.5898409940602
"72",2026-05-09,0,2026-05-09,"wk inc flu hosp","quantile",0.4,96.8519617486678
"72",2026-05-09,0,2026-05-09,"wk inc flu hosp","quantile",0.45,100.613527605906
"72",2026-05-09,0,2026-05-09,"wk inc flu hosp","quantile",0.5,104.193143224071
"72",2026-05-09,0,2026-05-09,"wk inc flu hosp","quantile",0.55,108.078820444898
"72",2026-05-09,0,2026-05-09,"wk inc flu hosp","quantile",0.6,113.120616057214
"72",2026-05-09,0,2026-05-09,"wk inc flu hosp","quantile",0.65,117.686743241184
"72",2026-05-09,0,2026-05-09,"wk inc flu hosp","quantile",0.7,123.748455682061
"72",2026-05-09,0,2026-05-09,"wk inc flu hosp","quantile",0.75,129.516737898133
"72",2026-05-09,0,2026-05-09,"wk inc flu hosp","quantile",0.8,136.520529668354
"72",2026-05-09,0,2026-05-09,"wk inc flu hosp","quantile",0.85,145.077900537731
"72",2026-05-09,0,2026-05-09,"wk inc flu hosp","quantile",0.9,155.992066363076
"72",2026-05-09,0,2026-05-09,"wk inc flu hosp","quantile",0.95,169.372779603078
"72",2026-05-09,0,2026-05-09,"wk inc flu hosp","quantile",0.975,180.692400846829
"72",2026-05-09,0,2026-05-09,"wk inc flu hosp","quantile",0.99,201.368486079865
"72",2026-05-09,1,2026-05-16,"wk inc flu hosp","quantile",0.01,30.3772859870817
"72",2026-05-09,1,2026-05-16,"wk inc flu hosp","quantile",0.025,42.8051635865911
"72",2026-05-09,1,2026-05-16,"wk inc flu hosp","quantile",0.05,51.2660050372778
"72",2026-05-09,1,2026-05-16,"wk inc flu hosp","quantile",0.1,60.900086624854
"72",2026-05-09,1,2026-05-16,"wk inc flu hosp","quantile",0.15,68.2474763375697
"72",2026-05-09,1,2026-05-16,"wk inc flu hosp","quantile",0.2,74.4305919906541
"72",2026-05-09,1,2026-05-16,"wk inc flu hosp","quantile",0.25,80.2126497898854
"72",2026-05-09,1,2026-05-16,"wk inc flu hosp","quantile",0.3,84.9287205379954
"72",2026-05-09,1,2026-05-16,"wk inc flu hosp","quantile",0.35,89.4781563321312
"72",2026-05-09,1,2026-05-16,"wk inc flu hosp","quantile",0.4,94.1643028767147
"72",2026-05-09,1,2026-05-16,"wk inc flu hosp","quantile",0.45,99.2447448522065
"72",2026-05-09,1,2026-05-16,"wk inc flu hosp","quantile",0.5,105.613717873788
"72",2026-05-09,1,2026-05-16,"wk inc flu hosp","quantile",0.55,112.041142262865
"72",2026-05-09,1,2026-05-16,"wk inc flu hosp","quantile",0.6,118.217165301794
"72",2026-05-09,1,2026-05-16,"wk inc flu hosp","quantile",0.65,124.684507428911
"72",2026-05-09,1,2026-05-16,"wk inc flu hosp","quantile",0.7,133.006784756898
"72",2026-05-09,1,2026-05-16,"wk inc flu hosp","quantile",0.75,141.981064808622
"72",2026-05-09,1,2026-05-16,"wk inc flu hosp","quantile",0.8,152.231281933096
"72",2026-05-09,1,2026-05-16,"wk inc flu hosp","quantile",0.85,164.223748540779
"72",2026-05-09,1,2026-05-16,"wk inc flu hosp","quantile",0.9,182.115748281194
"72",2026-05-09,1,2026-05-16,"wk inc flu hosp","quantile",0.95,208.521756783259
"72",2026-05-09,1,2026-05-16,"wk inc flu hosp","quantile",0.975,231.565907549856
"72",2026-05-09,1,2026-05-16,"wk inc flu hosp","quantile",0.99,277.508709501933
"72",2026-05-09,2,2026-05-23,"wk inc flu hosp","quantile",0.01,23.0368122100192
"72",2026-05-09,2,2026-05-23,"wk inc flu hosp","quantile",0.025,33.89655100156
"72",2026-05-09,2,2026-05-23,"wk inc flu hosp","quantile",0.05,40.9875329884783
"72",2026-05-09,2,2026-05-23,"wk inc flu hosp","quantile",0.1,51.532346121722
"72",2026-05-09,2,2026-05-23,"wk inc flu hosp","quantile",0.15,59.1835002156302
"72",2026-05-09,2,2026-05-23,"wk inc flu hosp","quantile",0.2,66.6763152733707
"72",2026-05-09,2,2026-05-23,"wk inc flu hosp","quantile",0.25,72.5651318974847
"72",2026-05-09,2,2026-05-23,"wk inc flu hosp","quantile",0.3,79.2831057723677
"72",2026-05-09,2,2026-05-23,"wk inc flu hosp","quantile",0.35,85.5661599758441
"72",2026-05-09,2,2026-05-23,"wk inc flu hosp","quantile",0.4,92.5127123881128
"72",2026-05-09,2,2026-05-23,"wk inc flu hosp","quantile",0.45,99.0571166434614
"72",2026-05-09,2,2026-05-23,"wk inc flu hosp","quantile",0.5,106.682192227787
"72",2026-05-09,2,2026-05-23,"wk inc flu hosp","quantile",0.55,113.873664030965
"72",2026-05-09,2,2026-05-23,"wk inc flu hosp","quantile",0.6,122.083156581703
"72",2026-05-09,2,2026-05-23,"wk inc flu hosp","quantile",0.65,130.967364588176
"72",2026-05-09,2,2026-05-23,"wk inc flu hosp","quantile",0.7,142.74331908366
"72",2026-05-09,2,2026-05-23,"wk inc flu hosp","quantile",0.75,154.647291317665
"72",2026-05-09,2,2026-05-23,"wk inc flu hosp","quantile",0.8,165.189730177922
"72",2026-05-09,2,2026-05-23,"wk inc flu hosp","quantile",0.85,180.917637419051
"72",2026-05-09,2,2026-05-23,"wk inc flu hosp","quantile",0.9,206.660544051713
"72",2026-05-09,2,2026-05-23,"wk inc flu hosp","quantile",0.95,246.672150163393
"72",2026-05-09,2,2026-05-23,"wk inc flu hosp","quantile",0.975,288.846215806233
"72",2026-05-09,2,2026-05-23,"wk inc flu hosp","quantile",0.99,337.253669243584
"72",2026-05-09,3,2026-05-30,"wk inc flu hosp","quantile",0.01,18.2457787837375
"72",2026-05-09,3,2026-05-30,"wk inc flu hosp","quantile",0.025,26.098843882059
"72",2026-05-09,3,2026-05-30,"wk inc flu hosp","quantile",0.05,32.5885745318622
"72",2026-05-09,3,2026-05-30,"wk inc flu hosp","quantile",0.1,44.405944404706
"72",2026-05-09,3,2026-05-30,"wk inc flu hosp","quantile",0.15,52.9261129772051
"72",2026-05-09,3,2026-05-30,"wk inc flu hosp","quantile",0.2,60.4150404233042
"72",2026-05-09,3,2026-05-30,"wk inc flu hosp","quantile",0.25,67.9872311982702
"72",2026-05-09,3,2026-05-30,"wk inc flu hosp","quantile",0.3,74.1791942692022
"72",2026-05-09,3,2026-05-30,"wk inc flu hosp","quantile",0.35,81.2041801347497
"72",2026-05-09,3,2026-05-30,"wk inc flu hosp","quantile",0.4,89.0304351151029
"72",2026-05-09,3,2026-05-30,"wk inc flu hosp","quantile",0.45,96.132387992908
"72",2026-05-09,3,2026-05-30,"wk inc flu hosp","quantile",0.5,104.19977019554
"72",2026-05-09,3,2026-05-30,"wk inc flu hosp","quantile",0.55,114.499360270991
"72",2026-05-09,3,2026-05-30,"wk inc flu hosp","quantile",0.6,124.625547503818
"72",2026-05-09,3,2026-05-30,"wk inc flu hosp","quantile",0.65,135.465684992635
"72",2026-05-09,3,2026-05-30,"wk inc flu hosp","quantile",0.7,148.465756928727
"72",2026-05-09,3,2026-05-30,"wk inc flu hosp","quantile",0.75,164.706359996001
"72",2026-05-09,3,2026-05-30,"wk inc flu hosp","quantile",0.8,180.869307779014
"72",2026-05-09,3,2026-05-30,"wk inc flu hosp","quantile",0.85,198.975109535272
"72",2026-05-09,3,2026-05-30,"wk inc flu hosp","quantile",0.9,228.693199389963
"72",2026-05-09,3,2026-05-30,"wk inc flu hosp","quantile",0.95,277.70421970092
"72",2026-05-09,3,2026-05-30,"wk inc flu hosp","quantile",0.975,327.330592822813
"72",2026-05-09,3,2026-05-30,"wk inc flu hosp","quantile",0.99,412.182847646804
"US",2026-05-09,0,2026-05-09,"wk inc flu hosp","quantile",0.01,729.87083346482
"US",2026-05-09,0,2026-05-09,"wk inc flu hosp","quantile",0.025,925.813244683152
"US",2026-05-09,0,2026-05-09,"wk inc flu hosp","quantile",0.05,1001.37001802698
"US",2026-05-09,0,2026-05-09,"wk inc flu hosp","quantile",0.1,1085.0906490543
"US",2026-05-09,0,2026-05-09,"wk inc flu hosp","quantile",0.15,1153.31853138875
"US",2026-05-09,0,2026-05-09,"wk inc flu hosp","quantile",0.2,1213.14188167569
"US",2026-05-09,0,2026-05-09,"wk inc flu hosp","quantile",0.25,1264.38941938578
"US",2026-05-09,0,2026-05-09,"wk inc flu hosp","quantile",0.3,1312.69840708111
"US",2026-05-09,0,2026-05-09,"wk inc flu hosp","quantile",0.35,1360.13667125867
"US",2026-05-09,0,2026-05-09,"wk inc flu hosp","quantile",0.4,1409.41028659636
"US",2026-05-09,0,2026-05-09,"wk inc flu hosp","quantile",0.45,1443.86626111552
"US",2026-05-09,0,2026-05-09,"wk inc flu hosp","quantile",0.5,1480.3543768045
"US",2026-05-09,0,2026-05-09,"wk inc flu hosp","quantile",0.55,1515.61132747264
"US",2026-05-09,0,2026-05-09,"wk inc flu hosp","quantile",0.6,1551.48893911052
"US",2026-05-09,0,2026-05-09,"wk inc flu hosp","quantile",0.65,1592.04886696705
"US",2026-05-09,0,2026-05-09,"wk inc flu hosp","quantile",0.7,1635.45959163977
"US",2026-05-09,0,2026-05-09,"wk inc flu hosp","quantile",0.75,1682.61419458873
"US",2026-05-09,0,2026-05-09,"wk inc flu hosp","quantile",0.8,1736.52845310601
"US",2026-05-09,0,2026-05-09,"wk inc flu hosp","quantile",0.85,1798.32135762711
"US",2026-05-09,0,2026-05-09,"wk inc flu hosp","quantile",0.9,1895.91210872934
"US",2026-05-09,0,2026-05-09,"wk inc flu hosp","quantile",0.95,2029.49993291095
"US",2026-05-09,0,2026-05-09,"wk inc flu hosp","quantile",0.975,2175.28250187195
"US",2026-05-09,0,2026-05-09,"wk inc flu hosp","quantile",0.99,2443.94743829492
"US",2026-05-09,1,2026-05-16,"wk inc flu hosp","quantile",0.01,490.896695989963
"US",2026-05-09,1,2026-05-16,"wk inc flu hosp","quantile",0.025,709.076743406963
"US",2026-05-09,1,2026-05-16,"wk inc flu hosp","quantile",0.05,829.100604982241
"US",2026-05-09,1,2026-05-16,"wk inc flu hosp","quantile",0.1,936.387868670382
"US",2026-05-09,1,2026-05-16,"wk inc flu hosp","quantile",0.15,1033.8236317051
"US",2026-05-09,1,2026-05-16,"wk inc flu hosp","quantile",0.2,1118.92882339556
"US",2026-05-09,1,2026-05-16,"wk inc flu hosp","quantile",0.25,1183.92638775558
"US",2026-05-09,1,2026-05-16,"wk inc flu hosp","quantile",0.3,1235.87773208102
"US",2026-05-09,1,2026-05-16,"wk inc flu hosp","quantile",0.35,1304.09953670045
"US",2026-05-09,1,2026-05-16,"wk inc flu hosp","quantile",0.4,1367.40724405005
"US",2026-05-09,1,2026-05-16,"wk inc flu hosp","quantile",0.45,1419.37728860663
"US",2026-05-09,1,2026-05-16,"wk inc flu hosp","quantile",0.5,1476.05456030136
"US",2026-05-09,1,2026-05-16,"wk inc flu hosp","quantile",0.55,1545.63118882905
"US",2026-05-09,1,2026-05-16,"wk inc flu hosp","quantile",0.6,1607.19632088978
"US",2026-05-09,1,2026-05-16,"wk inc flu hosp","quantile",0.65,1675.83052253156
"US",2026-05-09,1,2026-05-16,"wk inc flu hosp","quantile",0.7,1749.43250109701
"US",2026-05-09,1,2026-05-16,"wk inc flu hosp","quantile",0.75,1848.78530035411
"US",2026-05-09,1,2026-05-16,"wk inc flu hosp","quantile",0.8,1968.98847178474
"US",2026-05-09,1,2026-05-16,"wk inc flu hosp","quantile",0.85,2074.65773818791
"US",2026-05-09,1,2026-05-16,"wk inc flu hosp","quantile",0.9,2245.06848302722
"US",2026-05-09,1,2026-05-16,"wk inc flu hosp","quantile",0.95,2447.94507769334
"US",2026-05-09,1,2026-05-16,"wk inc flu hosp","quantile",0.975,2673.2039561302
"US",2026-05-09,1,2026-05-16,"wk inc flu hosp","quantile",0.99,3040.3538184845
"US",2026-05-09,2,2026-05-23,"wk inc flu hosp","quantile",0.01,422.831098491636
"US",2026-05-09,2,2026-05-23,"wk inc flu hosp","quantile",0.025,589.795085580167
"US",2026-05-09,2,2026-05-23,"wk inc flu hosp","quantile",0.05,682.751008729178
"US",2026-05-09,2,2026-05-23,"wk inc flu hosp","quantile",0.1,862.308160308538
"US",2026-05-09,2,2026-05-23,"wk inc flu hosp","quantile",0.15,990.972108409441
"US",2026-05-09,2,2026-05-23,"wk inc flu hosp","quantile",0.2,1075.68324448235
"US",2026-05-09,2,2026-05-23,"wk inc flu hosp","quantile",0.25,1164.66391754905
"US",2026-05-09,2,2026-05-23,"wk inc flu hosp","quantile",0.3,1243.3447527657
"US",2026-05-09,2,2026-05-23,"wk inc flu hosp","quantile",0.35,1313.19926928968
"US",2026-05-09,2,2026-05-23,"wk inc flu hosp","quantile",0.4,1387.44012448961
"US",2026-05-09,2,2026-05-23,"wk inc flu hosp","quantile",0.45,1480.86275509592
"US",2026-05-09,2,2026-05-23,"wk inc flu hosp","quantile",0.5,1554.32145780889
"US",2026-05-09,2,2026-05-23,"wk inc flu hosp","quantile",0.55,1643.90247123464
"US",2026-05-09,2,2026-05-23,"wk inc flu hosp","quantile",0.6,1714.26506648504
"US",2026-05-09,2,2026-05-23,"wk inc flu hosp","quantile",0.65,1818.8440121008
"US",2026-05-09,2,2026-05-23,"wk inc flu hosp","quantile",0.7,1931.28551128515
"US",2026-05-09,2,2026-05-23,"wk inc flu hosp","quantile",0.75,2049.65022816905
"US",2026-05-09,2,2026-05-23,"wk inc flu hosp","quantile",0.8,2208.97479904219
"US",2026-05-09,2,2026-05-23,"wk inc flu hosp","quantile",0.85,2388.30754547934
"US",2026-05-09,2,2026-05-23,"wk inc flu hosp","quantile",0.9,2613.85955860349
"US",2026-05-09,2,2026-05-23,"wk inc flu hosp","quantile",0.95,3005.17647440083
"US",2026-05-09,2,2026-05-23,"wk inc flu hosp","quantile",0.975,3364.37776684325
"US",2026-05-09,2,2026-05-23,"wk inc flu hosp","quantile",0.99,3985.30213609068
"US",2026-05-09,3,2026-05-30,"wk inc flu hosp","quantile",0.01,398.913954275667
"US",2026-05-09,3,2026-05-30,"wk inc flu hosp","quantile",0.025,500.487306995466
"US",2026-05-09,3,2026-05-30,"wk inc flu hosp","quantile",0.05,633.415940831977
"US",2026-05-09,3,2026-05-30,"wk inc flu hosp","quantile",0.1,821.737539898594
"US",2026-05-09,3,2026-05-30,"wk inc flu hosp","quantile",0.15,960.064997665651
"US",2026-05-09,3,2026-05-30,"wk inc flu hosp","quantile",0.2,1081.60927124557
"US",2026-05-09,3,2026-05-30,"wk inc flu hosp","quantile",0.25,1189.04757614797
"US",2026-05-09,3,2026-05-30,"wk inc flu hosp","quantile",0.3,1292.68615119078
"US",2026-05-09,3,2026-05-30,"wk inc flu hosp","quantile",0.35,1379.09059714907
"US",2026-05-09,3,2026-05-30,"wk inc flu hosp","quantile",0.4,1457.50428913866
"US",2026-05-09,3,2026-05-30,"wk inc flu hosp","quantile",0.45,1560.828207699
"US",2026-05-09,3,2026-05-30,"wk inc flu hosp","quantile",0.5,1648.08676021352
"US",2026-05-09,3,2026-05-30,"wk inc flu hosp","quantile",0.55,1746.63111441944
"US",2026-05-09,3,2026-05-30,"wk inc flu hosp","quantile",0.6,1842.33809167513
"US",2026-05-09,3,2026-05-30,"wk inc flu hosp","quantile",0.65,1973.2059515531
"US",2026-05-09,3,2026-05-30,"wk inc flu hosp","quantile",0.7,2119.71279383496
"US",2026-05-09,3,2026-05-30,"wk inc flu hosp","quantile",0.75,2302.96150756867
"US",2026-05-09,3,2026-05-30,"wk inc flu hosp","quantile",0.8,2526.88594306509
"US",2026-05-09,3,2026-05-30,"wk inc flu hosp","quantile",0.85,2722.5044410021
"US",2026-05-09,3,2026-05-30,"wk inc flu hosp","quantile",0.9,3081.39697766054
"US",2026-05-09,3,2026-05-30,"wk inc flu hosp","quantile",0.95,3624.32200939407
"US",2026-05-09,3,2026-05-30,"wk inc flu hosp","quantile",0.975,4044.1654378409
"US",2026-05-09,3,2026-05-30,"wk inc flu hosp","quantile",0.99,4997.56840032414
