model_id,location,horizon,target_end_date,reference_date,target,output_type,output_type_id,value
UMass-flusion_spatial2,01,0,2023-12-30,2023-12-30,wk inc flu hosp,quantile,0.01,164.23388361774101
UMass-flusion_spatial2,01,0,2023-12-30,2023-12-30,wk inc flu hosp,quantile,0.025,187.24801879569196
UMass-flusion_spatial2,01,0,2023-12-30,2023-12-30,wk inc flu hosp,quantile,0.05,203.30028121458946
UMass-flusion_spatial2,01,0,2023-12-30,2023-12-30,wk inc flu hosp,quantile,0.1,225.42105265603334
UMass-flusion_spatial2,01,0,2023-12-30,2023-12-30,wk inc flu hosp,quantile,0.15,244.56988981591704
UMass-flusion_spatial2,01,0,2023-12-30,2023-12-30,wk inc flu hosp,quantile,0.2,259.5236487437167
UMass-flusion_spatial2,01,0,2023-12-30,2023-12-30,wk inc flu hosp,quantile,0.25,270.7161531092723
UMass-flusion_spatial2,01,0,2023-12-30,2023-12-30,wk inc flu hosp,quantile,0.3,279.65716223491546
UMass-flusion_spatial2,01,0,2023-12-30,2023-12-30,wk inc flu hosp,quantile,0.35,283.62792798569217
UMass-flusion_spatial2,01,0,2023-12-30,2023-12-30,wk inc flu hosp,quantile,0.4,290.9170893020937
UMass-flusion_spatial2,01,0,2023-12-30,2023-12-30,wk inc flu hosp,quantile,0.45,300.9060157306897
UMass-flusion_spatial2,01,0,2023-12-30,2023-12-30,wk inc flu hosp,quantile,0.5,308.26576475739773
UMass-flusion_spatial2,01,0,2023-12-30,2023-12-30,wk inc flu hosp,quantile,0.55,318.4758893746217
UMass-flusion_spatial2,01,0,2023-12-30,2023-12-30,wk inc flu hosp,quantile,0.6,330.9713950644213
UMass-flusion_spatial2,01,0,2023-12-30,2023-12-30,wk inc flu hosp,quantile,0.65,346.47390661478926
UMass-flusion_spatial2,01,0,2023-12-30,2023-12-30,wk inc flu hosp,quantile,0.7,357.1036809572381
UMass-flusion_spatial2,01,0,2023-12-30,2023-12-30,wk inc flu hosp,quantile,0.75,368.35842840199126
UMass-flusion_spatial2,01,0,2023-12-30,2023-12-30,wk inc flu hosp,quantile,0.8,380.60184305057896
UMass-flusion_spatial2,01,0,2023-12-30,2023-12-30,wk inc flu hosp,quantile,0.85,394.9167671378216
UMass-flusion_spatial2,01,0,2023-12-30,2023-12-30,wk inc flu hosp,quantile,0.9,407.19575985605
UMass-flusion_spatial2,01,0,2023-12-30,2023-12-30,wk inc flu hosp,quantile,0.95,435.19034693790525
UMass-flusion_spatial2,01,0,2023-12-30,2023-12-30,wk inc flu hosp,quantile,0.975,464.0364911101399
UMass-flusion_spatial2,01,0,2023-12-30,2023-12-30,wk inc flu hosp,quantile,0.99,506.9914361367572
UMass-flusion_spatial2,01,1,2024-01-06,2023-12-30,wk inc flu hosp,quantile,0.01,139.71626451219043
UMass-flusion_spatial2,01,1,2024-01-06,2023-12-30,wk inc flu hosp,quantile,0.025,164.67089664753917
UMass-flusion_spatial2,01,1,2024-01-06,2023-12-30,wk inc flu hosp,quantile,0.05,185.5310743204227
UMass-flusion_spatial2,01,1,2024-01-06,2023-12-30,wk inc flu hosp,quantile,0.1,211.73483318480692
UMass-flusion_spatial2,01,1,2024-01-06,2023-12-30,wk inc flu hosp,quantile,0.15,233.44601794181148
UMass-flusion_spatial2,01,1,2024-01-06,2023-12-30,wk inc flu hosp,quantile,0.2,250.98816701086878
UMass-flusion_spatial2,01,1,2024-01-06,2023-12-30,wk inc flu hosp,quantile,0.25,264.42133597479193
UMass-flusion_spatial2,01,1,2024-01-06,2023-12-30,wk inc flu hosp,quantile,0.3,277.91672006083445
UMass-flusion_spatial2,01,1,2024-01-06,2023-12-30,wk inc flu hosp,quantile,0.35,285.0950958084501
UMass-flusion_spatial2,01,1,2024-01-06,2023-12-30,wk inc flu hosp,quantile,0.4,292.860849299841
UMass-flusion_spatial2,01,1,2024-01-06,2023-12-30,wk inc flu hosp,quantile,0.45,306.97363566516015
UMass-flusion_spatial2,01,1,2024-01-06,2023-12-30,wk inc flu hosp,quantile,0.5,317.09526893399544
UMass-flusion_spatial2,01,1,2024-01-06,2023-12-30,wk inc flu hosp,quantile,0.55,329.54163277899943
UMass-flusion_spatial2,01,1,2024-01-06,2023-12-30,wk inc flu hosp,quantile,0.6,342.0134535164541
UMass-flusion_spatial2,01,1,2024-01-06,2023-12-30,wk inc flu hosp,quantile,0.65,359.4625569877911
UMass-flusion_spatial2,01,1,2024-01-06,2023-12-30,wk inc flu hosp,quantile,0.7,376.9192815590722
UMass-flusion_spatial2,01,1,2024-01-06,2023-12-30,wk inc flu hosp,quantile,0.75,393.880621539298
UMass-flusion_spatial2,01,1,2024-01-06,2023-12-30,wk inc flu hosp,quantile,0.8,415.1237510613397
UMass-flusion_spatial2,01,1,2024-01-06,2023-12-30,wk inc flu hosp,quantile,0.85,441.81484054005307
UMass-flusion_spatial2,01,1,2024-01-06,2023-12-30,wk inc flu hosp,quantile,0.9,469.9176304129294
UMass-flusion_spatial2,01,1,2024-01-06,2023-12-30,wk inc flu hosp,quantile,0.95,519.7275760688062
UMass-flusion_spatial2,01,1,2024-01-06,2023-12-30,wk inc flu hosp,quantile,0.975,562.4702716648037
UMass-flusion_spatial2,01,1,2024-01-06,2023-12-30,wk inc flu hosp,quantile,0.99,628.2192415850197
UMass-flusion_spatial2,01,2,2024-01-13,2023-12-30,wk inc flu hosp,quantile,0.01,111.13333422329922
UMass-flusion_spatial2,01,2,2024-01-13,2023-12-30,wk inc flu hosp,quantile,0.025,136.96442646660208
UMass-flusion_spatial2,01,2,2024-01-13,2023-12-30,wk inc flu hosp,quantile,0.05,159.55863173495916
UMass-flusion_spatial2,01,2,2024-01-13,2023-12-30,wk inc flu hosp,quantile,0.1,188.83208511245465
UMass-flusion_spatial2,01,2,2024-01-13,2023-12-30,wk inc flu hosp,quantile,0.15,214.56555187056966
UMass-flusion_spatial2,01,2,2024-01-13,2023-12-30,wk inc flu hosp,quantile,0.2,230.41879641452192
UMass-flusion_spatial2,01,2,2024-01-13,2023-12-30,wk inc flu hosp,quantile,0.25,248.42263340896943
UMass-flusion_spatial2,01,2,2024-01-13,2023-12-30,wk inc flu hosp,quantile,0.3,264.4240786277092
UMass-flusion_spatial2,01,2,2024-01-13,2023-12-30,wk inc flu hosp,quantile,0.35,271.49777025792156
UMass-flusion_spatial2,01,2,2024-01-13,2023-12-30,wk inc flu hosp,quantile,0.4,282.5106139691937
UMass-flusion_spatial2,01,2,2024-01-13,2023-12-30,wk inc flu hosp,quantile,0.45,299.96905118611505
UMass-flusion_spatial2,01,2,2024-01-13,2023-12-30,wk inc flu hosp,quantile,0.5,312.44205592233595
UMass-flusion_spatial2,01,2,2024-01-13,2023-12-30,wk inc flu hosp,quantile,0.55,327.39164498455773
UMass-flusion_spatial2,01,2,2024-01-13,2023-12-30,wk inc flu hosp,quantile,0.6,338.579068363444
UMass-flusion_spatial2,01,2,2024-01-13,2023-12-30,wk inc flu hosp,quantile,0.65,358.50897672942335
UMass-flusion_spatial2,01,2,2024-01-13,2023-12-30,wk inc flu hosp,quantile,0.7,376.9034416730973
UMass-flusion_spatial2,01,2,2024-01-13,2023-12-30,wk inc flu hosp,quantile,0.75,393.53997824136934
UMass-flusion_spatial2,01,2,2024-01-13,2023-12-30,wk inc flu hosp,quantile,0.8,419.8484482629794
UMass-flusion_spatial2,01,2,2024-01-13,2023-12-30,wk inc flu hosp,quantile,0.85,449.6813771535872
UMass-flusion_spatial2,01,2,2024-01-13,2023-12-30,wk inc flu hosp,quantile,0.9,492.8683206126778
UMass-flusion_spatial2,01,2,2024-01-13,2023-12-30,wk inc flu hosp,quantile,0.95,566.2467383491828
UMass-flusion_spatial2,01,2,2024-01-13,2023-12-30,wk inc flu hosp,quantile,0.975,637.4124969004416
UMass-flusion_spatial2,01,2,2024-01-13,2023-12-30,wk inc flu hosp,quantile,0.99,737.3836650362373
UMass-flusion_spatial2,01,3,2024-01-20,2023-12-30,wk inc flu hosp,quantile,0.01,93.47920408267802
UMass-flusion_spatial2,01,3,2024-01-20,2023-12-30,wk inc flu hosp,quantile,0.025,116.43805898936085
UMass-flusion_spatial2,01,3,2024-01-20,2023-12-30,wk inc flu hosp,quantile,0.05,139.60213383319848
UMass-flusion_spatial2,01,3,2024-01-20,2023-12-30,wk inc flu hosp,quantile,0.1,169.19539294270623
UMass-flusion_spatial2,01,3,2024-01-20,2023-12-30,wk inc flu hosp,quantile,0.15,195.54194608287983
UMass-flusion_spatial2,01,3,2024-01-20,2023-12-30,wk inc flu hosp,quantile,0.2,214.05849799282203
UMass-flusion_spatial2,01,3,2024-01-20,2023-12-30,wk inc flu hosp,quantile,0.25,233.43350303792084
UMass-flusion_spatial2,01,3,2024-01-20,2023-12-30,wk inc flu hosp,quantile,0.3,249.29210752989604
UMass-flusion_spatial2,01,3,2024-01-20,2023-12-30,wk inc flu hosp,quantile,0.35,258.4652971276703
UMass-flusion_spatial2,01,3,2024-01-20,2023-12-30,wk inc flu hosp,quantile,0.4,272.8983830839902
UMass-flusion_spatial2,01,3,2024-01-20,2023-12-30,wk inc flu hosp,quantile,0.45,290.548987647489
UMass-flusion_spatial2,01,3,2024-01-20,2023-12-30,wk inc flu hosp,quantile,0.5,305.16307276590766
UMass-flusion_spatial2,01,3,2024-01-20,2023-12-30,wk inc flu hosp,quantile,0.55,317.0217182917849
UMass-flusion_spatial2,01,3,2024-01-20,2023-12-30,wk inc flu hosp,quantile,0.6,330.9466304995125
UMass-flusion_spatial2,01,3,2024-01-20,2023-12-30,wk inc flu hosp,quantile,0.65,350.4469039296747
UMass-flusion_spatial2,01,3,2024-01-20,2023-12-30,wk inc flu hosp,quantile,0.7,369.00308370266504
UMass-flusion_spatial2,01,3,2024-01-20,2023-12-30,wk inc flu hosp,quantile,0.75,389.8549205090883
UMass-flusion_spatial2,01,3,2024-01-20,2023-12-30,wk inc flu hosp,quantile,0.8,422.75143736187795
UMass-flusion_spatial2,01,3,2024-01-20,2023-12-30,wk inc flu hosp,quantile,0.85,460.3250492128708
UMass-flusion_spatial2,01,3,2024-01-20,2023-12-30,wk inc flu hosp,quantile,0.9,512.6056672980415
UMass-flusion_spatial2,01,3,2024-01-20,2023-12-30,wk inc flu hosp,quantile,0.95,605.2633416838588
UMass-flusion_spatial2,01,3,2024-01-20,2023-12-30,wk inc flu hosp,quantile,0.975,698.2236105932459
UMass-flusion_spatial2,01,3,2024-01-20,2023-12-30,wk inc flu hosp,quantile,0.99,807.2756669991996
UMass-flusion_spatial2,02,0,2023-12-30,2023-12-30,wk inc flu hosp,quantile,0.01,0
UMass-flusion_spatial2,02,0,2023-12-30,2023-12-30,wk inc flu hosp,quantile,0.025,0
UMass-flusion_spatial2,02,0,2023-12-30,2023-12-30,wk inc flu hosp,quantile,0.05,0
UMass-flusion_spatial2,02,0,2023-12-30,2023-12-30,wk inc flu hosp,quantile,0.1,0.28630881436158456
UMass-flusion_spatial2,02,0,2023-12-30,2023-12-30,wk inc flu hosp,quantile,0.15,0.5800437738409663
UMass-flusion_spatial2,02,0,2023-12-30,2023-12-30,wk inc flu hosp,quantile,0.2,0.755163586155076
UMass-flusion_spatial2,02,0,2023-12-30,2023-12-30,wk inc flu hosp,quantile,0.25,0.9110840110578858
UMass-flusion_spatial2,02,0,2023-12-30,2023-12-30,wk inc flu hosp,quantile,0.3,1.0612252151823096
UMass-flusion_spatial2,02,0,2023-12-30,2023-12-30,wk inc flu hosp,quantile,0.35,1.27729128357121
UMass-flusion_spatial2,02,0,2023-12-30,2023-12-30,wk inc flu hosp,quantile,0.4,1.6008266720749345
UMass-flusion_spatial2,02,0,2023-12-30,2023-12-30,wk inc flu hosp,quantile,0.45,1.970527030564218
UMass-flusion_spatial2,02,0,2023-12-30,2023-12-30,wk inc flu hosp,quantile,0.5,2.350274187436786
UMass-flusion_spatial2,02,0,2023-12-30,2023-12-30,wk inc flu hosp,quantile,0.55,2.7291975647066575
UMass-flusion_spatial2,02,0,2023-12-30,2023-12-30,wk inc flu hosp,quantile,0.6,3.075102619066983
UMass-flusion_spatial2,02,0,2023-12-30,2023-12-30,wk inc flu hosp,quantile,0.65,3.3910402081802227
UMass-flusion_spatial2,02,0,2023-12-30,2023-12-30,wk inc flu hosp,quantile,0.7,3.6903105502331943
UMass-flusion_spatial2,02,0,2023-12-30,2023-12-30,wk inc flu hosp,quantile,0.75,4.1519025731054535
UMass-flusion_spatial2,02,0,2023-12-30,2023-12-30,wk inc flu hosp,quantile,0.8,4.832927005601183
UMass-flusion_spatial2,02,0,2023-12-30,2023-12-30,wk inc flu hosp,quantile,0.85,5.472304890946302
UMass-flusion_spatial2,02,0,2023-12-30,2023-12-30,wk inc flu hosp,quantile,0.9,6.509520751158503
UMass-flusion_spatial2,02,0,2023-12-30,2023-12-30,wk inc flu hosp,quantile,0.95,8.154732237256525
UMass-flusion_spatial2,02,0,2023-12-30,2023-12-30,wk inc flu hosp,quantile,0.975,9.80229596599132
UMass-flusion_spatial2,02,0,2023-12-30,2023-12-30,wk inc flu hosp,quantile,0.99,11.027759884867208
UMass-flusion_spatial2,02,1,2024-01-06,2023-12-30,wk inc flu hosp,quantile,0.01,0
UMass-flusion_spatial2,02,1,2024-01-06,2023-12-30,wk inc flu hosp,quantile,0.025,0
UMass-flusion_spatial2,02,1,2024-01-06,2023-12-30,wk inc flu hosp,quantile,0.05,0
UMass-flusion_spatial2,02,1,2024-01-06,2023-12-30,wk inc flu hosp,quantile,0.1,0.2263993790982232
UMass-flusion_spatial2,02,1,2024-01-06,2023-12-30,wk inc flu hosp,quantile,0.15,0.5005522190692612
UMass-flusion_spatial2,02,1,2024-01-06,2023-12-30,wk inc flu hosp,quantile,0.2,0.690948586821754
UMass-flusion_spatial2,02,1,2024-01-06,2023-12-30,wk inc flu hosp,quantile,0.25,0.8508173472222051
UMass-flusion_spatial2,02,1,2024-01-06,2023-12-30,wk inc flu hosp,quantile,0.3,0.9877970163204358
UMass-flusion_spatial2,02,1,2024-01-06,2023-12-30,wk inc flu hosp,quantile,0.35,1.0820408299123176
UMass-flusion_spatial2,02,1,2024-01-06,2023-12-30,wk inc flu hosp,quantile,0.4,1.3493920874189946
UMass-flusion_spatial2,02,1,2024-01-06,2023-12-30,wk inc flu hosp,quantile,0.45,1.6234904670209689
UMass-flusion_spatial2,02,1,2024-01-06,2023-12-30,wk inc flu hosp,quantile,0.5,2.0115591206007664
UMass-flusion_spatial2,02,1,2024-01-06,2023-12-30,wk inc flu hosp,quantile,0.55,2.417249774519437
UMass-flusion_spatial2,02,1,2024-01-06,2023-12-30,wk inc flu hosp,quantile,0.6,2.8648147900001826
UMass-flusion_spatial2,02,1,2024-01-06,2023-12-30,wk inc flu hosp,quantile,0.65,3.309565718063612
UMass-flusion_spatial2,02,1,2024-01-06,2023-12-30,wk inc flu hosp,quantile,0.7,3.8726896366450267
UMass-flusion_spatial2,02,1,2024-01-06,2023-12-30,wk inc flu hosp,quantile,0.75,4.555281859036334
UMass-flusion_spatial2,02,1,2024-01-06,2023-12-30,wk inc flu hosp,quantile,0.8,5.239606194239708
UMass-flusion_spatial2,02,1,2024-01-06,2023-12-30,wk inc flu hosp,quantile,0.85,6.344119417587775
UMass-flusion_spatial2,02,1,2024-01-06,2023-12-30,wk inc flu hosp,quantile,0.9,8.103261167731537
UMass-flusion_spatial2,02,1,2024-01-06,2023-12-30,wk inc flu hosp,quantile,0.95,10.125710827019361
UMass-flusion_spatial2,02,1,2024-01-06,2023-12-30,wk inc flu hosp,quantile,0.975,12.996164158245342
UMass-flusion_spatial2,02,1,2024-01-06,2023-12-30,wk inc flu hosp,quantile,0.99,16.12585605176867
UMass-flusion_spatial2,02,2,2024-01-13,2023-12-30,wk inc flu hosp,quantile,0.01,0
UMass-flusion_spatial2,02,2,2024-01-13,2023-12-30,wk inc flu hosp,quantile,0.025,0
UMass-flusion_spatial2,02,2,2024-01-13,2023-12-30,wk inc flu hosp,quantile,0.05,0
UMass-flusion_spatial2,02,2,2024-01-13,2023-12-30,wk inc flu hosp,quantile,0.1,0.18029342175505658
UMass-flusion_spatial2,02,2,2024-01-13,2023-12-30,wk inc flu hosp,quantile,0.15,0.5008497530354157
UMass-flusion_spatial2,02,2,2024-01-13,2023-12-30,wk inc flu hosp,quantile,0.2,0.6662557077249498
UMass-flusion_spatial2,02,2,2024-01-13,2023-12-30,wk inc flu hosp,quantile,0.25,0.7769950316980283
UMass-flusion_spatial2,02,2,2024-01-13,2023-12-30,wk inc flu hosp,quantile,0.3,0.8791340578279597
UMass-flusion_spatial2,02,2,2024-01-13,2023-12-30,wk inc flu hosp,quantile,0.35,0.9725945833621475
UMass-flusion_spatial2,02,2,2024-01-13,2023-12-30,wk inc flu hosp,quantile,0.4,1.2831372707050646
UMass-flusion_spatial2,02,2,2024-01-13,2023-12-30,wk inc flu hosp,quantile,0.45,1.6047980478170558
UMass-flusion_spatial2,02,2,2024-01-13,2023-12-30,wk inc flu hosp,quantile,0.5,1.8737394890333992
UMass-flusion_spatial2,02,2,2024-01-13,2023-12-30,wk inc flu hosp,quantile,0.55,2.198116795093404
UMass-flusion_spatial2,02,2,2024-01-13,2023-12-30,wk inc flu hosp,quantile,0.6,2.747852859544507
UMass-flusion_spatial2,02,2,2024-01-13,2023-12-30,wk inc flu hosp,quantile,0.65,3.27432549345597
UMass-flusion_spatial2,02,2,2024-01-13,2023-12-30,wk inc flu hosp,quantile,0.7,3.9322195328181033
UMass-flusion_spatial2,02,2,2024-01-13,2023-12-30,wk inc flu hosp,quantile,0.75,4.82180703310888
UMass-flusion_spatial2,02,2,2024-01-13,2023-12-30,wk inc flu hosp,quantile,0.8,5.987735595321956
UMass-flusion_spatial2,02,2,2024-01-13,2023-12-30,wk inc flu hosp,quantile,0.85,7.332173481521043
UMass-flusion_spatial2,02,2,2024-01-13,2023-12-30,wk inc flu hosp,quantile,0.9,9.763321421587376
UMass-flusion_spatial2,02,2,2024-01-13,2023-12-30,wk inc flu hosp,quantile,0.95,12.493225787527741
UMass-flusion_spatial2,02,2,2024-01-13,2023-12-30,wk inc flu hosp,quantile,0.975,15.63444704552032
UMass-flusion_spatial2,02,2,2024-01-13,2023-12-30,wk inc flu hosp,quantile,0.99,22.266052805613466
UMass-flusion_spatial2,02,3,2024-01-20,2023-12-30,wk inc flu hosp,quantile,0.01,0
UMass-flusion_spatial2,02,3,2024-01-20,2023-12-30,wk inc flu hosp,quantile,0.025,0
UMass-flusion_spatial2,02,3,2024-01-20,2023-12-30,wk inc flu hosp,quantile,0.05,0
UMass-flusion_spatial2,02,3,2024-01-20,2023-12-30,wk inc flu hosp,quantile,0.1,0.14518951100572244
UMass-flusion_spatial2,02,3,2024-01-20,2023-12-30,wk inc flu hosp,quantile,0.15,0.4607098336221134
UMass-flusion_spatial2,02,3,2024-01-20,2023-12-30,wk inc flu hosp,quantile,0.2,0.6258532315765465
UMass-flusion_spatial2,02,3,2024-01-20,2023-12-30,wk inc flu hosp,quantile,0.25,0.7620396027701781
UMass-flusion_spatial2,02,3,2024-01-20,2023-12-30,wk inc flu hosp,quantile,0.3,0.8185269545053742
UMass-flusion_spatial2,02,3,2024-01-20,2023-12-30,wk inc flu hosp,quantile,0.35,0.951841381438432
UMass-flusion_spatial2,02,3,2024-01-20,2023-12-30,wk inc flu hosp,quantile,0.4,1.2435829762848245
UMass-flusion_spatial2,02,3,2024-01-20,2023-12-30,wk inc flu hosp,quantile,0.45,1.5406165241673915
UMass-flusion_spatial2,02,3,2024-01-20,2023-12-30,wk inc flu hosp,quantile,0.5,1.8531573679457747
UMass-flusion_spatial2,02,3,2024-01-20,2023-12-30,wk inc flu hosp,quantile,0.55,2.1692832317787927
UMass-flusion_spatial2,02,3,2024-01-20,2023-12-30,wk inc flu hosp,quantile,0.6,2.7498136989522415
UMass-flusion_spatial2,02,3,2024-01-20,2023-12-30,wk inc flu hosp,quantile,0.65,3.2742868898879594
UMass-flusion_spatial2,02,3,2024-01-20,2023-12-30,wk inc flu hosp,quantile,0.7,4.125484272219763
UMass-flusion_spatial2,02,3,2024-01-20,2023-12-30,wk inc flu hosp,quantile,0.75,5.184491571913863
UMass-flusion_spatial2,02,3,2024-01-20,2023-12-30,wk inc flu hosp,quantile,0.8,6.441998105859948
UMass-flusion_spatial2,02,3,2024-01-20,2023-12-30,wk inc flu hosp,quantile,0.85,8.134322472663756
UMass-flusion_spatial2,02,3,2024-01-20,2023-12-30,wk inc flu hosp,quantile,0.9,11.502272183827447
UMass-flusion_spatial2,02,3,2024-01-20,2023-12-30,wk inc flu hosp,quantile,0.95,16.068674546898613
UMass-flusion_spatial2,02,3,2024-01-20,2023-12-30,wk inc flu hosp,quantile,0.975,21.64180026738763
UMass-flusion_spatial2,02,3,2024-01-20,2023-12-30,wk inc flu hosp,quantile,0.99,29.902443179427454
UMass-flusion_spatial2,04,0,2023-12-30,2023-12-30,wk inc flu hosp,quantile,0.01,551.6388315861308
UMass-flusion_spatial2,04,0,2023-12-30,2023-12-30,wk inc flu hosp,quantile,0.025,601.851800326531
UMass-flusion_spatial2,04,0,2023-12-30,2023-12-30,wk inc flu hosp,quantile,0.05,662.9776564642857
UMass-flusion_spatial2,04,0,2023-12-30,2023-12-30,wk inc flu hosp,quantile,0.1,738.3601005394901
UMass-flusion_spatial2,04,0,2023-12-30,2023-12-30,wk inc flu hosp,quantile,0.15,785.1654680305901
UMass-flusion_spatial2,04,0,2023-12-30,2023-12-30,wk inc flu hosp,quantile,0.2,814.8111343454964
UMass-flusion_spatial2,04,0,2023-12-30,2023-12-30,wk inc flu hosp,quantile,0.25,845.7211286739671
UMass-flusion_spatial2,04,0,2023-12-30,2023-12-30,wk inc flu hosp,quantile,0.3,868.4382007894412
UMass-flusion_spatial2,04,0,2023-12-30,2023-12-30,wk inc flu hosp,quantile,0.35,891.5321257123342
UMass-flusion_spatial2,04,0,2023-12-30,2023-12-30,wk inc flu hosp,quantile,0.4,912.8959891923581
UMass-flusion_spatial2,04,0,2023-12-30,2023-12-30,wk inc flu hosp,quantile,0.45,936.7134432648115
UMass-flusion_spatial2,04,0,2023-12-30,2023-12-30,wk inc flu hosp,quantile,0.5,968.9811502650222
UMass-flusion_spatial2,04,0,2023-12-30,2023-12-30,wk inc flu hosp,quantile,0.55,996.6734978401932
UMass-flusion_spatial2,04,0,2023-12-30,2023-12-30,wk inc flu hosp,quantile,0.6,1034.555467953572
UMass-flusion_spatial2,04,0,2023-12-30,2023-12-30,wk inc flu hosp,quantile,0.65,1088.8608122466262
UMass-flusion_spatial2,04,0,2023-12-30,2023-12-30,wk inc flu hosp,quantile,0.7,1125.025551137729
UMass-flusion_spatial2,04,0,2023-12-30,2023-12-30,wk inc flu hosp,quantile,0.75,1139.938482412948
UMass-flusion_spatial2,04,0,2023-12-30,2023-12-30,wk inc flu hosp,quantile,0.8,1168.3617365876667
UMass-flusion_spatial2,04,0,2023-12-30,2023-12-30,wk inc flu hosp,quantile,0.85,1205.831138434445
UMass-flusion_spatial2,04,0,2023-12-30,2023-12-30,wk inc flu hosp,quantile,0.9,1245.26222916213
UMass-flusion_spatial2,04,0,2023-12-30,2023-12-30,wk inc flu hosp,quantile,0.95,1317.1182512225228
UMass-flusion_spatial2,04,0,2023-12-30,2023-12-30,wk inc flu hosp,quantile,0.975,1409.1439202043025
UMass-flusion_spatial2,04,0,2023-12-30,2023-12-30,wk inc flu hosp,quantile,0.99,1535.6741671706368
UMass-flusion_spatial2,04,1,2024-01-06,2023-12-30,wk inc flu hosp,quantile,0.01,466.9050560615005
UMass-flusion_spatial2,04,1,2024-01-06,2023-12-30,wk inc flu hosp,quantile,0.025,516.9044513743489
UMass-flusion_spatial2,04,1,2024-01-06,2023-12-30,wk inc flu hosp,quantile,0.05,581.8269904147518
UMass-flusion_spatial2,04,1,2024-01-06,2023-12-30,wk inc flu hosp,quantile,0.1,650.7886513498825
UMass-flusion_spatial2,04,1,2024-01-06,2023-12-30,wk inc flu hosp,quantile,0.15,714.1401481500243
UMass-flusion_spatial2,04,1,2024-01-06,2023-12-30,wk inc flu hosp,quantile,0.2,747.7431727942587
UMass-flusion_spatial2,04,1,2024-01-06,2023-12-30,wk inc flu hosp,quantile,0.25,784.9420630584455
UMass-flusion_spatial2,04,1,2024-01-06,2023-12-30,wk inc flu hosp,quantile,0.3,816.2152587989967
UMass-flusion_spatial2,04,1,2024-01-06,2023-12-30,wk inc flu hosp,quantile,0.35,842.680131380349
UMass-flusion_spatial2,04,1,2024-01-06,2023-12-30,wk inc flu hosp,quantile,0.4,880.5661952820553
UMass-flusion_spatial2,04,1,2024-01-06,2023-12-30,wk inc flu hosp,quantile,0.45,909.1241773669967
UMass-flusion_spatial2,04,1,2024-01-06,2023-12-30,wk inc flu hosp,quantile,0.5,949.2030527764518
UMass-flusion_spatial2,04,1,2024-01-06,2023-12-30,wk inc flu hosp,quantile,0.55,979.1659752299415
UMass-flusion_spatial2,04,1,2024-01-06,2023-12-30,wk inc flu hosp,quantile,0.6,1021.8215111119184
UMass-flusion_spatial2,04,1,2024-01-06,2023-12-30,wk inc flu hosp,quantile,0.65,1072.0430516414401
UMass-flusion_spatial2,04,1,2024-01-06,2023-12-30,wk inc flu hosp,quantile,0.7,1121.640763326526
UMass-flusion_spatial2,04,1,2024-01-06,2023-12-30,wk inc flu hosp,quantile,0.75,1146.2866395196293
UMass-flusion_spatial2,04,1,2024-01-06,2023-12-30,wk inc flu hosp,quantile,0.8,1200.4058796213287
UMass-flusion_spatial2,04,1,2024-01-06,2023-12-30,wk inc flu hosp,quantile,0.85,1256.9824114571466
UMass-flusion_spatial2,04,1,2024-01-06,2023-12-30,wk inc flu hosp,quantile,0.9,1346.8686401630803
UMass-flusion_spatial2,04,1,2024-01-06,2023-12-30,wk inc flu hosp,quantile,0.95,1474.218896599521
UMass-flusion_spatial2,04,1,2024-01-06,2023-12-30,wk inc flu hosp,quantile,0.975,1607.0660358374143
UMass-flusion_spatial2,04,1,2024-01-06,2023-12-30,wk inc flu hosp,quantile,0.99,1775.0820044628163
UMass-flusion_spatial2,04,2,2024-01-13,2023-12-30,wk inc flu hosp,quantile,0.01,367.32890278878455
UMass-flusion_spatial2,04,2,2024-01-13,2023-12-30,wk inc flu hosp,quantile,0.025,413.72136101015576
UMass-flusion_spatial2,04,2,2024-01-13,2023-12-30,wk inc flu hosp,quantile,0.05,485.9164068550002
UMass-flusion_spatial2,04,2,2024-01-13,2023-12-30,wk inc flu hosp,quantile,0.1,554.8259100267039
UMass-flusion_spatial2,04,2,2024-01-13,2023-12-30,wk inc flu hosp,quantile,0.15,596.0270240493795
UMass-flusion_spatial2,04,2,2024-01-13,2023-12-30,wk inc flu hosp,quantile,0.2,635.9802092288467
UMass-flusion_spatial2,04,2,2024-01-13,2023-12-30,wk inc flu hosp,quantile,0.25,674.7577473840573
UMass-flusion_spatial2,04,2,2024-01-13,2023-12-30,wk inc flu hosp,quantile,0.3,710.2913253268889
UMass-flusion_spatial2,04,2,2024-01-13,2023-12-30,wk inc flu hosp,quantile,0.35,752.7512250654117
UMass-flusion_spatial2,04,2,2024-01-13,2023-12-30,wk inc flu hosp,quantile,0.4,792.4581473161602
UMass-flusion_spatial2,04,2,2024-01-13,2023-12-30,wk inc flu hosp,quantile,0.45,843.73183496931415
UMass-flusion_spatial2,04,2,2024-01-13,2023-12-30,wk inc flu hosp,quantile,0.5,876.9120357824468
UMass-flusion_spatial2,04,2,2024-01-13,2023-12-30,wk inc flu hosp,quantile,0.55,918.9338174458827
UMass-flusion_spatial2,04,2,2024-01-13,2023-12-30,wk inc flu hosp,quantile,0.6,968.3421726428138
UMass-flusion_spatial2,04,2,2024-01-13,2023-12-30,wk inc flu hosp,quantile,0.65,1021.5119644874615
UMass-flusion_spatial2,04,2,2024-01-13,2023-12-30,wk inc flu hosp,quantile,0.7,1058.690159918291
UMass-flusion_spatial2,04,2,2024-01-13,2023-12-30,wk inc flu hosp,quantile,0.75,1100.3702064715394
UMass-flusion_spatial2,04,2,2024-01-13,2023-12-30,wk inc flu hosp,quantile,0.8,1161.8715692665712
UMass-flusion_spatial2,04,2,2024-01-13,2023-12-30,wk inc flu hosp,quantile,0.85,1230.4010117958003
UMass-flusion_spatial2,04,2,2024-01-13,2023-12-30,wk inc flu hosp,quantile,0.9,1352.076065756498
UMass-flusion_spatial2,04,2,2024-01-13,2023-12-30,wk inc flu hosp,quantile,0.95,1510.9701128620675
UMass-flusion_spatial2,04,2,2024-01-13,2023-12-30,wk inc flu hosp,quantile,0.975,1706.7355305612125
UMass-flusion_spatial2,04,2,2024-01-13,2023-12-30,wk inc flu hosp,quantile,0.99,1926.024260887535
UMass-flusion_spatial2,04,3,2024-01-20,2023-12-30,wk inc flu hosp,quantile,0.01,273.70251484854253
UMass-flusion_spatial2,04,3,2024-01-20,2023-12-30,wk inc flu hosp,quantile,0.025,336.0574108376444
UMass-flusion_spatial2,04,3,2024-01-20,2023-12-30,wk inc flu hosp,quantile,0.05,394.9615883348599
UMass-flusion_spatial2,04,3,2024-01-20,2023-12-30,wk inc flu hosp,quantile,0.1,456.8412734735374
UMass-flusion_spatial2,04,3,2024-01-20,2023-12-30,wk inc flu hosp,quantile,0.15,496.27317080378
UMass-flusion_spatial2,04,3,2024-01-20,2023-12-30,wk inc flu hosp,quantile,0.2,540.5234117177849
UMass-flusion_spatial2,04,3,2024-01-20,2023-12-30,wk inc flu hosp,quantile,0.25,592.0749129479224
UMass-flusion_spatial2,04,3,2024-01-20,2023-12-30,wk inc flu hosp,quantile,0.3,615.8063871208319
UMass-flusion_spatial2,04,3,2024-01-20,2023-12-30,wk inc flu hosp,quantile,0.35,659.8726374278258
UMass-flusion_spatial2,04,3,2024-01-20,2023-12-30,wk inc flu hosp,quantile,0.4,706.4958990333148
UMass-flusion_spatial2,04,3,2024-01-20,2023-12-30,wk inc flu hosp,quantile,0.45,761.4419497705878
UMass-flusion_spatial2,04,3,2024-01-20,2023-12-30,wk inc flu hosp,quantile,0.5,804.7487352589467
UMass-flusion_spatial2,04,3,2024-01-20,2023-12-30,wk inc flu hosp,quantile,0.55,841.1071520413551
UMass-flusion_spatial2,04,3,2024-01-20,2023-12-30,wk inc flu hosp,quantile,0.6,888.8527301753957
UMass-flusion_spatial2,04,3,2024-01-20,2023-12-30,wk inc flu hosp,quantile,0.65,940.8569751366219
UMass-flusion_spatial2,04,3,2024-01-20,2023-12-30,wk inc flu hosp,quantile,0.7,979.793919252074
UMass-flusion_spatial2,04,3,2024-01-20,2023-12-30,wk inc flu hosp,quantile,0.75,1031.350091489228
UMass-flusion_spatial2,04,3,2024-01-20,2023-12-30,wk inc flu hosp,quantile,0.8,1108.5146230634616
UMass-flusion_spatial2,04,3,2024-01-20,2023-12-30,wk inc flu hosp,quantile,0.85,1193.3263616327995
UMass-flusion_spatial2,04,3,2024-01-20,2023-12-30,wk inc flu hosp,quantile,0.9,1338.786424013226
UMass-flusion_spatial2,04,3,2024-01-20,2023-12-30,wk inc flu hosp,quantile,0.95,1547.046014217145
UMass-flusion_spatial2,04,3,2024-01-20,2023-12-30,wk inc flu hosp,quantile,0.975,1776.3185173521538
UMass-flusion_spatial2,04,3,2024-01-20,2023-12-30,wk inc flu hosp,quantile,0.99,2069.838136923752
UMass-flusion_spatial2,05,0,2023-12-30,2023-12-30,wk inc flu hosp,quantile,0.01,46.70494852161428
UMass-flusion_spatial2,05,0,2023-12-30,2023-12-30,wk inc flu hosp,quantile,0.025,57.00143296124952
UMass-flusion_spatial2,05,0,2023-12-30,2023-12-30,wk inc flu hosp,quantile,0.05,65.32724578481036
UMass-flusion_spatial2,05,0,2023-12-30,2023-12-30,wk inc flu hosp,quantile,0.1,73.60579925342722
UMass-flusion_spatial2,05,0,2023-12-30,2023-12-30,wk inc flu hosp,quantile,0.15,80.82013066139936
UMass-flusion_spatial2,05,0,2023-12-30,2023-12-30,wk inc flu hosp,quantile,0.2,87.43300702055444
UMass-flusion_spatial2,05,0,2023-12-30,2023-12-30,wk inc flu hosp,quantile,0.25,93.40184838346975
UMass-flusion_spatial2,05,0,2023-12-30,2023-12-30,wk inc flu hosp,quantile,0.3,97.9055073218106
UMass-flusion_spatial2,05,0,2023-12-30,2023-12-30,wk inc flu hosp,quantile,0.35,102.22364666487994
UMass-flusion_spatial2,05,0,2023-12-30,2023-12-30,wk inc flu hosp,quantile,0.4,105.68799040533841
UMass-flusion_spatial2,05,0,2023-12-30,2023-12-30,wk inc flu hosp,quantile,0.45,109.62185512372943
UMass-flusion_spatial2,05,0,2023-12-30,2023-12-30,wk inc flu hosp,quantile,0.5,113.25343686753331
UMass-flusion_spatial2,05,0,2023-12-30,2023-12-30,wk inc flu hosp,quantile,0.55,115.69870496031777
UMass-flusion_spatial2,05,0,2023-12-30,2023-12-30,wk inc flu hosp,quantile,0.6,120.05702036090817
UMass-flusion_spatial2,05,0,2023-12-30,2023-12-30,wk inc flu hosp,quantile,0.65,124.52923299446846
UMass-flusion_spatial2,05,0,2023-12-30,2023-12-30,wk inc flu hosp,quantile,0.7,128.14263302487166
UMass-flusion_spatial2,05,0,2023-12-30,2023-12-30,wk inc flu hosp,quantile,0.75,133.4736199557455
UMass-flusion_spatial2,05,0,2023-12-30,2023-12-30,wk inc flu hosp,quantile,0.8,136.6532881267533
UMass-flusion_spatial2,05,0,2023-12-30,2023-12-30,wk inc flu hosp,quantile,0.85,141.99416522031524
UMass-flusion_spatial2,05,0,2023-12-30,2023-12-30,wk inc flu hosp,quantile,0.9,148.98544621320792
UMass-flusion_spatial2,05,0,2023-12-30,2023-12-30,wk inc flu hosp,quantile,0.95,161.04342573024803
UMass-flusion_spatial2,05,0,2023-12-30,2023-12-30,wk inc flu hosp,quantile,0.975,172.08556941707766
UMass-flusion_spatial2,05,0,2023-12-30,2023-12-30,wk inc flu hosp,quantile,0.99,189.04570159890034
UMass-flusion_spatial2,05,1,2024-01-06,2023-12-30,wk inc flu hosp,quantile,0.01,40.13523402892875
UMass-flusion_spatial2,05,1,2024-01-06,2023-12-30,wk inc flu hosp,quantile,0.025,50.65637154458419
UMass-flusion_spatial2,05,1,2024-01-06,2023-12-30,wk inc flu hosp,quantile,0.05,60.037365652545496
UMass-flusion_spatial2,05,1,2024-01-06,2023-12-30,wk inc flu hosp,quantile,0.1,71.50561334932696
UMass-flusion_spatial2,05,1,2024-01-06,2023-12-30,wk inc flu hosp,quantile,0.15,81.44259768593116
UMass-flusion_spatial2,05,1,2024-01-06,2023-12-30,wk inc flu hosp,quantile,0.2,89.77336725197725
UMass-flusion_spatial2,05,1,2024-01-06,2023-12-30,wk inc flu hosp,quantile,0.25,97.63414196471429
UMass-flusion_spatial2,05,1,2024-01-06,2023-12-30,wk inc flu hosp,quantile,0.3,105.30145827079924
UMass-flusion_spatial2,05,1,2024-01-06,2023-12-30,wk inc flu hosp,quantile,0.35,111.61790131528355
UMass-flusion_spatial2,05,1,2024-01-06,2023-12-30,wk inc flu hosp,quantile,0.4,117.01089447586885
UMass-flusion_spatial2,05,1,2024-01-06,2023-12-30,wk inc flu hosp,quantile,0.45,120.54834546544072
UMass-flusion_spatial2,05,1,2024-01-06,2023-12-30,wk inc flu hosp,quantile,0.5,125.60356312622567
UMass-flusion_spatial2,05,1,2024-01-06,2023-12-30,wk inc flu hosp,quantile,0.55,131.54903924186607
UMass-flusion_spatial2,05,1,2024-01-06,2023-12-30,wk inc flu hosp,quantile,0.6,137.62576006248815
UMass-flusion_spatial2,05,1,2024-01-06,2023-12-30,wk inc flu hosp,quantile,0.65,144.86573152543642
UMass-flusion_spatial2,05,1,2024-01-06,2023-12-30,wk inc flu hosp,quantile,0.7,151.6489419164001
UMass-flusion_spatial2,05,1,2024-01-06,2023-12-30,wk inc flu hosp,quantile,0.75,160.13297303715908
UMass-flusion_spatial2,05,1,2024-01-06,2023-12-30,wk inc flu hosp,quantile,0.8,168.24922597860586
UMass-flusion_spatial2,05,1,2024-01-06,2023-12-30,wk inc flu hosp,quantile,0.85,177.2824072114393
UMass-flusion_spatial2,05,1,2024-01-06,2023-12-30,wk inc flu hosp,quantile,0.9,191.79513228087743
UMass-flusion_spatial2,05,1,2024-01-06,2023-12-30,wk inc flu hosp,quantile,0.95,221.62386988110825
UMass-flusion_spatial2,05,1,2024-01-06,2023-12-30,wk inc flu hosp,quantile,0.975,231.40817897157126
UMass-flusion_spatial2,05,1,2024-01-06,2023-12-30,wk inc flu hosp,quantile,0.99,257.2700943101434
UMass-flusion_spatial2,05,2,2024-01-13,2023-12-30,wk inc flu hosp,quantile,0.01,34.29837413751645
UMass-flusion_spatial2,05,2,2024-01-13,2023-12-30,wk inc flu hosp,quantile,0.025,45.18766167452442
UMass-flusion_spatial2,05,2,2024-01-13,2023-12-30,wk inc flu hosp,quantile,0.05,54.96801333250684
UMass-flusion_spatial2,05,2,2024-01-13,2023-12-30,wk inc flu hosp,quantile,0.1,69.62901989006762
UMass-flusion_spatial2,05,2,2024-01-13,2023-12-30,wk inc flu hosp,quantile,0.15,79.41584290742108
UMass-flusion_spatial2,05,2,2024-01-13,2023-12-30,wk inc flu hosp,quantile,0.2,90.14191933166734
UMass-flusion_spatial2,05,2,2024-01-13,2023-12-30,wk inc flu hosp,quantile,0.25,98.73004267606467
UMass-flusion_spatial2,05,2,2024-01-13,2023-12-30,wk inc flu hosp,quantile,0.3,107.70797564491893
UMass-flusion_spatial2,05,2,2024-01-13,2023-12-30,wk inc flu hosp,quantile,0.35,115.34549081765428
UMass-flusion_spatial2,05,2,2024-01-13,2023-12-30,wk inc flu hosp,quantile,0.4,123.8423373192908
UMass-flusion_spatial2,05,2,2024-01-13,2023-12-30,wk inc flu hosp,quantile,0.45,129.78308810622406
UMass-flusion_spatial2,05,2,2024-01-13,2023-12-30,wk inc flu hosp,quantile,0.5,136.52009673170534
UMass-flusion_spatial2,05,2,2024-01-13,2023-12-30,wk inc flu hosp,quantile,0.55,141.98844566391531
UMass-flusion_spatial2,05,2,2024-01-13,2023-12-30,wk inc flu hosp,quantile,0.6,150.9525014310983
UMass-flusion_spatial2,05,2,2024-01-13,2023-12-30,wk inc flu hosp,quantile,0.65,160.69578782782472
UMass-flusion_spatial2,05,2,2024-01-13,2023-12-30,wk inc flu hosp,quantile,0.7,167.14394470182762
UMass-flusion_spatial2,05,2,2024-01-13,2023-12-30,wk inc flu hosp,quantile,0.75,178.53033085733907
UMass-flusion_spatial2,05,2,2024-01-13,2023-12-30,wk inc flu hosp,quantile,0.8,187.7050300163874
UMass-flusion_spatial2,05,2,2024-01-13,2023-12-30,wk inc flu hosp,quantile,0.85,199.23343544507168
UMass-flusion_spatial2,05,2,2024-01-13,2023-12-30,wk inc flu hosp,quantile,0.9,223.73327345259133
UMass-flusion_spatial2,05,2,2024-01-13,2023-12-30,wk inc flu hosp,quantile,0.95,270.04906903976655
UMass-flusion_spatial2,05,2,2024-01-13,2023-12-30,wk inc flu hosp,quantile,0.975,297.70236123573085
UMass-flusion_spatial2,05,2,2024-01-13,2023-12-30,wk inc flu hosp,quantile,0.99,320.554270941489
UMass-flusion_spatial2,05,3,2024-01-20,2023-12-30,wk inc flu hosp,quantile,0.01,29.23136080612891
UMass-flusion_spatial2,05,3,2024-01-20,2023-12-30,wk inc flu hosp,quantile,0.025,40.754443831677136
UMass-flusion_spatial2,05,3,2024-01-20,2023-12-30,wk inc flu hosp,quantile,0.05,52.001916143309195
UMass-flusion_spatial2,05,3,2024-01-20,2023-12-30,wk inc flu hosp,quantile,0.1,66.39803442180784
UMass-flusion_spatial2,05,3,2024-01-20,2023-12-30,wk inc flu hosp,quantile,0.15,77.4716395241661
UMass-flusion_spatial2,05,3,2024-01-20,2023-12-30,wk inc flu hosp,quantile,0.2,87.16238478424535
UMass-flusion_spatial2,05,3,2024-01-20,2023-12-30,wk inc flu hosp,quantile,0.25,96.55742607013198
UMass-flusion_spatial2,05,3,2024-01-20,2023-12-30,wk inc flu hosp,quantile,0.3,106.03565770277058
UMass-flusion_spatial2,05,3,2024-01-20,2023-12-30,wk inc flu hosp,quantile,0.35,113.66646348035303
UMass-flusion_spatial2,05,3,2024-01-20,2023-12-30,wk inc flu hosp,quantile,0.4,123.67625587958149
UMass-flusion_spatial2,05,3,2024-01-20,2023-12-30,wk inc flu hosp,quantile,0.45,130.18825987406407
UMass-flusion_spatial2,05,3,2024-01-20,2023-12-30,wk inc flu hosp,quantile,0.5,137.2384677882756
UMass-flusion_spatial2,05,3,2024-01-20,2023-12-30,wk inc flu hosp,quantile,0.55,145.98334875330323
UMass-flusion_spatial2,05,3,2024-01-20,2023-12-30,wk inc flu hosp,quantile,0.6,156.25415592165325
UMass-flusion_spatial2,05,3,2024-01-20,2023-12-30,wk inc flu hosp,quantile,0.65,169.64347778383666
UMass-flusion_spatial2,05,3,2024-01-20,2023-12-30,wk inc flu hosp,quantile,0.7,178.47745302708188
UMass-flusion_spatial2,05,3,2024-01-20,2023-12-30,wk inc flu hosp,quantile,0.75,191.98243364094884
UMass-flusion_spatial2,05,3,2024-01-20,2023-12-30,wk inc flu hosp,quantile,0.8,201.5188894587743
UMass-flusion_spatial2,05,3,2024-01-20,2023-12-30,wk inc flu hosp,quantile,0.85,217.20326579183237
UMass-flusion_spatial2,05,3,2024-01-20,2023-12-30,wk inc flu hosp,quantile,0.9,248.59916032413292
UMass-flusion_spatial2,05,3,2024-01-20,2023-12-30,wk inc flu hosp,quantile,0.95,300.790331733793
UMass-flusion_spatial2,05,3,2024-01-20,2023-12-30,wk inc flu hosp,quantile,0.975,337.95685589603784
UMass-flusion_spatial2,05,3,2024-01-20,2023-12-30,wk inc flu hosp,quantile,0.99,372.36972746805554
UMass-flusion_spatial2,06,0,2023-12-30,2023-12-30,wk inc flu hosp,quantile,0.01,1031.3099331284002
UMass-flusion_spatial2,06,0,2023-12-30,2023-12-30,wk inc flu hosp,quantile,0.025,1131.1762287256036
UMass-flusion_spatial2,06,0,2023-12-30,2023-12-30,wk inc flu hosp,quantile,0.05,1228.6075195445144
UMass-flusion_spatial2,06,0,2023-12-30,2023-12-30,wk inc flu hosp,quantile,0.1,1344.2639642735162
UMass-flusion_spatial2,06,0,2023-12-30,2023-12-30,wk inc flu hosp,quantile,0.15,1417.1616086450304
UMass-flusion_spatial2,06,0,2023-12-30,2023-12-30,wk inc flu hosp,quantile,0.2,1473.7015272100557
UMass-flusion_spatial2,06,0,2023-12-30,2023-12-30,wk inc flu hosp,quantile,0.25,1511.3500550017857
UMass-flusion_spatial2,06,0,2023-12-30,2023-12-30,wk inc flu hosp,quantile,0.3,1571.090084320877
UMass-flusion_spatial2,06,0,2023-12-30,2023-12-30,wk inc flu hosp,quantile,0.35,1605.041615525056
UMass-flusion_spatial2,06,0,2023-12-30,2023-12-30,wk inc flu hosp,quantile,0.4,1656.2203428063704
UMass-flusion_spatial2,06,0,2023-12-30,2023-12-30,wk inc flu hosp,quantile,0.45,1714.783415925248
UMass-flusion_spatial2,06,0,2023-12-30,2023-12-30,wk inc flu hosp,quantile,0.5,1772.808474373036
UMass-flusion_spatial2,06,0,2023-12-30,2023-12-30,wk inc flu hosp,quantile,0.55,1838.257441457481
UMass-flusion_spatial2,06,0,2023-12-30,2023-12-30,wk inc flu hosp,quantile,0.6,1925.7499370566986
UMass-flusion_spatial2,06,0,2023-12-30,2023-12-30,wk inc flu hosp,quantile,0.65,2008.6134873977553
UMass-flusion_spatial2,06,0,2023-12-30,2023-12-30,wk inc flu hosp,quantile,0.7,2078.690011160482
UMass-flusion_spatial2,06,0,2023-12-30,2023-12-30,wk inc flu hosp,quantile,0.75,2114.7642311150926
UMass-flusion_spatial2,06,0,2023-12-30,2023-12-30,wk inc flu hosp,quantile,0.8,2180.0077566448454
UMass-flusion_spatial2,06,0,2023-12-30,2023-12-30,wk inc flu hosp,quantile,0.85,2234.9808450481855
UMass-flusion_spatial2,06,0,2023-12-30,2023-12-30,wk inc flu hosp,quantile,0.9,2287.990128550653
UMass-flusion_spatial2,06,0,2023-12-30,2023-12-30,wk inc flu hosp,quantile,0.95,2404.5636532246504
UMass-flusion_spatial2,06,0,2023-12-30,2023-12-30,wk inc flu hosp,quantile,0.975,2552.2269878859142
UMass-flusion_spatial2,06,0,2023-12-30,2023-12-30,wk inc flu hosp,quantile,0.99,2774.757410685624
UMass-flusion_spatial2,06,1,2024-01-06,2023-12-30,wk inc flu hosp,quantile,0.01,864.5087676194502
UMass-flusion_spatial2,06,1,2024-01-06,2023-12-30,wk inc flu hosp,quantile,0.025,968.7925251564645
UMass-flusion_spatial2,06,1,2024-01-06,2023-12-30,wk inc flu hosp,quantile,0.05,1088.9476416861326
UMass-flusion_spatial2,06,1,2024-01-06,2023-12-30,wk inc flu hosp,quantile,0.1,1229.8856937401697
UMass-flusion_spatial2,06,1,2024-01-06,2023-12-30,wk inc flu hosp,quantile,0.15,1319.2331475291448
UMass-flusion_spatial2,06,1,2024-01-06,2023-12-30,wk inc flu hosp,quantile,0.2,1388.7736314509302
UMass-flusion_spatial2,06,1,2024-01-06,2023-12-30,wk inc flu hosp,quantile,0.25,1435.9349912062448
UMass-flusion_spatial2,06,1,2024-01-06,2023-12-30,wk inc flu hosp,quantile,0.3,1496.2354763127987
UMass-flusion_spatial2,06,1,2024-01-06,2023-12-30,wk inc flu hosp,quantile,0.35,1542.8149315847168
UMass-flusion_spatial2,06,1,2024-01-06,2023-12-30,wk inc flu hosp,quantile,0.4,1606.3489393891582
UMass-flusion_spatial2,06,1,2024-01-06,2023-12-30,wk inc flu hosp,quantile,0.45,1682.866949587637
UMass-flusion_spatial2,06,1,2024-01-06,2023-12-30,wk inc flu hosp,quantile,0.5,1751.1471623245566
UMass-flusion_spatial2,06,1,2024-01-06,2023-12-30,wk inc flu hosp,quantile,0.55,1809.0203171297458
UMass-flusion_spatial2,06,1,2024-01-06,2023-12-30,wk inc flu hosp,quantile,0.6,1895.1846798635906
UMass-flusion_spatial2,06,1,2024-01-06,2023-12-30,wk inc flu hosp,quantile,0.65,1993.0835227381526
UMass-flusion_spatial2,06,1,2024-01-06,2023-12-30,wk inc flu hosp,quantile,0.7,2074.72108393148
UMass-flusion_spatial2,06,1,2024-01-06,2023-12-30,wk inc flu hosp,quantile,0.75,2146.7777129067663
UMass-flusion_spatial2,06,1,2024-01-06,2023-12-30,wk inc flu hosp,quantile,0.8,2267.143225086929
UMass-flusion_spatial2,06,1,2024-01-06,2023-12-30,wk inc flu hosp,quantile,0.85,2386.2633839248256
UMass-flusion_spatial2,06,1,2024-01-06,2023-12-30,wk inc flu hosp,quantile,0.9,2519.587296833718
UMass-flusion_spatial2,06,1,2024-01-06,2023-12-30,wk inc flu hosp,quantile,0.95,2758.919346359621
UMass-flusion_spatial2,06,1,2024-01-06,2023-12-30,wk inc flu hosp,quantile,0.975,2965.7735896955683
UMass-flusion_spatial2,06,1,2024-01-06,2023-12-30,wk inc flu hosp,quantile,0.99,3248.693434995163
UMass-flusion_spatial2,06,2,2024-01-13,2023-12-30,wk inc flu hosp,quantile,0.01,699.1559681157155
UMass-flusion_spatial2,06,2,2024-01-13,2023-12-30,wk inc flu hosp,quantile,0.025,790.2660740970533
UMass-flusion_spatial2,06,2,2024-01-13,2023-12-30,wk inc flu hosp,quantile,0.05,929.8955288638493
UMass-flusion_spatial2,06,2,2024-01-13,2023-12-30,wk inc flu hosp,quantile,0.1,1077.065953873851
UMass-flusion_spatial2,06,2,2024-01-13,2023-12-30,wk inc flu hosp,quantile,0.15,1171.8422296602575
UMass-flusion_spatial2,06,2,2024-01-13,2023-12-30,wk inc flu hosp,quantile,0.2,1241.5356524713804
UMass-flusion_spatial2,06,2,2024-01-13,2023-12-30,wk inc flu hosp,quantile,0.25,1285.6382466607874
UMass-flusion_spatial2,06,2,2024-01-13,2023-12-30,wk inc flu hosp,quantile,0.3,1343.7961811708926
UMass-flusion_spatial2,06,2,2024-01-13,2023-12-30,wk inc flu hosp,quantile,0.35,1406.5446764206065
UMass-flusion_spatial2,06,2,2024-01-13,2023-12-30,wk inc flu hosp,quantile,0.4,1507.5533523902604
UMass-flusion_spatial2,06,2,2024-01-13,2023-12-30,wk inc flu hosp,quantile,0.45,1586.7376554329726
UMass-flusion_spatial2,06,2,2024-01-13,2023-12-30,wk inc flu hosp,quantile,0.5,1648.7524830519776
UMass-flusion_spatial2,06,2,2024-01-13,2023-12-30,wk inc flu hosp,quantile,0.55,1717.6393162068985
UMass-flusion_spatial2,06,2,2024-01-13,2023-12-30,wk inc flu hosp,quantile,0.6,1801.2201185811023
UMass-flusion_spatial2,06,2,2024-01-13,2023-12-30,wk inc flu hosp,quantile,0.65,1877.711025151953
UMass-flusion_spatial2,06,2,2024-01-13,2023-12-30,wk inc flu hosp,quantile,0.7,1990.5111448448133
UMass-flusion_spatial2,06,2,2024-01-13,2023-12-30,wk inc flu hosp,quantile,0.75,2059.5559053268553
UMass-flusion_spatial2,06,2,2024-01-13,2023-12-30,wk inc flu hosp,quantile,0.8,2197.4841892362556
UMass-flusion_spatial2,06,2,2024-01-13,2023-12-30,wk inc flu hosp,quantile,0.85,2338.6171317444027
UMass-flusion_spatial2,06,2,2024-01-13,2023-12-30,wk inc flu hosp,quantile,0.9,2520.9465803466437
UMass-flusion_spatial2,06,2,2024-01-13,2023-12-30,wk inc flu hosp,quantile,0.95,2842.4959719874687
UMass-flusion_spatial2,06,2,2024-01-13,2023-12-30,wk inc flu hosp,quantile,0.975,3197.160939803758
UMass-flusion_spatial2,06,2,2024-01-13,2023-12-30,wk inc flu hosp,quantile,0.99,3645.9236285308416
UMass-flusion_spatial2,06,3,2024-01-20,2023-12-30,wk inc flu hosp,quantile,0.01,544.0944988043908
UMass-flusion_spatial2,06,3,2024-01-20,2023-12-30,wk inc flu hosp,quantile,0.025,647.1983198163532
UMass-flusion_spatial2,06,3,2024-01-20,2023-12-30,wk inc flu hosp,quantile,0.05,775.3166024178653
UMass-flusion_spatial2,06,3,2024-01-20,2023-12-30,wk inc flu hosp,quantile,0.1,935.2193469546035
UMass-flusion_spatial2,06,3,2024-01-20,2023-12-30,wk inc flu hosp,quantile,0.15,1033.2880643378592
UMass-flusion_spatial2,06,3,2024-01-20,2023-12-30,wk inc flu hosp,quantile,0.2,1085.715310633298
UMass-flusion_spatial2,06,3,2024-01-20,2023-12-30,wk inc flu hosp,quantile,0.25,1144.9166347329
UMass-flusion_spatial2,06,3,2024-01-20,2023-12-30,wk inc flu hosp,quantile,0.3,1228.5390244910789
UMass-flusion_spatial2,06,3,2024-01-20,2023-12-30,wk inc flu hosp,quantile,0.35,1283.593092027253
UMass-flusion_spatial2,06,3,2024-01-20,2023-12-30,wk inc flu hosp,quantile,0.4,1378.803342343198
UMass-flusion_spatial2,06,3,2024-01-20,2023-12-30,wk inc flu hosp,quantile,0.45,1458.815220587384
UMass-flusion_spatial2,06,3,2024-01-20,2023-12-30,wk inc flu hosp,quantile,0.5,1512.2808009499972
UMass-flusion_spatial2,06,3,2024-01-20,2023-12-30,wk inc flu hosp,quantile,0.55,1563.3334978291896
UMass-flusion_spatial2,06,3,2024-01-20,2023-12-30,wk inc flu hosp,quantile,0.6,1665.7853575512963
UMass-flusion_spatial2,06,3,2024-01-20,2023-12-30,wk inc flu hosp,quantile,0.65,1781.8509883394531
UMass-flusion_spatial2,06,3,2024-01-20,2023-12-30,wk inc flu hosp,quantile,0.7,1872.9818791486312
UMass-flusion_spatial2,06,3,2024-01-20,2023-12-30,wk inc flu hosp,quantile,0.75,1953.95748828456
UMass-flusion_spatial2,06,3,2024-01-20,2023-12-30,wk inc flu hosp,quantile,0.8,2108.9386319341984
UMass-flusion_spatial2,06,3,2024-01-20,2023-12-30,wk inc flu hosp,quantile,0.85,2298.3965698330167
UMass-flusion_spatial2,06,3,2024-01-20,2023-12-30,wk inc flu hosp,quantile,0.9,2521.610498395935
UMass-flusion_spatial2,06,3,2024-01-20,2023-12-30,wk inc flu hosp,quantile,0.95,2938.990266392872
UMass-flusion_spatial2,06,3,2024-01-20,2023-12-30,wk inc flu hosp,quantile,0.975,3363.156910403569
UMass-flusion_spatial2,06,3,2024-01-20,2023-12-30,wk inc flu hosp,quantile,0.99,3891.828710015835
UMass-flusion_spatial2,08,0,2023-12-30,2023-12-30,wk inc flu hosp,quantile,0.01,131.34533664007114
UMass-flusion_spatial2,08,0,2023-12-30,2023-12-30,wk inc flu hosp,quantile,0.025,149.468244985345
UMass-flusion_spatial2,08,0,2023-12-30,2023-12-30,wk inc flu hosp,quantile,0.05,163.00131554427162
UMass-flusion_spatial2,08,0,2023-12-30,2023-12-30,wk inc flu hosp,quantile,0.1,179.5227721109046
UMass-flusion_spatial2,08,0,2023-12-30,2023-12-30,wk inc flu hosp,quantile,0.15,192.60557439827318
UMass-flusion_spatial2,08,0,2023-12-30,2023-12-30,wk inc flu hosp,quantile,0.2,202.81195749179568
UMass-flusion_spatial2,08,0,2023-12-30,2023-12-30,wk inc flu hosp,quantile,0.25,212.26783656314672
UMass-flusion_spatial2,08,0,2023-12-30,2023-12-30,wk inc flu hosp,quantile,0.3,220.59007868999618
UMass-flusion_spatial2,08,0,2023-12-30,2023-12-30,wk inc flu hosp,quantile,0.35,229.26543007764246
UMass-flusion_spatial2,08,0,2023-12-30,2023-12-30,wk inc flu hosp,quantile,0.4,235.8038094340199
UMass-flusion_spatial2,08,0,2023-12-30,2023-12-30,wk inc flu hosp,quantile,0.45,239.47752265128582
UMass-flusion_spatial2,08,0,2023-12-30,2023-12-30,wk inc flu hosp,quantile,0.5,245.26836052050737
UMass-flusion_spatial2,08,0,2023-12-30,2023-12-30,wk inc flu hosp,quantile,0.55,252.63673715573057
UMass-flusion_spatial2,08,0,2023-12-30,2023-12-30,wk inc flu hosp,quantile,0.6,262.797410948655
UMass-flusion_spatial2,08,0,2023-12-30,2023-12-30,wk inc flu hosp,quantile,0.65,275.50860829050544
UMass-flusion_spatial2,08,0,2023-12-30,2023-12-30,wk inc flu hosp,quantile,0.7,286.04318729723076
UMass-flusion_spatial2,08,0,2023-12-30,2023-12-30,wk inc flu hosp,quantile,0.75,293.46441617866714
UMass-flusion_spatial2,08,0,2023-12-30,2023-12-30,wk inc flu hosp,quantile,0.8,300.3451762503348
UMass-flusion_spatial2,08,0,2023-12-30,2023-12-30,wk inc flu hosp,quantile,0.85,309.7873202292219
UMass-flusion_spatial2,08,0,2023-12-30,2023-12-30,wk inc flu hosp,quantile,0.9,319.43143414143844
UMass-flusion_spatial2,08,0,2023-12-30,2023-12-30,wk inc flu hosp,quantile,0.95,335.6690662601076
UMass-flusion_spatial2,08,0,2023-12-30,2023-12-30,wk inc flu hosp,quantile,0.975,366.71565478725313
UMass-flusion_spatial2,08,0,2023-12-30,2023-12-30,wk inc flu hosp,quantile,0.99,407.80824236925685
UMass-flusion_spatial2,08,1,2024-01-06,2023-12-30,wk inc flu hosp,quantile,0.01,97.74874328095393
UMass-flusion_spatial2,08,1,2024-01-06,2023-12-30,wk inc flu hosp,quantile,0.025,115.4609855187195
UMass-flusion_spatial2,08,1,2024-01-06,2023-12-30,wk inc flu hosp,quantile,0.05,131.68931565797854
UMass-flusion_spatial2,08,1,2024-01-06,2023-12-30,wk inc flu hosp,quantile,0.1,146.07209907836614
UMass-flusion_spatial2,08,1,2024-01-06,2023-12-30,wk inc flu hosp,quantile,0.15,161.07391993160434
UMass-flusion_spatial2,08,1,2024-01-06,2023-12-30,wk inc flu hosp,quantile,0.2,173.546007656126
UMass-flusion_spatial2,08,1,2024-01-06,2023-12-30,wk inc flu hosp,quantile,0.25,185.9782706187077
UMass-flusion_spatial2,08,1,2024-01-06,2023-12-30,wk inc flu hosp,quantile,0.3,197.26827353990694
UMass-flusion_spatial2,08,1,2024-01-06,2023-12-30,wk inc flu hosp,quantile,0.35,206.63984639195888
UMass-flusion_spatial2,08,1,2024-01-06,2023-12-30,wk inc flu hosp,quantile,0.4,215.31638302198945
UMass-flusion_spatial2,08,1,2024-01-06,2023-12-30,wk inc flu hosp,quantile,0.45,220.51249990723295
UMass-flusion_spatial2,08,1,2024-01-06,2023-12-30,wk inc flu hosp,quantile,0.5,229.43031687808588
UMass-flusion_spatial2,08,1,2024-01-06,2023-12-30,wk inc flu hosp,quantile,0.55,239.55398291048186
UMass-flusion_spatial2,08,1,2024-01-06,2023-12-30,wk inc flu hosp,quantile,0.6,248.45767687018792
UMass-flusion_spatial2,08,1,2024-01-06,2023-12-30,wk inc flu hosp,quantile,0.65,262.44582227980464
UMass-flusion_spatial2,08,1,2024-01-06,2023-12-30,wk inc flu hosp,quantile,0.7,273.32491105870236
UMass-flusion_spatial2,08,1,2024-01-06,2023-12-30,wk inc flu hosp,quantile,0.75,286.3380515217619
UMass-flusion_spatial2,08,1,2024-01-06,2023-12-30,wk inc flu hosp,quantile,0.8,297.1264753021688
UMass-flusion_spatial2,08,1,2024-01-06,2023-12-30,wk inc flu hosp,quantile,0.85,313.7743169181953
UMass-flusion_spatial2,08,1,2024-01-06,2023-12-30,wk inc flu hosp,quantile,0.9,335.0744065910895
UMass-flusion_spatial2,08,1,2024-01-06,2023-12-30,wk inc flu hosp,quantile,0.95,366.78988254972137
UMass-flusion_spatial2,08,1,2024-01-06,2023-12-30,wk inc flu hosp,quantile,0.975,404.5330454991623
UMass-flusion_spatial2,08,1,2024-01-06,2023-12-30,wk inc flu hosp,quantile,0.99,452.7479525201094
UMass-flusion_spatial2,08,2,2024-01-13,2023-12-30,wk inc flu hosp,quantile,0.01,73.5986717620454
UMass-flusion_spatial2,08,2,2024-01-13,2023-12-30,wk inc flu hosp,quantile,0.025,86.22335855725211
UMass-flusion_spatial2,08,2,2024-01-13,2023-12-30,wk inc flu hosp,quantile,0.05,101.9796549874844
UMass-flusion_spatial2,08,2,2024-01-13,2023-12-30,wk inc flu hosp,quantile,0.1,112.66853455137684
UMass-flusion_spatial2,08,2,2024-01-13,2023-12-30,wk inc flu hosp,quantile,0.15,130.34142078107743
UMass-flusion_spatial2,08,2,2024-01-13,2023-12-30,wk inc flu hosp,quantile,0.2,144.3054010402832
UMass-flusion_spatial2,08,2,2024-01-13,2023-12-30,wk inc flu hosp,quantile,0.25,156.23802188313977
UMass-flusion_spatial2,08,2,2024-01-13,2023-12-30,wk inc flu hosp,quantile,0.3,169.63765612862431
UMass-flusion_spatial2,08,2,2024-01-13,2023-12-30,wk inc flu hosp,quantile,0.35,177.349574999437
UMass-flusion_spatial2,08,2,2024-01-13,2023-12-30,wk inc flu hosp,quantile,0.4,187.79133492080942
UMass-flusion_spatial2,08,2,2024-01-13,2023-12-30,wk inc flu hosp,quantile,0.45,194.29665976568708
UMass-flusion_spatial2,08,2,2024-01-13,2023-12-30,wk inc flu hosp,quantile,0.5,205.12109853635923
UMass-flusion_spatial2,08,2,2024-01-13,2023-12-30,wk inc flu hosp,quantile,0.55,214.74163994861524
UMass-flusion_spatial2,08,2,2024-01-13,2023-12-30,wk inc flu hosp,quantile,0.6,229.82121104247327
UMass-flusion_spatial2,08,2,2024-01-13,2023-12-30,wk inc flu hosp,quantile,0.65,243.55989316186688
UMass-flusion_spatial2,08,2,2024-01-13,2023-12-30,wk inc flu hosp,quantile,0.7,252.1857361584535
UMass-flusion_spatial2,08,2,2024-01-13,2023-12-30,wk inc flu hosp,quantile,0.75,265.463255824959
UMass-flusion_spatial2,08,2,2024-01-13,2023-12-30,wk inc flu hosp,quantile,0.8,282.39044566890357
UMass-flusion_spatial2,08,2,2024-01-13,2023-12-30,wk inc flu hosp,quantile,0.85,295.5403043591359
UMass-flusion_spatial2,08,2,2024-01-13,2023-12-30,wk inc flu hosp,quantile,0.9,322.9954609545125
UMass-flusion_spatial2,08,2,2024-01-13,2023-12-30,wk inc flu hosp,quantile,0.95,370.035361739726
UMass-flusion_spatial2,08,2,2024-01-13,2023-12-30,wk inc flu hosp,quantile,0.975,428.2603953283493
UMass-flusion_spatial2,08,2,2024-01-13,2023-12-30,wk inc flu hosp,quantile,0.99,491.4456596830851
UMass-flusion_spatial2,08,3,2024-01-20,2023-12-30,wk inc flu hosp,quantile,0.01,49.09264655220899
UMass-flusion_spatial2,08,3,2024-01-20,2023-12-30,wk inc flu hosp,quantile,0.025,61.804305199662394
UMass-flusion_spatial2,08,3,2024-01-20,2023-12-30,wk inc flu hosp,quantile,0.05,77.80429785834329
UMass-flusion_spatial2,08,3,2024-01-20,2023-12-30,wk inc flu hosp,quantile,0.1,89.53804383448579
UMass-flusion_spatial2,08,3,2024-01-20,2023-12-30,wk inc flu hosp,quantile,0.15,103.46256388048292
UMass-flusion_spatial2,08,3,2024-01-20,2023-12-30,wk inc flu hosp,quantile,0.2,117.46637387381887
UMass-flusion_spatial2,08,3,2024-01-20,2023-12-30,wk inc flu hosp,quantile,0.25,131.09005110824285
UMass-flusion_spatial2,08,3,2024-01-20,2023-12-30,wk inc flu hosp,quantile,0.3,142.62978727782513
UMass-flusion_spatial2,08,3,2024-01-20,2023-12-30,wk inc flu hosp,quantile,0.35,153.16400100694858
UMass-flusion_spatial2,08,3,2024-01-20,2023-12-30,wk inc flu hosp,quantile,0.4,161.14984946652083
UMass-flusion_spatial2,08,3,2024-01-20,2023-12-30,wk inc flu hosp,quantile,0.45,169.97868710854374
UMass-flusion_spatial2,08,3,2024-01-20,2023-12-30,wk inc flu hosp,quantile,0.5,178.80705553134592
UMass-flusion_spatial2,08,3,2024-01-20,2023-12-30,wk inc flu hosp,quantile,0.55,191.0574860091506
UMass-flusion_spatial2,08,3,2024-01-20,2023-12-30,wk inc flu hosp,quantile,0.6,206.45371385629537
UMass-flusion_spatial2,08,3,2024-01-20,2023-12-30,wk inc flu hosp,quantile,0.65,222.1797076943497
UMass-flusion_spatial2,08,3,2024-01-20,2023-12-30,wk inc flu hosp,quantile,0.7,231.3303412612616
UMass-flusion_spatial2,08,3,2024-01-20,2023-12-30,wk inc flu hosp,quantile,0.75,246.31223328711002
UMass-flusion_spatial2,08,3,2024-01-20,2023-12-30,wk inc flu hosp,quantile,0.8,262.063478370869
UMass-flusion_spatial2,08,3,2024-01-20,2023-12-30,wk inc flu hosp,quantile,0.85,280.90348247419826
UMass-flusion_spatial2,08,3,2024-01-20,2023-12-30,wk inc flu hosp,quantile,0.9,320.7981097287936
UMass-flusion_spatial2,08,3,2024-01-20,2023-12-30,wk inc flu hosp,quantile,0.95,372.50836618246694
UMass-flusion_spatial2,08,3,2024-01-20,2023-12-30,wk inc flu hosp,quantile,0.975,435.4021476001515
UMass-flusion_spatial2,08,3,2024-01-20,2023-12-30,wk inc flu hosp,quantile,0.99,522.5133893072983
UMass-flusion_spatial2,09,0,2023-12-30,2023-12-30,wk inc flu hosp,quantile,0.01,58.00301426810621
UMass-flusion_spatial2,09,0,2023-12-30,2023-12-30,wk inc flu hosp,quantile,0.025,71.08441626639731
UMass-flusion_spatial2,09,0,2023-12-30,2023-12-30,wk inc flu hosp,quantile,0.05,80.8540464948822
UMass-flusion_spatial2,09,0,2023-12-30,2023-12-30,wk inc flu hosp,quantile,0.1,92.4366901915659
UMass-flusion_spatial2,09,0,2023-12-30,2023-12-30,wk inc flu hosp,quantile,0.15,101.81435538361072
UMass-flusion_spatial2,09,0,2023-12-30,2023-12-30,wk inc flu hosp,quantile,0.2,109.60350661111528
UMass-flusion_spatial2,09,0,2023-12-30,2023-12-30,wk inc flu hosp,quantile,0.25,116.43938777772777
UMass-flusion_spatial2,09,0,2023-12-30,2023-12-30,wk inc flu hosp,quantile,0.3,121.91908123912292
UMass-flusion_spatial2,09,0,2023-12-30,2023-12-30,wk inc flu hosp,quantile,0.35,125.1808517872015
UMass-flusion_spatial2,09,0,2023-12-30,2023-12-30,wk inc flu hosp,quantile,0.4,128.57146441820737
UMass-flusion_spatial2,09,0,2023-12-30,2023-12-30,wk inc flu hosp,quantile,0.45,131.98393189228887
UMass-flusion_spatial2,09,0,2023-12-30,2023-12-30,wk inc flu hosp,quantile,0.5,136.9719089744625
UMass-flusion_spatial2,09,0,2023-12-30,2023-12-30,wk inc flu hosp,quantile,0.55,144.37549123764572
UMass-flusion_spatial2,09,0,2023-12-30,2023-12-30,wk inc flu hosp,quantile,0.6,151.30930941512185
UMass-flusion_spatial2,09,0,2023-12-30,2023-12-30,wk inc flu hosp,quantile,0.65,160.75874858630266
UMass-flusion_spatial2,09,0,2023-12-30,2023-12-30,wk inc flu hosp,quantile,0.7,169.47938854115125
UMass-flusion_spatial2,09,0,2023-12-30,2023-12-30,wk inc flu hosp,quantile,0.75,175.88024268801678
UMass-flusion_spatial2,09,0,2023-12-30,2023-12-30,wk inc flu hosp,quantile,0.8,181.66113345417966
UMass-flusion_spatial2,09,0,2023-12-30,2023-12-30,wk inc flu hosp,quantile,0.85,185.19078705298713
UMass-flusion_spatial2,09,0,2023-12-30,2023-12-30,wk inc flu hosp,quantile,0.9,194.57302660549357
UMass-flusion_spatial2,09,0,2023-12-30,2023-12-30,wk inc flu hosp,quantile,0.95,211.36167194452878
UMass-flusion_spatial2,09,0,2023-12-30,2023-12-30,wk inc flu hosp,quantile,0.975,223.7067864680946
UMass-flusion_spatial2,09,0,2023-12-30,2023-12-30,wk inc flu hosp,quantile,0.99,246.2061740602017
UMass-flusion_spatial2,09,1,2024-01-06,2023-12-30,wk inc flu hosp,quantile,0.01,42.045494534848565
UMass-flusion_spatial2,09,1,2024-01-06,2023-12-30,wk inc flu hosp,quantile,0.025,54.30145751726891
UMass-flusion_spatial2,09,1,2024-01-06,2023-12-30,wk inc flu hosp,quantile,0.05,65.11770505880665
UMass-flusion_spatial2,09,1,2024-01-06,2023-12-30,wk inc flu hosp,quantile,0.1,80.46343908303692
UMass-flusion_spatial2,09,1,2024-01-06,2023-12-30,wk inc flu hosp,quantile,0.15,91.76817637744196
UMass-flusion_spatial2,09,1,2024-01-06,2023-12-30,wk inc flu hosp,quantile,0.2,101.78509805432076
UMass-flusion_spatial2,09,1,2024-01-06,2023-12-30,wk inc flu hosp,quantile,0.25,110.00957433754834
UMass-flusion_spatial2,09,1,2024-01-06,2023-12-30,wk inc flu hosp,quantile,0.3,115.28466420239508
UMass-flusion_spatial2,09,1,2024-01-06,2023-12-30,wk inc flu hosp,quantile,0.35,120.43665430827724
UMass-flusion_spatial2,09,1,2024-01-06,2023-12-30,wk inc flu hosp,quantile,0.4,125.80824556388745
UMass-flusion_spatial2,09,1,2024-01-06,2023-12-30,wk inc flu hosp,quantile,0.45,130.35380795239007
UMass-flusion_spatial2,09,1,2024-01-06,2023-12-30,wk inc flu hosp,quantile,0.5,135.26663931002392
UMass-flusion_spatial2,09,1,2024-01-06,2023-12-30,wk inc flu hosp,quantile,0.55,143.5198310910023
UMass-flusion_spatial2,09,1,2024-01-06,2023-12-30,wk inc flu hosp,quantile,0.6,150.9340649723257
UMass-flusion_spatial2,09,1,2024-01-06,2023-12-30,wk inc flu hosp,quantile,0.65,162.83312118815303
UMass-flusion_spatial2,09,1,2024-01-06,2023-12-30,wk inc flu hosp,quantile,0.7,174.57674568328878
UMass-flusion_spatial2,09,1,2024-01-06,2023-12-30,wk inc flu hosp,quantile,0.75,185.47833754798347
UMass-flusion_spatial2,09,1,2024-01-06,2023-12-30,wk inc flu hosp,quantile,0.8,195.63774686957038
UMass-flusion_spatial2,09,1,2024-01-06,2023-12-30,wk inc flu hosp,quantile,0.85,208.53413539122255
UMass-flusion_spatial2,09,1,2024-01-06,2023-12-30,wk inc flu hosp,quantile,0.9,226.30338393665033
UMass-flusion_spatial2,09,1,2024-01-06,2023-12-30,wk inc flu hosp,quantile,0.95,254.1638171611463
UMass-flusion_spatial2,09,1,2024-01-06,2023-12-30,wk inc flu hosp,quantile,0.975,277.3002380447019
UMass-flusion_spatial2,09,1,2024-01-06,2023-12-30,wk inc flu hosp,quantile,0.99,310.61696144752875
UMass-flusion_spatial2,09,2,2024-01-13,2023-12-30,wk inc flu hosp,quantile,0.01,30.166785441026686
UMass-flusion_spatial2,09,2,2024-01-13,2023-12-30,wk inc flu hosp,quantile,0.025,41.94206959369685
UMass-flusion_spatial2,09,2,2024-01-13,2023-12-30,wk inc flu hosp,quantile,0.05,54.05872282083651
UMass-flusion_spatial2,09,2,2024-01-13,2023-12-30,wk inc flu hosp,quantile,0.1,69.74325551426519
UMass-flusion_spatial2,09,2,2024-01-13,2023-12-30,wk inc flu hosp,quantile,0.15,81.0838044324932
UMass-flusion_spatial2,09,2,2024-01-13,2023-12-30,wk inc flu hosp,quantile,0.2,90.27409374143073
UMass-flusion_spatial2,09,2,2024-01-13,2023-12-30,wk inc flu hosp,quantile,0.25,97.62831792330681
UMass-flusion_spatial2,09,2,2024-01-13,2023-12-30,wk inc flu hosp,quantile,0.3,106.6187306585903
UMass-flusion_spatial2,09,2,2024-01-13,2023-12-30,wk inc flu hosp,quantile,0.35,110.61425095861432
UMass-flusion_spatial2,09,2,2024-01-13,2023-12-30,wk inc flu hosp,quantile,0.4,117.21041805517348
UMass-flusion_spatial2,09,2,2024-01-13,2023-12-30,wk inc flu hosp,quantile,0.45,123.94073168059427
UMass-flusion_spatial2,09,2,2024-01-13,2023-12-30,wk inc flu hosp,quantile,0.5,131.41183852988019
UMass-flusion_spatial2,09,2,2024-01-13,2023-12-30,wk inc flu hosp,quantile,0.55,138.48399099772718
UMass-flusion_spatial2,09,2,2024-01-13,2023-12-30,wk inc flu hosp,quantile,0.6,146.57553283695754
UMass-flusion_spatial2,09,2,2024-01-13,2023-12-30,wk inc flu hosp,quantile,0.65,159.2681835546526
UMass-flusion_spatial2,09,2,2024-01-13,2023-12-30,wk inc flu hosp,quantile,0.7,171.56227096468336
UMass-flusion_spatial2,09,2,2024-01-13,2023-12-30,wk inc flu hosp,quantile,0.75,181.07332862199206
UMass-flusion_spatial2,09,2,2024-01-13,2023-12-30,wk inc flu hosp,quantile,0.8,195.63671022759416
UMass-flusion_spatial2,09,2,2024-01-13,2023-12-30,wk inc flu hosp,quantile,0.85,211.10803301786382
UMass-flusion_spatial2,09,2,2024-01-13,2023-12-30,wk inc flu hosp,quantile,0.9,234.97861054209085
UMass-flusion_spatial2,09,2,2024-01-13,2023-12-30,wk inc flu hosp,quantile,0.95,275.9911389617839
UMass-flusion_spatial2,09,2,2024-01-13,2023-12-30,wk inc flu hosp,quantile,0.975,314.0774418065106
UMass-flusion_spatial2,09,2,2024-01-13,2023-12-30,wk inc flu hosp,quantile,0.99,356.6215595616435
UMass-flusion_spatial2,09,3,2024-01-20,2023-12-30,wk inc flu hosp,quantile,0.01,20.56194254339792
UMass-flusion_spatial2,09,3,2024-01-20,2023-12-30,wk inc flu hosp,quantile,0.025,31.957715276718325
UMass-flusion_spatial2,09,3,2024-01-20,2023-12-30,wk inc flu hosp,quantile,0.05,42.44882902381973
UMass-flusion_spatial2,09,3,2024-01-20,2023-12-30,wk inc flu hosp,quantile,0.1,57.71293722843616
UMass-flusion_spatial2,09,3,2024-01-20,2023-12-30,wk inc flu hosp,quantile,0.15,68.68081584061007
UMass-flusion_spatial2,09,3,2024-01-20,2023-12-30,wk inc flu hosp,quantile,0.2,78.68012911062155
UMass-flusion_spatial2,09,3,2024-01-20,2023-12-30,wk inc flu hosp,quantile,0.25,86.82347361559391
UMass-flusion_spatial2,09,3,2024-01-20,2023-12-30,wk inc flu hosp,quantile,0.3,93.91115371101415
UMass-flusion_spatial2,09,3,2024-01-20,2023-12-30,wk inc flu hosp,quantile,0.35,98.46856102092644
UMass-flusion_spatial2,09,3,2024-01-20,2023-12-30,wk inc flu hosp,quantile,0.4,105.63805068438245
UMass-flusion_spatial2,09,3,2024-01-20,2023-12-30,wk inc flu hosp,quantile,0.45,112.36615378759129
UMass-flusion_spatial2,09,3,2024-01-20,2023-12-30,wk inc flu hosp,quantile,0.5,118.8718544092047
UMass-flusion_spatial2,09,3,2024-01-20,2023-12-30,wk inc flu hosp,quantile,0.55,127.44404543323805
UMass-flusion_spatial2,09,3,2024-01-20,2023-12-30,wk inc flu hosp,quantile,0.6,137.1950896403676
UMass-flusion_spatial2,09,3,2024-01-20,2023-12-30,wk inc flu hosp,quantile,0.65,149.54451323009718
UMass-flusion_spatial2,09,3,2024-01-20,2023-12-30,wk inc flu hosp,quantile,0.7,162.5739577110174
UMass-flusion_spatial2,09,3,2024-01-20,2023-12-30,wk inc flu hosp,quantile,0.75,174.12616050839517
UMass-flusion_spatial2,09,3,2024-01-20,2023-12-30,wk inc flu hosp,quantile,0.8,189.1572536877791
UMass-flusion_spatial2,09,3,2024-01-20,2023-12-30,wk inc flu hosp,quantile,0.85,211.4824475117461
UMass-flusion_spatial2,09,3,2024-01-20,2023-12-30,wk inc flu hosp,quantile,0.9,242.82336071401932
UMass-flusion_spatial2,09,3,2024-01-20,2023-12-30,wk inc flu hosp,quantile,0.95,293.0217584916901
UMass-flusion_spatial2,09,3,2024-01-20,2023-12-30,wk inc flu hosp,quantile,0.975,336.18365223115313
UMass-flusion_spatial2,09,3,2024-01-20,2023-12-30,wk inc flu hosp,quantile,0.99,397.2222631817399
UMass-flusion_spatial2,10,0,2023-12-30,2023-12-30,wk inc flu hosp,quantile,0.01,7.9132604014045125
UMass-flusion_spatial2,10,0,2023-12-30,2023-12-30,wk inc flu hosp,quantile,0.025,11.113398803674873
UMass-flusion_spatial2,10,0,2023-12-30,2023-12-30,wk inc flu hosp,quantile,0.05,13.895984323719981
UMass-flusion_spatial2,10,0,2023-12-30,2023-12-30,wk inc flu hosp,quantile,0.1,16.664881023479346
UMass-flusion_spatial2,10,0,2023-12-30,2023-12-30,wk inc flu hosp,quantile,0.15,19.25998628619203
UMass-flusion_spatial2,10,0,2023-12-30,2023-12-30,wk inc flu hosp,quantile,0.2,21.711333755583944
UMass-flusion_spatial2,10,0,2023-12-30,2023-12-30,wk inc flu hosp,quantile,0.25,23.68522947699823
UMass-flusion_spatial2,10,0,2023-12-30,2023-12-30,wk inc flu hosp,quantile,0.3,25.081408127362717
UMass-flusion_spatial2,10,0,2023-12-30,2023-12-30,wk inc flu hosp,quantile,0.35,26.623686638917953
UMass-flusion_spatial2,10,0,2023-12-30,2023-12-30,wk inc flu hosp,quantile,0.4,28.1574222863318
UMass-flusion_spatial2,10,0,2023-12-30,2023-12-30,wk inc flu hosp,quantile,0.45,29.717658724642106
UMass-flusion_spatial2,10,0,2023-12-30,2023-12-30,wk inc flu hosp,quantile,0.5,31.316095510547992
UMass-flusion_spatial2,10,0,2023-12-30,2023-12-30,wk inc flu hosp,quantile,0.55,33.366933829381246
UMass-flusion_spatial2,10,0,2023-12-30,2023-12-30,wk inc flu hosp,quantile,0.6,34.7550087931006
UMass-flusion_spatial2,10,0,2023-12-30,2023-12-30,wk inc flu hosp,quantile,0.65,36.87059249606379
UMass-flusion_spatial2,10,0,2023-12-30,2023-12-30,wk inc flu hosp,quantile,0.7,38.50348085665185
UMass-flusion_spatial2,10,0,2023-12-30,2023-12-30,wk inc flu hosp,quantile,0.75,41.00482778003851
UMass-flusion_spatial2,10,0,2023-12-30,2023-12-30,wk inc flu hosp,quantile,0.8,43.205607545483964
UMass-flusion_spatial2,10,0,2023-12-30,2023-12-30,wk inc flu hosp,quantile,0.85,46.00433720507566
UMass-flusion_spatial2,10,0,2023-12-30,2023-12-30,wk inc flu hosp,quantile,0.9,48.44561946883479
UMass-flusion_spatial2,10,0,2023-12-30,2023-12-30,wk inc flu hosp,quantile,0.95,55.41982290038566
UMass-flusion_spatial2,10,0,2023-12-30,2023-12-30,wk inc flu hosp,quantile,0.975,60.81749495466135
UMass-flusion_spatial2,10,0,2023-12-30,2023-12-30,wk inc flu hosp,quantile,0.99,68.95060268752667
UMass-flusion_spatial2,10,1,2024-01-06,2023-12-30,wk inc flu hosp,quantile,0.01,4.74940857294386
UMass-flusion_spatial2,10,1,2024-01-06,2023-12-30,wk inc flu hosp,quantile,0.025,8.074310702229512
UMass-flusion_spatial2,10,1,2024-01-06,2023-12-30,wk inc flu hosp,quantile,0.05,10.943586825079867
UMass-flusion_spatial2,10,1,2024-01-06,2023-12-30,wk inc flu hosp,quantile,0.1,14.743335877898547
UMass-flusion_spatial2,10,1,2024-01-06,2023-12-30,wk inc flu hosp,quantile,0.15,17.700193902747944
UMass-flusion_spatial2,10,1,2024-01-06,2023-12-30,wk inc flu hosp,quantile,0.2,20.65069703125687
UMass-flusion_spatial2,10,1,2024-01-06,2023-12-30,wk inc flu hosp,quantile,0.25,23.11901274894774
UMass-flusion_spatial2,10,1,2024-01-06,2023-12-30,wk inc flu hosp,quantile,0.3,25.35012422483458
UMass-flusion_spatial2,10,1,2024-01-06,2023-12-30,wk inc flu hosp,quantile,0.35,27.280002319944153
UMass-flusion_spatial2,10,1,2024-01-06,2023-12-30,wk inc flu hosp,quantile,0.4,29.158232316957196
UMass-flusion_spatial2,10,1,2024-01-06,2023-12-30,wk inc flu hosp,quantile,0.45,31.755234687403593
UMass-flusion_spatial2,10,1,2024-01-06,2023-12-30,wk inc flu hosp,quantile,0.5,34.32356433099956
UMass-flusion_spatial2,10,1,2024-01-06,2023-12-30,wk inc flu hosp,quantile,0.55,36.88369281354967
UMass-flusion_spatial2,10,1,2024-01-06,2023-12-30,wk inc flu hosp,quantile,0.6,39.91705462458167
UMass-flusion_spatial2,10,1,2024-01-06,2023-12-30,wk inc flu hosp,quantile,0.65,42.530841781422396
UMass-flusion_spatial2,10,1,2024-01-06,2023-12-30,wk inc flu hosp,quantile,0.7,45.25774504777098
UMass-flusion_spatial2,10,1,2024-01-06,2023-12-30,wk inc flu hosp,quantile,0.75,48.78788361296944
UMass-flusion_spatial2,10,1,2024-01-06,2023-12-30,wk inc flu hosp,quantile,0.8,52.66982377321979
UMass-flusion_spatial2,10,1,2024-01-06,2023-12-30,wk inc flu hosp,quantile,0.85,57.446238276642575
UMass-flusion_spatial2,10,1,2024-01-06,2023-12-30,wk inc flu hosp,quantile,0.9,63.42757650683336
UMass-flusion_spatial2,10,1,2024-01-06,2023-12-30,wk inc flu hosp,quantile,0.95,74.6117740034046
UMass-flusion_spatial2,10,1,2024-01-06,2023-12-30,wk inc flu hosp,quantile,0.975,85.09287433309008
UMass-flusion_spatial2,10,1,2024-01-06,2023-12-30,wk inc flu hosp,quantile,0.99,102.32526976910093
UMass-flusion_spatial2,10,2,2024-01-13,2023-12-30,wk inc flu hosp,quantile,0.01,2.9781527375460883
UMass-flusion_spatial2,10,2,2024-01-13,2023-12-30,wk inc flu hosp,quantile,0.025,5.880549237801045
UMass-flusion_spatial2,10,2,2024-01-13,2023-12-30,wk inc flu hosp,quantile,0.05,8.695133788066437
UMass-flusion_spatial2,10,2,2024-01-13,2023-12-30,wk inc flu hosp,quantile,0.1,12.368434419111882
UMass-flusion_spatial2,10,2,2024-01-13,2023-12-30,wk inc flu hosp,quantile,0.15,15.906911112371494
UMass-flusion_spatial2,10,2,2024-01-13,2023-12-30,wk inc flu hosp,quantile,0.2,18.605502219388413
UMass-flusion_spatial2,10,2,2024-01-13,2023-12-30,wk inc flu hosp,quantile,0.25,20.851134951348875
UMass-flusion_spatial2,10,2,2024-01-13,2023-12-30,wk inc flu hosp,quantile,0.3,23.73307057015613
UMass-flusion_spatial2,10,2,2024-01-13,2023-12-30,wk inc flu hosp,quantile,0.35,26.205061011164858
UMass-flusion_spatial2,10,2,2024-01-13,2023-12-30,wk inc flu hosp,quantile,0.4,28.563779556372836
UMass-flusion_spatial2,10,2,2024-01-13,2023-12-30,wk inc flu hosp,quantile,0.45,31.742380594954525
UMass-flusion_spatial2,10,2,2024-01-13,2023-12-30,wk inc flu hosp,quantile,0.5,35.07958553758966
UMass-flusion_spatial2,10,2,2024-01-13,2023-12-30,wk inc flu hosp,quantile,0.55,37.578720411426914
UMass-flusion_spatial2,10,2,2024-01-13,2023-12-30,wk inc flu hosp,quantile,0.6,41.61062574704384
UMass-flusion_spatial2,10,2,2024-01-13,2023-12-30,wk inc flu hosp,quantile,0.65,45.25791048285836
UMass-flusion_spatial2,10,2,2024-01-13,2023-12-30,wk inc flu hosp,quantile,0.7,48.78812785142163
UMass-flusion_spatial2,10,2,2024-01-13,2023-12-30,wk inc flu hosp,quantile,0.75,53.704335162858264
UMass-flusion_spatial2,10,2,2024-01-13,2023-12-30,wk inc flu hosp,quantile,0.8,57.945084631194476
UMass-flusion_spatial2,10,2,2024-01-13,2023-12-30,wk inc flu hosp,quantile,0.85,65.24654553018462
UMass-flusion_spatial2,10,2,2024-01-13,2023-12-30,wk inc flu hosp,quantile,0.9,75.33680809368275
UMass-flusion_spatial2,10,2,2024-01-13,2023-12-30,wk inc flu hosp,quantile,0.95,90.03287835834945
UMass-flusion_spatial2,10,2,2024-01-13,2023-12-30,wk inc flu hosp,quantile,0.975,110.75418110636633
UMass-flusion_spatial2,10,2,2024-01-13,2023-12-30,wk inc flu hosp,quantile,0.99,125.05804093103772
UMass-flusion_spatial2,10,3,2024-01-20,2023-12-30,wk inc flu hosp,quantile,0.01,2.735302872480795
UMass-flusion_spatial2,10,3,2024-01-20,2023-12-30,wk inc flu hosp,quantile,0.025,4.454445827629261
UMass-flusion_spatial2,10,3,2024-01-20,2023-12-30,wk inc flu hosp,quantile,0.05,6.8536998514183685
UMass-flusion_spatial2,10,3,2024-01-20,2023-12-30,wk inc flu hosp,quantile,0.1,10.676102460462026
UMass-flusion_spatial2,10,3,2024-01-20,2023-12-30,wk inc flu hosp,quantile,0.15,13.727987653424695
UMass-flusion_spatial2,10,3,2024-01-20,2023-12-30,wk inc flu hosp,quantile,0.2,16.349876413723074
UMass-flusion_spatial2,10,3,2024-01-20,2023-12-30,wk inc flu hosp,quantile,0.25,18.610994355391075
UMass-flusion_spatial2,10,3,2024-01-20,2023-12-30,wk inc flu hosp,quantile,0.3,21.105585696719373
UMass-flusion_spatial2,10,3,2024-01-20,2023-12-30,wk inc flu hosp,quantile,0.35,23.692565742469554
UMass-flusion_spatial2,10,3,2024-01-20,2023-12-30,wk inc flu hosp,quantile,0.4,26.597385548221354
UMass-flusion_spatial2,10,3,2024-01-20,2023-12-30,wk inc flu hosp,quantile,0.45,29.712502745886873
UMass-flusion_spatial2,10,3,2024-01-20,2023-12-30,wk inc flu hosp,quantile,0.5,33.37806421497505
UMass-flusion_spatial2,10,3,2024-01-20,2023-12-30,wk inc flu hosp,quantile,0.55,36.754680772341246
UMass-flusion_spatial2,10,3,2024-01-20,2023-12-30,wk inc flu hosp,quantile,0.6,40.61902495386357
UMass-flusion_spatial2,10,3,2024-01-20,2023-12-30,wk inc flu hosp,quantile,0.65,44.791508847003286
UMass-flusion_spatial2,10,3,2024-01-20,2023-12-30,wk inc flu hosp,quantile,0.7,49.37123625742516
UMass-flusion_spatial2,10,3,2024-01-20,2023-12-30,wk inc flu hosp,quantile,0.75,55.74701337352689
UMass-flusion_spatial2,10,3,2024-01-20,2023-12-30,wk inc flu hosp,quantile,0.8,61.27494343564966
UMass-flusion_spatial2,10,3,2024-01-20,2023-12-30,wk inc flu hosp,quantile,0.85,69.10646943175198
UMass-flusion_spatial2,10,3,2024-01-20,2023-12-30,wk inc flu hosp,quantile,0.9,82.64718542799943
UMass-flusion_spatial2,10,3,2024-01-20,2023-12-30,wk inc flu hosp,quantile,0.95,102.57838643134127
UMass-flusion_spatial2,10,3,2024-01-20,2023-12-30,wk inc flu hosp,quantile,0.975,123.98151774741775
UMass-flusion_spatial2,10,3,2024-01-20,2023-12-30,wk inc flu hosp,quantile,0.99,151.92402410523982
UMass-flusion_spatial2,11,0,2023-12-30,2023-12-30,wk inc flu hosp,quantile,0.01,16.134104247456207
UMass-flusion_spatial2,11,0,2023-12-30,2023-12-30,wk inc flu hosp,quantile,0.025,20.161075321292007
UMass-flusion_spatial2,11,0,2023-12-30,2023-12-30,wk inc flu hosp,quantile,0.05,23.143006453228146
UMass-flusion_spatial2,11,0,2023-12-30,2023-12-30,wk inc flu hosp,quantile,0.1,26.151578799639374
UMass-flusion_spatial2,11,0,2023-12-30,2023-12-30,wk inc flu hosp,quantile,0.15,29.45804734426069
UMass-flusion_spatial2,11,0,2023-12-30,2023-12-30,wk inc flu hosp,quantile,0.2,31.88879610366908
UMass-flusion_spatial2,11,0,2023-12-30,2023-12-30,wk inc flu hosp,quantile,0.25,33.81082155741359
UMass-flusion_spatial2,11,0,2023-12-30,2023-12-30,wk inc flu hosp,quantile,0.3,35.68017425131984
UMass-flusion_spatial2,11,0,2023-12-30,2023-12-30,wk inc flu hosp,quantile,0.35,36.42307764016675
UMass-flusion_spatial2,11,0,2023-12-30,2023-12-30,wk inc flu hosp,quantile,0.4,37.554207583890275
UMass-flusion_spatial2,11,0,2023-12-30,2023-12-30,wk inc flu hosp,quantile,0.45,39.16433908287584
UMass-flusion_spatial2,11,0,2023-12-30,2023-12-30,wk inc flu hosp,quantile,0.5,40.35390246988336
UMass-flusion_spatial2,11,0,2023-12-30,2023-12-30,wk inc flu hosp,quantile,0.55,42.18805372015181
UMass-flusion_spatial2,11,0,2023-12-30,2023-12-30,wk inc flu hosp,quantile,0.6,43.95287146816254
UMass-flusion_spatial2,11,0,2023-12-30,2023-12-30,wk inc flu hosp,quantile,0.65,46.20728831412677
UMass-flusion_spatial2,11,0,2023-12-30,2023-12-30,wk inc flu hosp,quantile,0.7,48.29027937323424
UMass-flusion_spatial2,11,0,2023-12-30,2023-12-30,wk inc flu hosp,quantile,0.75,50.05779552422324
UMass-flusion_spatial2,11,0,2023-12-30,2023-12-30,wk inc flu hosp,quantile,0.8,52.105844673650765
UMass-flusion_spatial2,11,0,2023-12-30,2023-12-30,wk inc flu hosp,quantile,0.85,53.86962860932394
UMass-flusion_spatial2,11,0,2023-12-30,2023-12-30,wk inc flu hosp,quantile,0.9,56.46312403359465
UMass-flusion_spatial2,11,0,2023-12-30,2023-12-30,wk inc flu hosp,quantile,0.95,62.42798232082666
UMass-flusion_spatial2,11,0,2023-12-30,2023-12-30,wk inc flu hosp,quantile,0.975,68.57161555169161
UMass-flusion_spatial2,11,0,2023-12-30,2023-12-30,wk inc flu hosp,quantile,0.99,76.10905257231552
UMass-flusion_spatial2,11,1,2024-01-06,2023-12-30,wk inc flu hosp,quantile,0.01,12.705038656418278
UMass-flusion_spatial2,11,1,2024-01-06,2023-12-30,wk inc flu hosp,quantile,0.025,16.521313595495556
UMass-flusion_spatial2,11,1,2024-01-06,2023-12-30,wk inc flu hosp,quantile,0.05,19.596128956997894
UMass-flusion_spatial2,11,1,2024-01-06,2023-12-30,wk inc flu hosp,quantile,0.1,23.697501716752825
UMass-flusion_spatial2,11,1,2024-01-06,2023-12-30,wk inc flu hosp,quantile,0.15,27.82773909479853
UMass-flusion_spatial2,11,1,2024-01-06,2023-12-30,wk inc flu hosp,quantile,0.2,31.136847983040788
UMass-flusion_spatial2,11,1,2024-01-06,2023-12-30,wk inc flu hosp,quantile,0.25,33.48338930629474
UMass-flusion_spatial2,11,1,2024-01-06,2023-12-30,wk inc flu hosp,quantile,0.3,35.56810162415124
UMass-flusion_spatial2,11,1,2024-01-06,2023-12-30,wk inc flu hosp,quantile,0.35,37.07532543654633
UMass-flusion_spatial2,11,1,2024-01-06,2023-12-30,wk inc flu hosp,quantile,0.4,38.24222150714406
UMass-flusion_spatial2,11,1,2024-01-06,2023-12-30,wk inc flu hosp,quantile,0.45,40.4768584699208
UMass-flusion_spatial2,11,1,2024-01-06,2023-12-30,wk inc flu hosp,quantile,0.5,42.478853670705895
UMass-flusion_spatial2,11,1,2024-01-06,2023-12-30,wk inc flu hosp,quantile,0.55,44.84412730290426
UMass-flusion_spatial2,11,1,2024-01-06,2023-12-30,wk inc flu hosp,quantile,0.6,47.23518210230664
UMass-flusion_spatial2,11,1,2024-01-06,2023-12-30,wk inc flu hosp,quantile,0.65,50.47696441281798
UMass-flusion_spatial2,11,1,2024-01-06,2023-12-30,wk inc flu hosp,quantile,0.7,53.05272591095934
UMass-flusion_spatial2,11,1,2024-01-06,2023-12-30,wk inc flu hosp,quantile,0.75,56.16422008705242
UMass-flusion_spatial2,11,1,2024-01-06,2023-12-30,wk inc flu hosp,quantile,0.8,59.929532710872515
UMass-flusion_spatial2,11,1,2024-01-06,2023-12-30,wk inc flu hosp,quantile,0.85,63.02732222910282
UMass-flusion_spatial2,11,1,2024-01-06,2023-12-30,wk inc flu hosp,quantile,0.9,68.85945338968409
UMass-flusion_spatial2,11,1,2024-01-06,2023-12-30,wk inc flu hosp,quantile,0.95,79.21330104998354
UMass-flusion_spatial2,11,1,2024-01-06,2023-12-30,wk inc flu hosp,quantile,0.975,86.76828169216986
UMass-flusion_spatial2,11,1,2024-01-06,2023-12-30,wk inc flu hosp,quantile,0.99,100.99059192515048
UMass-flusion_spatial2,11,2,2024-01-13,2023-12-30,wk inc flu hosp,quantile,0.01,9.492376121780941
UMass-flusion_spatial2,11,2,2024-01-13,2023-12-30,wk inc flu hosp,quantile,0.025,13.715224095100282
UMass-flusion_spatial2,11,2,2024-01-13,2023-12-30,wk inc flu hosp,quantile,0.05,16.735787189819902
UMass-flusion_spatial2,11,2,2024-01-13,2023-12-30,wk inc flu hosp,quantile,0.1,21.242924702711797
UMass-flusion_spatial2,11,2,2024-01-13,2023-12-30,wk inc flu hosp,quantile,0.15,25.43746418186665
UMass-flusion_spatial2,11,2,2024-01-13,2023-12-30,wk inc flu hosp,quantile,0.2,28.716861074755585
UMass-flusion_spatial2,11,2,2024-01-13,2023-12-30,wk inc flu hosp,quantile,0.25,30.849571737085704
UMass-flusion_spatial2,11,2,2024-01-13,2023-12-30,wk inc flu hosp,quantile,0.3,33.48378440735942
UMass-flusion_spatial2,11,2,2024-01-13,2023-12-30,wk inc flu hosp,quantile,0.35,35.47642023916387
UMass-flusion_spatial2,11,2,2024-01-13,2023-12-30,wk inc flu hosp,quantile,0.4,37.37724287829538
UMass-flusion_spatial2,11,2,2024-01-13,2023-12-30,wk inc flu hosp,quantile,0.45,40.31548906602127
UMass-flusion_spatial2,11,2,2024-01-13,2023-12-30,wk inc flu hosp,quantile,0.5,42.76926112381926
UMass-flusion_spatial2,11,2,2024-01-13,2023-12-30,wk inc flu hosp,quantile,0.55,45.33295360265835
UMass-flusion_spatial2,11,2,2024-01-13,2023-12-30,wk inc flu hosp,quantile,0.6,48.398373541751255
UMass-flusion_spatial2,11,2,2024-01-13,2023-12-30,wk inc flu hosp,quantile,0.65,51.42431330605804
UMass-flusion_spatial2,11,2,2024-01-13,2023-12-30,wk inc flu hosp,quantile,0.7,55.368338717807156
UMass-flusion_spatial2,11,2,2024-01-13,2023-12-30,wk inc flu hosp,quantile,0.75,58.339377636200766
UMass-flusion_spatial2,11,2,2024-01-13,2023-12-30,wk inc flu hosp,quantile,0.8,62.96166066850208
UMass-flusion_spatial2,11,2,2024-01-13,2023-12-30,wk inc flu hosp,quantile,0.85,68.75763827663349
UMass-flusion_spatial2,11,2,2024-01-13,2023-12-30,wk inc flu hosp,quantile,0.9,76.54805814642687
UMass-flusion_spatial2,11,2,2024-01-13,2023-12-30,wk inc flu hosp,quantile,0.95,91.32249486843162
UMass-flusion_spatial2,11,2,2024-01-13,2023-12-30,wk inc flu hosp,quantile,0.975,101.76388725013099
UMass-flusion_spatial2,11,2,2024-01-13,2023-12-30,wk inc flu hosp,quantile,0.99,117.4086901378083
UMass-flusion_spatial2,11,3,2024-01-20,2023-12-30,wk inc flu hosp,quantile,0.01,7.171869054541065
UMass-flusion_spatial2,11,3,2024-01-20,2023-12-30,wk inc flu hosp,quantile,0.025,11.29886556637849
UMass-flusion_spatial2,11,3,2024-01-20,2023-12-30,wk inc flu hosp,quantile,0.05,14.441118108889784
UMass-flusion_spatial2,11,3,2024-01-20,2023-12-30,wk inc flu hosp,quantile,0.1,18.771710492799585
UMass-flusion_spatial2,11,3,2024-01-20,2023-12-30,wk inc flu hosp,quantile,0.15,22.900711937418325
UMass-flusion_spatial2,11,3,2024-01-20,2023-12-30,wk inc flu hosp,quantile,0.2,26.059325241788763
UMass-flusion_spatial2,11,3,2024-01-20,2023-12-30,wk inc flu hosp,quantile,0.25,28.428388895688755
UMass-flusion_spatial2,11,3,2024-01-20,2023-12-30,wk inc flu hosp,quantile,0.3,31.097616464448045
UMass-flusion_spatial2,11,3,2024-01-20,2023-12-30,wk inc flu hosp,quantile,0.35,33.50589983865888
UMass-flusion_spatial2,11,3,2024-01-20,2023-12-30,wk inc flu hosp,quantile,0.4,35.46862939866716
UMass-flusion_spatial2,11,3,2024-01-20,2023-12-30,wk inc flu hosp,quantile,0.45,38.49328290709137
UMass-flusion_spatial2,11,3,2024-01-20,2023-12-30,wk inc flu hosp,quantile,0.5,40.93582483914423
UMass-flusion_spatial2,11,3,2024-01-20,2023-12-30,wk inc flu hosp,quantile,0.55,43.992256605471994
UMass-flusion_spatial2,11,3,2024-01-20,2023-12-30,wk inc flu hosp,quantile,0.6,47.29485792132639
UMass-flusion_spatial2,11,3,2024-01-20,2023-12-30,wk inc flu hosp,quantile,0.65,51.1865142561966
UMass-flusion_spatial2,11,3,2024-01-20,2023-12-30,wk inc flu hosp,quantile,0.7,54.58303170901232
UMass-flusion_spatial2,11,3,2024-01-20,2023-12-30,wk inc flu hosp,quantile,0.75,59.25811187950473
UMass-flusion_spatial2,11,3,2024-01-20,2023-12-30,wk inc flu hosp,quantile,0.8,65.82399265772165
UMass-flusion_spatial2,11,3,2024-01-20,2023-12-30,wk inc flu hosp,quantile,0.85,73.34985076781687
UMass-flusion_spatial2,11,3,2024-01-20,2023-12-30,wk inc flu hosp,quantile,0.9,83.92062380535928
UMass-flusion_spatial2,11,3,2024-01-20,2023-12-30,wk inc flu hosp,quantile,0.95,100.81958602530645
UMass-flusion_spatial2,11,3,2024-01-20,2023-12-30,wk inc flu hosp,quantile,0.975,117.64906961256322
UMass-flusion_spatial2,11,3,2024-01-20,2023-12-30,wk inc flu hosp,quantile,0.99,137.6648484620455
UMass-flusion_spatial2,12,0,2023-12-30,2023-12-30,wk inc flu hosp,quantile,0.01,628.4064776659648
UMass-flusion_spatial2,12,0,2023-12-30,2023-12-30,wk inc flu hosp,quantile,0.025,672.1063941744254
UMass-flusion_spatial2,12,0,2023-12-30,2023-12-30,wk inc flu hosp,quantile,0.05,714.2323041462151
UMass-flusion_spatial2,12,0,2023-12-30,2023-12-30,wk inc flu hosp,quantile,0.1,775.9686428545508
UMass-flusion_spatial2,12,0,2023-12-30,2023-12-30,wk inc flu hosp,quantile,0.15,808.6668129499838
UMass-flusion_spatial2,12,0,2023-12-30,2023-12-30,wk inc flu hosp,quantile,0.2,829.3979378464285
UMass-flusion_spatial2,12,0,2023-12-30,2023-12-30,wk inc flu hosp,quantile,0.25,862.0329110264635
UMass-flusion_spatial2,12,0,2023-12-30,2023-12-30,wk inc flu hosp,quantile,0.3,886.1998437677887
UMass-flusion_spatial2,12,0,2023-12-30,2023-12-30,wk inc flu hosp,quantile,0.35,915.8680740167321
UMass-flusion_spatial2,12,0,2023-12-30,2023-12-30,wk inc flu hosp,quantile,0.4,947.7005976363766
UMass-flusion_spatial2,12,0,2023-12-30,2023-12-30,wk inc flu hosp,quantile,0.45,968.238076769717
UMass-flusion_spatial2,12,0,2023-12-30,2023-12-30,wk inc flu hosp,quantile,0.5,994.7478295939013
UMass-flusion_spatial2,12,0,2023-12-30,2023-12-30,wk inc flu hosp,quantile,0.55,1011.4911230654249
UMass-flusion_spatial2,12,0,2023-12-30,2023-12-30,wk inc flu hosp,quantile,0.6,1042.4176686317587
UMass-flusion_spatial2,12,0,2023-12-30,2023-12-30,wk inc flu hosp,quantile,0.65,1078.6963064505069
UMass-flusion_spatial2,12,0,2023-12-30,2023-12-30,wk inc flu hosp,quantile,0.7,1112.9811656704967
UMass-flusion_spatial2,12,0,2023-12-30,2023-12-30,wk inc flu hosp,quantile,0.75,1134.0572946640882
UMass-flusion_spatial2,12,0,2023-12-30,2023-12-30,wk inc flu hosp,quantile,0.8,1155.5690634797488
UMass-flusion_spatial2,12,0,2023-12-30,2023-12-30,wk inc flu hosp,quantile,0.85,1187.9832955088552
UMass-flusion_spatial2,12,0,2023-12-30,2023-12-30,wk inc flu hosp,quantile,0.9,1215.1265446856864
UMass-flusion_spatial2,12,0,2023-12-30,2023-12-30,wk inc flu hosp,quantile,0.95,1268.9509491782806
UMass-flusion_spatial2,12,0,2023-12-30,2023-12-30,wk inc flu hosp,quantile,0.975,1340.8428028735873
UMass-flusion_spatial2,12,0,2023-12-30,2023-12-30,wk inc flu hosp,quantile,0.99,1449.9857220992535
UMass-flusion_spatial2,12,1,2024-01-06,2023-12-30,wk inc flu hosp,quantile,0.01,501.2072501615108
UMass-flusion_spatial2,12,1,2024-01-06,2023-12-30,wk inc flu hosp,quantile,0.025,556.0645464607092
UMass-flusion_spatial2,12,1,2024-01-06,2023-12-30,wk inc flu hosp,quantile,0.05,608.4664376343549
UMass-flusion_spatial2,12,1,2024-01-06,2023-12-30,wk inc flu hosp,quantile,0.1,689.0782623884633
UMass-flusion_spatial2,12,1,2024-01-06,2023-12-30,wk inc flu hosp,quantile,0.15,726.3773523653281
UMass-flusion_spatial2,12,1,2024-01-06,2023-12-30,wk inc flu hosp,quantile,0.2,748.5022763863296
UMass-flusion_spatial2,12,1,2024-01-06,2023-12-30,wk inc flu hosp,quantile,0.25,792.4521383889121
UMass-flusion_spatial2,12,1,2024-01-06,2023-12-30,wk inc flu hosp,quantile,0.3,819.2096627721576
UMass-flusion_spatial2,12,1,2024-01-06,2023-12-30,wk inc flu hosp,quantile,0.35,848.2832129387566
UMass-flusion_spatial2,12,1,2024-01-06,2023-12-30,wk inc flu hosp,quantile,0.4,887.2958158055769
UMass-flusion_spatial2,12,1,2024-01-06,2023-12-30,wk inc flu hosp,quantile,0.45,916.7606218696785
UMass-flusion_spatial2,12,1,2024-01-06,2023-12-30,wk inc flu hosp,quantile,0.5,941.220133960325
UMass-flusion_spatial2,12,1,2024-01-06,2023-12-30,wk inc flu hosp,quantile,0.55,963.0875421166199
UMass-flusion_spatial2,12,1,2024-01-06,2023-12-30,wk inc flu hosp,quantile,0.6,990.6873053608557
UMass-flusion_spatial2,12,1,2024-01-06,2023-12-30,wk inc flu hosp,quantile,0.65,1021.5184662813857
UMass-flusion_spatial2,12,1,2024-01-06,2023-12-30,wk inc flu hosp,quantile,0.7,1071.7056419023793
UMass-flusion_spatial2,12,1,2024-01-06,2023-12-30,wk inc flu hosp,quantile,0.75,1109.4726760014094
UMass-flusion_spatial2,12,1,2024-01-06,2023-12-30,wk inc flu hosp,quantile,0.8,1164.9968966149802
UMass-flusion_spatial2,12,1,2024-01-06,2023-12-30,wk inc flu hosp,quantile,0.85,1218.9026361225483
UMass-flusion_spatial2,12,1,2024-01-06,2023-12-30,wk inc flu hosp,quantile,0.9,1289.0406119858858
UMass-flusion_spatial2,12,1,2024-01-06,2023-12-30,wk inc flu hosp,quantile,0.95,1390.5816801149213
UMass-flusion_spatial2,12,1,2024-01-06,2023-12-30,wk inc flu hosp,quantile,0.975,1489.404663438591
UMass-flusion_spatial2,12,1,2024-01-06,2023-12-30,wk inc flu hosp,quantile,0.99,1630.4689027463992
UMass-flusion_spatial2,12,2,2024-01-13,2023-12-30,wk inc flu hosp,quantile,0.01,393.2786483908012
UMass-flusion_spatial2,12,2,2024-01-13,2023-12-30,wk inc flu hosp,quantile,0.025,457.7845553704607
UMass-flusion_spatial2,12,2,2024-01-13,2023-12-30,wk inc flu hosp,quantile,0.05,509.3291073353381
UMass-flusion_spatial2,12,2,2024-01-13,2023-12-30,wk inc flu hosp,quantile,0.1,598.5791896622678
UMass-flusion_spatial2,12,2,2024-01-13,2023-12-30,wk inc flu hosp,quantile,0.15,631.7666153950317
UMass-flusion_spatial2,12,2,2024-01-13,2023-12-30,wk inc flu hosp,quantile,0.2,657.5227210471814
UMass-flusion_spatial2,12,2,2024-01-13,2023-12-30,wk inc flu hosp,quantile,0.25,701.6242396377062
UMass-flusion_spatial2,12,2,2024-01-13,2023-12-30,wk inc flu hosp,quantile,0.3,731.9179154353574
UMass-flusion_spatial2,12,2,2024-01-13,2023-12-30,wk inc flu hosp,quantile,0.35,776.7219926717098
UMass-flusion_spatial2,12,2,2024-01-13,2023-12-30,wk inc flu hosp,quantile,0.4,819.4613237138827
UMass-flusion_spatial2,12,2,2024-01-13,2023-12-30,wk inc flu hosp,quantile,0.45,842.3339421681515
UMass-flusion_spatial2,12,2,2024-01-13,2023-12-30,wk inc flu hosp,quantile,0.5,874.437317026456
UMass-flusion_spatial2,12,2,2024-01-13,2023-12-30,wk inc flu hosp,quantile,0.55,897.3845319409177
UMass-flusion_spatial2,12,2,2024-01-13,2023-12-30,wk inc flu hosp,quantile,0.6,928.4499907790616
UMass-flusion_spatial2,12,2,2024-01-13,2023-12-30,wk inc flu hosp,quantile,0.65,965.4062346480409
UMass-flusion_spatial2,12,2,2024-01-13,2023-12-30,wk inc flu hosp,quantile,0.7,1002.2284562891832
UMass-flusion_spatial2,12,2,2024-01-13,2023-12-30,wk inc flu hosp,quantile,0.75,1046.8591649794892
UMass-flusion_spatial2,12,2,2024-01-13,2023-12-30,wk inc flu hosp,quantile,0.8,1123.1211389017562
UMass-flusion_spatial2,12,2,2024-01-13,2023-12-30,wk inc flu hosp,quantile,0.85,1187.9629142499484
UMass-flusion_spatial2,12,2,2024-01-13,2023-12-30,wk inc flu hosp,quantile,0.9,1282.9418399210226
UMass-flusion_spatial2,12,2,2024-01-13,2023-12-30,wk inc flu hosp,quantile,0.95,1422.2011881104322
UMass-flusion_spatial2,12,2,2024-01-13,2023-12-30,wk inc flu hosp,quantile,0.975,1583.1741238883333
UMass-flusion_spatial2,12,2,2024-01-13,2023-12-30,wk inc flu hosp,quantile,0.99,1799.6075745217747
UMass-flusion_spatial2,12,3,2024-01-20,2023-12-30,wk inc flu hosp,quantile,0.01,327.27425539692297
UMass-flusion_spatial2,12,3,2024-01-20,2023-12-30,wk inc flu hosp,quantile,0.025,382.6037878221617
UMass-flusion_spatial2,12,3,2024-01-20,2023-12-30,wk inc flu hosp,quantile,0.05,437.2031430122562
UMass-flusion_spatial2,12,3,2024-01-20,2023-12-30,wk inc flu hosp,quantile,0.1,523.2779783354915
UMass-flusion_spatial2,12,3,2024-01-20,2023-12-30,wk inc flu hosp,quantile,0.15,556.3068259444815
UMass-flusion_spatial2,12,3,2024-01-20,2023-12-30,wk inc flu hosp,quantile,0.2,586.5540818137215
UMass-flusion_spatial2,12,3,2024-01-20,2023-12-30,wk inc flu hosp,quantile,0.25,625.1284044879212
UMass-flusion_spatial2,12,3,2024-01-20,2023-12-30,wk inc flu hosp,quantile,0.3,654.1308981780085
UMass-flusion_spatial2,12,3,2024-01-20,2023-12-30,wk inc flu hosp,quantile,0.35,690.2144821050879
UMass-flusion_spatial2,12,3,2024-01-20,2023-12-30,wk inc flu hosp,quantile,0.4,749.3876247827745
UMass-flusion_spatial2,12,3,2024-01-20,2023-12-30,wk inc flu hosp,quantile,0.45,772.0553788590604
UMass-flusion_spatial2,12,3,2024-01-20,2023-12-30,wk inc flu hosp,quantile,0.5,806.847874126415
UMass-flusion_spatial2,12,3,2024-01-20,2023-12-30,wk inc flu hosp,quantile,0.55,839.652262206205
UMass-flusion_spatial2,12,3,2024-01-20,2023-12-30,wk inc flu hosp,quantile,0.6,863.0541863158876
UMass-flusion_spatial2,12,3,2024-01-20,2023-12-30,wk inc flu hosp,quantile,0.65,918.7474769589877
UMass-flusion_spatial2,12,3,2024-01-20,2023-12-30,wk inc flu hosp,quantile,0.7,953.9411231849256
UMass-flusion_spatial2,12,3,2024-01-20,2023-12-30,wk inc flu hosp,quantile,0.75,1007.6095454221302
UMass-flusion_spatial2,12,3,2024-01-20,2023-12-30,wk inc flu hosp,quantile,0.8,1081.0032397660548
UMass-flusion_spatial2,12,3,2024-01-20,2023-12-30,wk inc flu hosp,quantile,0.85,1175.856801038737
UMass-flusion_spatial2,12,3,2024-01-20,2023-12-30,wk inc flu hosp,quantile,0.9,1283.691692473215
UMass-flusion_spatial2,12,3,2024-01-20,2023-12-30,wk inc flu hosp,quantile,0.95,1454.8701786325432
UMass-flusion_spatial2,12,3,2024-01-20,2023-12-30,wk inc flu hosp,quantile,0.975,1642.6594088362895
UMass-flusion_spatial2,12,3,2024-01-20,2023-12-30,wk inc flu hosp,quantile,0.99,1889.493512121435
UMass-flusion_spatial2,13,0,2023-12-30,2023-12-30,wk inc flu hosp,quantile,0.01,389.7185785368604
UMass-flusion_spatial2,13,0,2023-12-30,2023-12-30,wk inc flu hosp,quantile,0.025,418.68995666038404
UMass-flusion_spatial2,13,0,2023-12-30,2023-12-30,wk inc flu hosp,quantile,0.05,457.4110097434271
UMass-flusion_spatial2,13,0,2023-12-30,2023-12-30,wk inc flu hosp,quantile,0.1,504.77542952961295
UMass-flusion_spatial2,13,0,2023-12-30,2023-12-30,wk inc flu hosp,quantile,0.15,523.7888687648872
UMass-flusion_spatial2,13,0,2023-12-30,2023-12-30,wk inc flu hosp,quantile,0.2,538.9278633918104
UMass-flusion_spatial2,13,0,2023-12-30,2023-12-30,wk inc flu hosp,quantile,0.25,557.555164678462
UMass-flusion_spatial2,13,0,2023-12-30,2023-12-30,wk inc flu hosp,quantile,0.3,572.0525342010167
UMass-flusion_spatial2,13,0,2023-12-30,2023-12-30,wk inc flu hosp,quantile,0.35,592.6654783744752
UMass-flusion_spatial2,13,0,2023-12-30,2023-12-30,wk inc flu hosp,quantile,0.4,606.0231928363861
UMass-flusion_spatial2,13,0,2023-12-30,2023-12-30,wk inc flu hosp,quantile,0.45,622.6254289029617
UMass-flusion_spatial2,13,0,2023-12-30,2023-12-30,wk inc flu hosp,quantile,0.5,635.952871767671
UMass-flusion_spatial2,13,0,2023-12-30,2023-12-30,wk inc flu hosp,quantile,0.55,655.4939264459096
UMass-flusion_spatial2,13,0,2023-12-30,2023-12-30,wk inc flu hosp,quantile,0.6,676.8594143351811
UMass-flusion_spatial2,13,0,2023-12-30,2023-12-30,wk inc flu hosp,quantile,0.65,700.9579636676647
UMass-flusion_spatial2,13,0,2023-12-30,2023-12-30,wk inc flu hosp,quantile,0.7,717.8908284634108
UMass-flusion_spatial2,13,0,2023-12-30,2023-12-30,wk inc flu hosp,quantile,0.75,728.2236005090311
UMass-flusion_spatial2,13,0,2023-12-30,2023-12-30,wk inc flu hosp,quantile,0.8,749.914840727469
UMass-flusion_spatial2,13,0,2023-12-30,2023-12-30,wk inc flu hosp,quantile,0.85,762.8684804588429
UMass-flusion_spatial2,13,0,2023-12-30,2023-12-30,wk inc flu hosp,quantile,0.9,786.3888832691572
UMass-flusion_spatial2,13,0,2023-12-30,2023-12-30,wk inc flu hosp,quantile,0.95,834.0144881915724
UMass-flusion_spatial2,13,0,2023-12-30,2023-12-30,wk inc flu hosp,quantile,0.975,869.8669101717553
UMass-flusion_spatial2,13,0,2023-12-30,2023-12-30,wk inc flu hosp,quantile,0.99,931.6669730663498
UMass-flusion_spatial2,13,1,2024-01-06,2023-12-30,wk inc flu hosp,quantile,0.01,336.55360584249183
UMass-flusion_spatial2,13,1,2024-01-06,2023-12-30,wk inc flu hosp,quantile,0.025,362.36834559773
UMass-flusion_spatial2,13,1,2024-01-06,2023-12-30,wk inc flu hosp,quantile,0.05,406.44757733846814
UMass-flusion_spatial2,13,1,2024-01-06,2023-12-30,wk inc flu hosp,quantile,0.1,454.3736106590842
UMass-flusion_spatial2,13,1,2024-01-06,2023-12-30,wk inc flu hosp,quantile,0.15,482.90999105024304
UMass-flusion_spatial2,13,1,2024-01-06,2023-12-30,wk inc flu hosp,quantile,0.2,498.08590290140387
UMass-flusion_spatial2,13,1,2024-01-06,2023-12-30,wk inc flu hosp,quantile,0.25,521.009180066461
UMass-flusion_spatial2,13,1,2024-01-06,2023-12-30,wk inc flu hosp,quantile,0.3,538.6248751310986
UMass-flusion_spatial2,13,1,2024-01-06,2023-12-30,wk inc flu hosp,quantile,0.35,558.4673011395112
UMass-flusion_spatial2,13,1,2024-01-06,2023-12-30,wk inc flu hosp,quantile,0.4,582.0568304941671
UMass-flusion_spatial2,13,1,2024-01-06,2023-12-30,wk inc flu hosp,quantile,0.45,600.5810122912619
UMass-flusion_spatial2,13,1,2024-01-06,2023-12-30,wk inc flu hosp,quantile,0.5,621.9349546978455
UMass-flusion_spatial2,13,1,2024-01-06,2023-12-30,wk inc flu hosp,quantile,0.55,642.05420276109
UMass-flusion_spatial2,13,1,2024-01-06,2023-12-30,wk inc flu hosp,quantile,0.6,663.8501597838167
UMass-flusion_spatial2,13,1,2024-01-06,2023-12-30,wk inc flu hosp,quantile,0.65,691.6854535162124
UMass-flusion_spatial2,13,1,2024-01-06,2023-12-30,wk inc flu hosp,quantile,0.7,712.3786864541655
UMass-flusion_spatial2,13,1,2024-01-06,2023-12-30,wk inc flu hosp,quantile,0.75,735.4591195934665
UMass-flusion_spatial2,13,1,2024-01-06,2023-12-30,wk inc flu hosp,quantile,0.8,765.5357015906181
UMass-flusion_spatial2,13,1,2024-01-06,2023-12-30,wk inc flu hosp,quantile,0.85,792.3605429582236
UMass-flusion_spatial2,13,1,2024-01-06,2023-12-30,wk inc flu hosp,quantile,0.9,837.6855406037325
UMass-flusion_spatial2,13,1,2024-01-06,2023-12-30,wk inc flu hosp,quantile,0.95,922.4358951117874
UMass-flusion_spatial2,13,1,2024-01-06,2023-12-30,wk inc flu hosp,quantile,0.975,976.7596919852804
UMass-flusion_spatial2,13,1,2024-01-06,2023-12-30,wk inc flu hosp,quantile,0.99,1054.031963165422
UMass-flusion_spatial2,13,2,2024-01-13,2023-12-30,wk inc flu hosp,quantile,0.01,272.4290521547208
UMass-flusion_spatial2,13,2,2024-01-13,2023-12-30,wk inc flu hosp,quantile,0.025,304.3768514025696
UMass-flusion_spatial2,13,2,2024-01-13,2023-12-30,wk inc flu hosp,quantile,0.05,353.851659977798
UMass-flusion_spatial2,13,2,2024-01-13,2023-12-30,wk inc flu hosp,quantile,0.1,398.08780343332825
UMass-flusion_spatial2,13,2,2024-01-13,2023-12-30,wk inc flu hosp,quantile,0.15,422.6347629725974
UMass-flusion_spatial2,13,2,2024-01-13,2023-12-30,wk inc flu hosp,quantile,0.2,448.6427002990879
UMass-flusion_spatial2,13,2,2024-01-13,2023-12-30,wk inc flu hosp,quantile,0.25,476.0977405582488
UMass-flusion_spatial2,13,2,2024-01-13,2023-12-30,wk inc flu hosp,quantile,0.3,488.83530090149395
UMass-flusion_spatial2,13,2,2024-01-13,2023-12-30,wk inc flu hosp,quantile,0.35,517.554558826658
UMass-flusion_spatial2,13,2,2024-01-13,2023-12-30,wk inc flu hosp,quantile,0.4,543.3776091849171
UMass-flusion_spatial2,13,2,2024-01-13,2023-12-30,wk inc flu hosp,quantile,0.45,566.829881733296
UMass-flusion_spatial2,13,2,2024-01-13,2023-12-30,wk inc flu hosp,quantile,0.5,584.262783811959
UMass-flusion_spatial2,13,2,2024-01-13,2023-12-30,wk inc flu hosp,quantile,0.55,610.1206978505061
UMass-flusion_spatial2,13,2,2024-01-13,2023-12-30,wk inc flu hosp,quantile,0.6,630.8602715069703
UMass-flusion_spatial2,13,2,2024-01-13,2023-12-30,wk inc flu hosp,quantile,0.65,654.3892161034616
UMass-flusion_spatial2,13,2,2024-01-13,2023-12-30,wk inc flu hosp,quantile,0.7,676.4200794219141
UMass-flusion_spatial2,13,2,2024-01-13,2023-12-30,wk inc flu hosp,quantile,0.75,709.2395067584728
UMass-flusion_spatial2,13,2,2024-01-13,2023-12-30,wk inc flu hosp,quantile,0.8,746.666556480757
UMass-flusion_spatial2,13,2,2024-01-13,2023-12-30,wk inc flu hosp,quantile,0.85,785.624981096613
UMass-flusion_spatial2,13,2,2024-01-13,2023-12-30,wk inc flu hosp,quantile,0.9,842.6669013377789
UMass-flusion_spatial2,13,2,2024-01-13,2023-12-30,wk inc flu hosp,quantile,0.95,950.1083771130964
UMass-flusion_spatial2,13,2,2024-01-13,2023-12-30,wk inc flu hosp,quantile,0.975,1030.4879862722426
UMass-flusion_spatial2,13,2,2024-01-13,2023-12-30,wk inc flu hosp,quantile,0.99,1133.3245910899423
UMass-flusion_spatial2,13,3,2024-01-20,2023-12-30,wk inc flu hosp,quantile,0.01,222.0409024616235
UMass-flusion_spatial2,13,3,2024-01-20,2023-12-30,wk inc flu hosp,quantile,0.025,247.51444423405053
UMass-flusion_spatial2,13,3,2024-01-20,2023-12-30,wk inc flu hosp,quantile,0.05,293.98171415215864
UMass-flusion_spatial2,13,3,2024-01-20,2023-12-30,wk inc flu hosp,quantile,0.1,340.4155412219261
UMass-flusion_spatial2,13,3,2024-01-20,2023-12-30,wk inc flu hosp,quantile,0.15,365.5022921912697
UMass-flusion_spatial2,13,3,2024-01-20,2023-12-30,wk inc flu hosp,quantile,0.2,394.93846878387706
UMass-flusion_spatial2,13,3,2024-01-20,2023-12-30,wk inc flu hosp,quantile,0.25,424.2568292222688
UMass-flusion_spatial2,13,3,2024-01-20,2023-12-30,wk inc flu hosp,quantile,0.3,439.942120116179
UMass-flusion_spatial2,13,3,2024-01-20,2023-12-30,wk inc flu hosp,quantile,0.35,470.89968829289353
UMass-flusion_spatial2,13,3,2024-01-20,2023-12-30,wk inc flu hosp,quantile,0.4,489.06346697670415
UMass-flusion_spatial2,13,3,2024-01-20,2023-12-30,wk inc flu hosp,quantile,0.45,521.5988623908771
UMass-flusion_spatial2,13,3,2024-01-20,2023-12-30,wk inc flu hosp,quantile,0.5,540.0570564931135
UMass-flusion_spatial2,13,3,2024-01-20,2023-12-30,wk inc flu hosp,quantile,0.55,561.7226800822694
UMass-flusion_spatial2,13,3,2024-01-20,2023-12-30,wk inc flu hosp,quantile,0.6,582.9721925290412
UMass-flusion_spatial2,13,3,2024-01-20,2023-12-30,wk inc flu hosp,quantile,0.65,614.2090593104244
UMass-flusion_spatial2,13,3,2024-01-20,2023-12-30,wk inc flu hosp,quantile,0.7,638.3173442148034
UMass-flusion_spatial2,13,3,2024-01-20,2023-12-30,wk inc flu hosp,quantile,0.75,666.133074035347
UMass-flusion_spatial2,13,3,2024-01-20,2023-12-30,wk inc flu hosp,quantile,0.8,711.2647705444379
UMass-flusion_spatial2,13,3,2024-01-20,2023-12-30,wk inc flu hosp,quantile,0.85,762.0521271876923
UMass-flusion_spatial2,13,3,2024-01-20,2023-12-30,wk inc flu hosp,quantile,0.9,839.6784034988084
UMass-flusion_spatial2,13,3,2024-01-20,2023-12-30,wk inc flu hosp,quantile,0.95,958.0698112951881
UMass-flusion_spatial2,13,3,2024-01-20,2023-12-30,wk inc flu hosp,quantile,0.975,1051.2153555115956
UMass-flusion_spatial2,13,3,2024-01-20,2023-12-30,wk inc flu hosp,quantile,0.99,1175.5245653312577
UMass-flusion_spatial2,15,0,2023-12-30,2023-12-30,wk inc flu hosp,quantile,0.01,8.728695994654245
UMass-flusion_spatial2,15,0,2023-12-30,2023-12-30,wk inc flu hosp,quantile,0.025,10.424792876399131
UMass-flusion_spatial2,15,0,2023-12-30,2023-12-30,wk inc flu hosp,quantile,0.05,11.975685732554693
UMass-flusion_spatial2,15,0,2023-12-30,2023-12-30,wk inc flu hosp,quantile,0.1,14.365858271530952
UMass-flusion_spatial2,15,0,2023-12-30,2023-12-30,wk inc flu hosp,quantile,0.15,16.176550123319124
UMass-flusion_spatial2,15,0,2023-12-30,2023-12-30,wk inc flu hosp,quantile,0.2,17.743375364773996
UMass-flusion_spatial2,15,0,2023-12-30,2023-12-30,wk inc flu hosp,quantile,0.25,18.975237680653034
UMass-flusion_spatial2,15,0,2023-12-30,2023-12-30,wk inc flu hosp,quantile,0.3,20.223865825270295
UMass-flusion_spatial2,15,0,2023-12-30,2023-12-30,wk inc flu hosp,quantile,0.35,21.32289528166136
UMass-flusion_spatial2,15,0,2023-12-30,2023-12-30,wk inc flu hosp,quantile,0.4,22.206859692841775
UMass-flusion_spatial2,15,0,2023-12-30,2023-12-30,wk inc flu hosp,quantile,0.45,22.99421599526314
UMass-flusion_spatial2,15,0,2023-12-30,2023-12-30,wk inc flu hosp,quantile,0.5,23.78220813472203
UMass-flusion_spatial2,15,0,2023-12-30,2023-12-30,wk inc flu hosp,quantile,0.55,24.498403125977077
UMass-flusion_spatial2,15,0,2023-12-30,2023-12-30,wk inc flu hosp,quantile,0.6,25.977268482999175
UMass-flusion_spatial2,15,0,2023-12-30,2023-12-30,wk inc flu hosp,quantile,0.65,27.234333022592583
UMass-flusion_spatial2,15,0,2023-12-30,2023-12-30,wk inc flu hosp,quantile,0.7,28.25379936338736
UMass-flusion_spatial2,15,0,2023-12-30,2023-12-30,wk inc flu hosp,quantile,0.75,29.916777839291584
UMass-flusion_spatial2,15,0,2023-12-30,2023-12-30,wk inc flu hosp,quantile,0.8,31.54110578334618
UMass-flusion_spatial2,15,0,2023-12-30,2023-12-30,wk inc flu hosp,quantile,0.85,33.16852979576224
UMass-flusion_spatial2,15,0,2023-12-30,2023-12-30,wk inc flu hosp,quantile,0.9,36.10995609548125
UMass-flusion_spatial2,15,0,2023-12-30,2023-12-30,wk inc flu hosp,quantile,0.95,41.22952380982438
UMass-flusion_spatial2,15,0,2023-12-30,2023-12-30,wk inc flu hosp,quantile,0.975,45.77932339578096
UMass-flusion_spatial2,15,0,2023-12-30,2023-12-30,wk inc flu hosp,quantile,0.99,51.655770782486904
UMass-flusion_spatial2,15,1,2024-01-06,2023-12-30,wk inc flu hosp,quantile,0.01,4.465151099432374
UMass-flusion_spatial2,15,1,2024-01-06,2023-12-30,wk inc flu hosp,quantile,0.025,6.0976861134470495
UMass-flusion_spatial2,15,1,2024-01-06,2023-12-30,wk inc flu hosp,quantile,0.05,7.550272087381004
UMass-flusion_spatial2,15,1,2024-01-06,2023-12-30,wk inc flu hosp,quantile,0.1,9.271950532652394
UMass-flusion_spatial2,15,1,2024-01-06,2023-12-30,wk inc flu hosp,quantile,0.15,11.557098756122103
UMass-flusion_spatial2,15,1,2024-01-06,2023-12-30,wk inc flu hosp,quantile,0.2,13.366683550525913
UMass-flusion_spatial2,15,1,2024-01-06,2023-12-30,wk inc flu hosp,quantile,0.25,14.739674686293014
UMass-flusion_spatial2,15,1,2024-01-06,2023-12-30,wk inc flu hosp,quantile,0.3,15.7337318755649
UMass-flusion_spatial2,15,1,2024-01-06,2023-12-30,wk inc flu hosp,quantile,0.35,17.415955965406333
UMass-flusion_spatial2,15,1,2024-01-06,2023-12-30,wk inc flu hosp,quantile,0.4,18.31514206530843
UMass-flusion_spatial2,15,1,2024-01-06,2023-12-30,wk inc flu hosp,quantile,0.45,19.5795296953935
UMass-flusion_spatial2,15,1,2024-01-06,2023-12-30,wk inc flu hosp,quantile,0.5,20.849770977333726
UMass-flusion_spatial2,15,1,2024-01-06,2023-12-30,wk inc flu hosp,quantile,0.55,22.09734604875417
UMass-flusion_spatial2,15,1,2024-01-06,2023-12-30,wk inc flu hosp,quantile,0.6,23.684342425674693
UMass-flusion_spatial2,15,1,2024-01-06,2023-12-30,wk inc flu hosp,quantile,0.65,25.511739610969006
UMass-flusion_spatial2,15,1,2024-01-06,2023-12-30,wk inc flu hosp,quantile,0.7,27.064247240154078
UMass-flusion_spatial2,15,1,2024-01-06,2023-12-30,wk inc flu hosp,quantile,0.75,29.538315747177116
UMass-flusion_spatial2,15,1,2024-01-06,2023-12-30,wk inc flu hosp,quantile,0.8,31.89206073498358
UMass-flusion_spatial2,15,1,2024-01-06,2023-12-30,wk inc flu hosp,quantile,0.85,34.97616692202342
UMass-flusion_spatial2,15,1,2024-01-06,2023-12-30,wk inc flu hosp,quantile,0.9,38.99489479612246
UMass-flusion_spatial2,15,1,2024-01-06,2023-12-30,wk inc flu hosp,quantile,0.95,45.753634246827346
UMass-flusion_spatial2,15,1,2024-01-06,2023-12-30,wk inc flu hosp,quantile,0.975,53.036494139522276
UMass-flusion_spatial2,15,1,2024-01-06,2023-12-30,wk inc flu hosp,quantile,0.99,62.488248356294946
UMass-flusion_spatial2,15,2,2024-01-13,2023-12-30,wk inc flu hosp,quantile,0.01,2.670794903989582
UMass-flusion_spatial2,15,2,2024-01-13,2023-12-30,wk inc flu hosp,quantile,0.025,3.1181609335571205
UMass-flusion_spatial2,15,2,2024-01-13,2023-12-30,wk inc flu hosp,quantile,0.05,3.87648291928023
UMass-flusion_spatial2,15,2,2024-01-13,2023-12-30,wk inc flu hosp,quantile,0.1,5.563760690937563
UMass-flusion_spatial2,15,2,2024-01-13,2023-12-30,wk inc flu hosp,quantile,0.15,7.509387736749625
UMass-flusion_spatial2,15,2,2024-01-13,2023-12-30,wk inc flu hosp,quantile,0.2,9.246319194261588
UMass-flusion_spatial2,15,2,2024-01-13,2023-12-30,wk inc flu hosp,quantile,0.25,10.650893113575574
UMass-flusion_spatial2,15,2,2024-01-13,2023-12-30,wk inc flu hosp,quantile,0.3,11.955920317365788
UMass-flusion_spatial2,15,2,2024-01-13,2023-12-30,wk inc flu hosp,quantile,0.35,13.383963757365347
UMass-flusion_spatial2,15,2,2024-01-13,2023-12-30,wk inc flu hosp,quantile,0.4,14.563342401270504
UMass-flusion_spatial2,15,2,2024-01-13,2023-12-30,wk inc flu hosp,quantile,0.45,16.01622189318386
UMass-flusion_spatial2,15,2,2024-01-13,2023-12-30,wk inc flu hosp,quantile,0.5,17.64772439649807
UMass-flusion_spatial2,15,2,2024-01-13,2023-12-30,wk inc flu hosp,quantile,0.55,19.371425027040424
UMass-flusion_spatial2,15,2,2024-01-13,2023-12-30,wk inc flu hosp,quantile,0.6,21.069673621624652
UMass-flusion_spatial2,15,2,2024-01-13,2023-12-30,wk inc flu hosp,quantile,0.65,23.134151992317395
UMass-flusion_spatial2,15,2,2024-01-13,2023-12-30,wk inc flu hosp,quantile,0.7,25.348503451143106
UMass-flusion_spatial2,15,2,2024-01-13,2023-12-30,wk inc flu hosp,quantile,0.75,28.465003676504356
UMass-flusion_spatial2,15,2,2024-01-13,2023-12-30,wk inc flu hosp,quantile,0.8,31.715448755372027
UMass-flusion_spatial2,15,2,2024-01-13,2023-12-30,wk inc flu hosp,quantile,0.85,35.277770514180794
UMass-flusion_spatial2,15,2,2024-01-13,2023-12-30,wk inc flu hosp,quantile,0.9,41.2678072472135
UMass-flusion_spatial2,15,2,2024-01-13,2023-12-30,wk inc flu hosp,quantile,0.95,51.207448446769206
UMass-flusion_spatial2,15,2,2024-01-13,2023-12-30,wk inc flu hosp,quantile,0.975,60.97030021058981
UMass-flusion_spatial2,15,2,2024-01-13,2023-12-30,wk inc flu hosp,quantile,0.99,73.01668023636196
UMass-flusion_spatial2,15,3,2024-01-20,2023-12-30,wk inc flu hosp,quantile,0.01,2.1319761726503934
UMass-flusion_spatial2,15,3,2024-01-20,2023-12-30,wk inc flu hosp,quantile,0.025,2.411249892070457
UMass-flusion_spatial2,15,3,2024-01-20,2023-12-30,wk inc flu hosp,quantile,0.05,2.727774574342963
UMass-flusion_spatial2,15,3,2024-01-20,2023-12-30,wk inc flu hosp,quantile,0.1,3.2436118145217483
UMass-flusion_spatial2,15,3,2024-01-20,2023-12-30,wk inc flu hosp,quantile,0.15,4.91138144790675
UMass-flusion_spatial2,15,3,2024-01-20,2023-12-30,wk inc flu hosp,quantile,0.2,6.418808470264835
UMass-flusion_spatial2,15,3,2024-01-20,2023-12-30,wk inc flu hosp,quantile,0.25,7.945999641817579
UMass-flusion_spatial2,15,3,2024-01-20,2023-12-30,wk inc flu hosp,quantile,0.3,9.395809041757435
UMass-flusion_spatial2,15,3,2024-01-20,2023-12-30,wk inc flu hosp,quantile,0.35,10.754408242324637
UMass-flusion_spatial2,15,3,2024-01-20,2023-12-30,wk inc flu hosp,quantile,0.4,12.080981986159902
UMass-flusion_spatial2,15,3,2024-01-20,2023-12-30,wk inc flu hosp,quantile,0.45,13.921464403560808
UMass-flusion_spatial2,15,3,2024-01-20,2023-12-30,wk inc flu hosp,quantile,0.5,15.365775398635494
UMass-flusion_spatial2,15,3,2024-01-20,2023-12-30,wk inc flu hosp,quantile,0.55,16.952782165252245
UMass-flusion_spatial2,15,3,2024-01-20,2023-12-30,wk inc flu hosp,quantile,0.6,19.20756339030263
UMass-flusion_spatial2,15,3,2024-01-20,2023-12-30,wk inc flu hosp,quantile,0.65,21.585534282063197
UMass-flusion_spatial2,15,3,2024-01-20,2023-12-30,wk inc flu hosp,quantile,0.7,23.5490778966205
UMass-flusion_spatial2,15,3,2024-01-20,2023-12-30,wk inc flu hosp,quantile,0.75,26.889112007531825
UMass-flusion_spatial2,15,3,2024-01-20,2023-12-30,wk inc flu hosp,quantile,0.8,30.927808727757917
UMass-flusion_spatial2,15,3,2024-01-20,2023-12-30,wk inc flu hosp,quantile,0.85,35.8239517987809
UMass-flusion_spatial2,15,3,2024-01-20,2023-12-30,wk inc flu hosp,quantile,0.9,43.41442182590277
UMass-flusion_spatial2,15,3,2024-01-20,2023-12-30,wk inc flu hosp,quantile,0.95,56.86387638310222
UMass-flusion_spatial2,15,3,2024-01-20,2023-12-30,wk inc flu hosp,quantile,0.975,68.74592502816968
UMass-flusion_spatial2,15,3,2024-01-20,2023-12-30,wk inc flu hosp,quantile,0.99,87.00373891360702
UMass-flusion_spatial2,16,0,2023-12-30,2023-12-30,wk inc flu hosp,quantile,0.01,65.29499338612435
UMass-flusion_spatial2,16,0,2023-12-30,2023-12-30,wk inc flu hosp,quantile,0.025,77.24540685283273
UMass-flusion_spatial2,16,0,2023-12-30,2023-12-30,wk inc flu hosp,quantile,0.05,86.86098828043653
UMass-flusion_spatial2,16,0,2023-12-30,2023-12-30,wk inc flu hosp,quantile,0.1,100.15079466640738
UMass-flusion_spatial2,16,0,2023-12-30,2023-12-30,wk inc flu hosp,quantile,0.15,111.8351954830157
UMass-flusion_spatial2,16,0,2023-12-30,2023-12-30,wk inc flu hosp,quantile,0.2,120.43438052503444
UMass-flusion_spatial2,16,0,2023-12-30,2023-12-30,wk inc flu hosp,quantile,0.25,127.11570886352152
UMass-flusion_spatial2,16,0,2023-12-30,2023-12-30,wk inc flu hosp,quantile,0.3,132.98743419876948
UMass-flusion_spatial2,16,0,2023-12-30,2023-12-30,wk inc flu hosp,quantile,0.35,137.81170172102804
UMass-flusion_spatial2,16,0,2023-12-30,2023-12-30,wk inc flu hosp,quantile,0.4,141.83863599465093
UMass-flusion_spatial2,16,0,2023-12-30,2023-12-30,wk inc flu hosp,quantile,0.45,147.1491995775081
UMass-flusion_spatial2,16,0,2023-12-30,2023-12-30,wk inc flu hosp,quantile,0.5,152.53951891984923
UMass-flusion_spatial2,16,0,2023-12-30,2023-12-30,wk inc flu hosp,quantile,0.55,157.74824027590947
UMass-flusion_spatial2,16,0,2023-12-30,2023-12-30,wk inc flu hosp,quantile,0.6,163.65702186133726
UMass-flusion_spatial2,16,0,2023-12-30,2023-12-30,wk inc flu hosp,quantile,0.65,173.48522208864205
UMass-flusion_spatial2,16,0,2023-12-30,2023-12-30,wk inc flu hosp,quantile,0.7,179.95696554288543
UMass-flusion_spatial2,16,0,2023-12-30,2023-12-30,wk inc flu hosp,quantile,0.75,185.77791265062123
UMass-flusion_spatial2,16,0,2023-12-30,2023-12-30,wk inc flu hosp,quantile,0.8,191.2051707095335
UMass-flusion_spatial2,16,0,2023-12-30,2023-12-30,wk inc flu hosp,quantile,0.85,197.48150138013204
UMass-flusion_spatial2,16,0,2023-12-30,2023-12-30,wk inc flu hosp,quantile,0.9,207.26192516285454
UMass-flusion_spatial2,16,0,2023-12-30,2023-12-30,wk inc flu hosp,quantile,0.95,224.18847946719245
UMass-flusion_spatial2,16,0,2023-12-30,2023-12-30,wk inc flu hosp,quantile,0.975,241.36937372875877
UMass-flusion_spatial2,16,0,2023-12-30,2023-12-30,wk inc flu hosp,quantile,0.99,269.78270223407344
UMass-flusion_spatial2,16,1,2024-01-06,2023-12-30,wk inc flu hosp,quantile,0.01,51.9410739729035
UMass-flusion_spatial2,16,1,2024-01-06,2023-12-30,wk inc flu hosp,quantile,0.025,65.87164307086593
UMass-flusion_spatial2,16,1,2024-01-06,2023-12-30,wk inc flu hosp,quantile,0.05,77.42465863084459
UMass-flusion_spatial2,16,1,2024-01-06,2023-12-30,wk inc flu hosp,quantile,0.1,94.87849402296624
UMass-flusion_spatial2,16,1,2024-01-06,2023-12-30,wk inc flu hosp,quantile,0.15,108.41347345061732
UMass-flusion_spatial2,16,1,2024-01-06,2023-12-30,wk inc flu hosp,quantile,0.2,118.81861428148113
UMass-flusion_spatial2,16,1,2024-01-06,2023-12-30,wk inc flu hosp,quantile,0.25,126.60063198766612
UMass-flusion_spatial2,16,1,2024-01-06,2023-12-30,wk inc flu hosp,quantile,0.3,134.2905686365578
UMass-flusion_spatial2,16,1,2024-01-06,2023-12-30,wk inc flu hosp,quantile,0.35,141.608063802718
UMass-flusion_spatial2,16,1,2024-01-06,2023-12-30,wk inc flu hosp,quantile,0.4,146.40383442486535
UMass-flusion_spatial2,16,1,2024-01-06,2023-12-30,wk inc flu hosp,quantile,0.45,152.8503613090822
UMass-flusion_spatial2,16,1,2024-01-06,2023-12-30,wk inc flu hosp,quantile,0.5,160.96714052875592
UMass-flusion_spatial2,16,1,2024-01-06,2023-12-30,wk inc flu hosp,quantile,0.55,167.79700730090502
UMass-flusion_spatial2,16,1,2024-01-06,2023-12-30,wk inc flu hosp,quantile,0.6,176.22969497371977
UMass-flusion_spatial2,16,1,2024-01-06,2023-12-30,wk inc flu hosp,quantile,0.65,186.42697584269078
UMass-flusion_spatial2,16,1,2024-01-06,2023-12-30,wk inc flu hosp,quantile,0.7,195.35122634572127
UMass-flusion_spatial2,16,1,2024-01-06,2023-12-30,wk inc flu hosp,quantile,0.75,205.04730736675756
UMass-flusion_spatial2,16,1,2024-01-06,2023-12-30,wk inc flu hosp,quantile,0.8,217.08363185984393
UMass-flusion_spatial2,16,1,2024-01-06,2023-12-30,wk inc flu hosp,quantile,0.85,232.8130550462755
UMass-flusion_spatial2,16,1,2024-01-06,2023-12-30,wk inc flu hosp,quantile,0.9,251.3224296382512
UMass-flusion_spatial2,16,1,2024-01-06,2023-12-30,wk inc flu hosp,quantile,0.95,282.60758877237515
UMass-flusion_spatial2,16,1,2024-01-06,2023-12-30,wk inc flu hosp,quantile,0.975,312.75994492327095
UMass-flusion_spatial2,16,1,2024-01-06,2023-12-30,wk inc flu hosp,quantile,0.99,355.39985684506905
UMass-flusion_spatial2,16,2,2024-01-13,2023-12-30,wk inc flu hosp,quantile,0.01,40.174221885106476
UMass-flusion_spatial2,16,2,2024-01-13,2023-12-30,wk inc flu hosp,quantile,0.025,51.718888935425326
UMass-flusion_spatial2,16,2,2024-01-13,2023-12-30,wk inc flu hosp,quantile,0.05,65.38044285874787
UMass-flusion_spatial2,16,2,2024-01-13,2023-12-30,wk inc flu hosp,quantile,0.1,82.91261731709704
UMass-flusion_spatial2,16,2,2024-01-13,2023-12-30,wk inc flu hosp,quantile,0.15,96.15291182513654
UMass-flusion_spatial2,16,2,2024-01-13,2023-12-30,wk inc flu hosp,quantile,0.2,107.2609567443276
UMass-flusion_spatial2,16,2,2024-01-13,2023-12-30,wk inc flu hosp,quantile,0.25,116.51201393616898
UMass-flusion_spatial2,16,2,2024-01-13,2023-12-30,wk inc flu hosp,quantile,0.3,125.22432422230614
UMass-flusion_spatial2,16,2,2024-01-13,2023-12-30,wk inc flu hosp,quantile,0.35,134.9012506041481
UMass-flusion_spatial2,16,2,2024-01-13,2023-12-30,wk inc flu hosp,quantile,0.4,141.2829187943711
UMass-flusion_spatial2,16,2,2024-01-13,2023-12-30,wk inc flu hosp,quantile,0.45,150.58816708077904
UMass-flusion_spatial2,16,2,2024-01-13,2023-12-30,wk inc flu hosp,quantile,0.5,158.07822310869875
UMass-flusion_spatial2,16,2,2024-01-13,2023-12-30,wk inc flu hosp,quantile,0.55,166.4631579386395
UMass-flusion_spatial2,16,2,2024-01-13,2023-12-30,wk inc flu hosp,quantile,0.6,175.82405296397582
UMass-flusion_spatial2,16,2,2024-01-13,2023-12-30,wk inc flu hosp,quantile,0.65,185.15764098092768
UMass-flusion_spatial2,16,2,2024-01-13,2023-12-30,wk inc flu hosp,quantile,0.7,198.4160251388468
UMass-flusion_spatial2,16,2,2024-01-13,2023-12-30,wk inc flu hosp,quantile,0.75,208.29332120945537
UMass-flusion_spatial2,16,2,2024-01-13,2023-12-30,wk inc flu hosp,quantile,0.8,223.2359276105086
UMass-flusion_spatial2,16,2,2024-01-13,2023-12-30,wk inc flu hosp,quantile,0.85,244.6051888699639
UMass-flusion_spatial2,16,2,2024-01-13,2023-12-30,wk inc flu hosp,quantile,0.9,272.8149107460544
UMass-flusion_spatial2,16,2,2024-01-13,2023-12-30,wk inc flu hosp,quantile,0.95,322.8163737929771
UMass-flusion_spatial2,16,2,2024-01-13,2023-12-30,wk inc flu hosp,quantile,0.975,370.7186727542265
UMass-flusion_spatial2,16,2,2024-01-13,2023-12-30,wk inc flu hosp,quantile,0.99,426.7566035179312
UMass-flusion_spatial2,16,3,2024-01-20,2023-12-30,wk inc flu hosp,quantile,0.01,30.412070928375982
UMass-flusion_spatial2,16,3,2024-01-20,2023-12-30,wk inc flu hosp,quantile,0.025,42.23338093364646
UMass-flusion_spatial2,16,3,2024-01-20,2023-12-30,wk inc flu hosp,quantile,0.05,54.32271492978596
UMass-flusion_spatial2,16,3,2024-01-20,2023-12-30,wk inc flu hosp,quantile,0.1,71.90766837401371
UMass-flusion_spatial2,16,3,2024-01-20,2023-12-30,wk inc flu hosp,quantile,0.15,85.79874917743514
UMass-flusion_spatial2,16,3,2024-01-20,2023-12-30,wk inc flu hosp,quantile,0.2,96.19999695537123
UMass-flusion_spatial2,16,3,2024-01-20,2023-12-30,wk inc flu hosp,quantile,0.25,105.71924109985704
UMass-flusion_spatial2,16,3,2024-01-20,2023-12-30,wk inc flu hosp,quantile,0.3,114.8273300973537
UMass-flusion_spatial2,16,3,2024-01-20,2023-12-30,wk inc flu hosp,quantile,0.35,123.59850460491566
UMass-flusion_spatial2,16,3,2024-01-20,2023-12-30,wk inc flu hosp,quantile,0.4,130.88700606733272
UMass-flusion_spatial2,16,3,2024-01-20,2023-12-30,wk inc flu hosp,quantile,0.45,138.1766471378887
UMass-flusion_spatial2,16,3,2024-01-20,2023-12-30,wk inc flu hosp,quantile,0.5,146.3760859075015
UMass-flusion_spatial2,16,3,2024-01-20,2023-12-30,wk inc flu hosp,quantile,0.55,157.78361745446955
UMass-flusion_spatial2,16,3,2024-01-20,2023-12-30,wk inc flu hosp,quantile,0.6,167.50586760714026
UMass-flusion_spatial2,16,3,2024-01-20,2023-12-30,wk inc flu hosp,quantile,0.65,181.258791884887
UMass-flusion_spatial2,16,3,2024-01-20,2023-12-30,wk inc flu hosp,quantile,0.7,192.33208976433878
UMass-flusion_spatial2,16,3,2024-01-20,2023-12-30,wk inc flu hosp,quantile,0.75,205.71052322993043
UMass-flusion_spatial2,16,3,2024-01-20,2023-12-30,wk inc flu hosp,quantile,0.8,224.879054514105
UMass-flusion_spatial2,16,3,2024-01-20,2023-12-30,wk inc flu hosp,quantile,0.85,252.0023060116857
UMass-flusion_spatial2,16,3,2024-01-20,2023-12-30,wk inc flu hosp,quantile,0.9,289.1759400129361
UMass-flusion_spatial2,16,3,2024-01-20,2023-12-30,wk inc flu hosp,quantile,0.95,347.62587427313906
UMass-flusion_spatial2,16,3,2024-01-20,2023-12-30,wk inc flu hosp,quantile,0.975,401.631457763374
UMass-flusion_spatial2,16,3,2024-01-20,2023-12-30,wk inc flu hosp,quantile,0.99,481.97836895619724
UMass-flusion_spatial2,17,0,2023-12-30,2023-12-30,wk inc flu hosp,quantile,0.01,279.50580561150355
UMass-flusion_spatial2,17,0,2023-12-30,2023-12-30,wk inc flu hosp,quantile,0.025,314.3282328403419
UMass-flusion_spatial2,17,0,2023-12-30,2023-12-30,wk inc flu hosp,quantile,0.05,349.1981692383823
UMass-flusion_spatial2,17,0,2023-12-30,2023-12-30,wk inc flu hosp,quantile,0.1,387.2520389497775
UMass-flusion_spatial2,17,0,2023-12-30,2023-12-30,wk inc flu hosp,quantile,0.15,419.98825673786234
UMass-flusion_spatial2,17,0,2023-12-30,2023-12-30,wk inc flu hosp,quantile,0.2,451.24983247887104
UMass-flusion_spatial2,17,0,2023-12-30,2023-12-30,wk inc flu hosp,quantile,0.25,477.3631571125983
UMass-flusion_spatial2,17,0,2023-12-30,2023-12-30,wk inc flu hosp,quantile,0.3,496.9467317214822
UMass-flusion_spatial2,17,0,2023-12-30,2023-12-30,wk inc flu hosp,quantile,0.35,503.5836237400954
UMass-flusion_spatial2,17,0,2023-12-30,2023-12-30,wk inc flu hosp,quantile,0.4,509.39541336667116
UMass-flusion_spatial2,17,0,2023-12-30,2023-12-30,wk inc flu hosp,quantile,0.45,524.5603899259395
UMass-flusion_spatial2,17,0,2023-12-30,2023-12-30,wk inc flu hosp,quantile,0.5,538.658547133464
UMass-flusion_spatial2,17,0,2023-12-30,2023-12-30,wk inc flu hosp,quantile,0.55,553.3752796852908
UMass-flusion_spatial2,17,0,2023-12-30,2023-12-30,wk inc flu hosp,quantile,0.6,574.0768392861623
UMass-flusion_spatial2,17,0,2023-12-30,2023-12-30,wk inc flu hosp,quantile,0.65,596.03072354612
UMass-flusion_spatial2,17,0,2023-12-30,2023-12-30,wk inc flu hosp,quantile,0.7,610.1844277256891
UMass-flusion_spatial2,17,0,2023-12-30,2023-12-30,wk inc flu hosp,quantile,0.75,625.7304365504572
UMass-flusion_spatial2,17,0,2023-12-30,2023-12-30,wk inc flu hosp,quantile,0.8,637.7189550819089
UMass-flusion_spatial2,17,0,2023-12-30,2023-12-30,wk inc flu hosp,quantile,0.85,652.2787798561012
UMass-flusion_spatial2,17,0,2023-12-30,2023-12-30,wk inc flu hosp,quantile,0.9,665.8928156334894
UMass-flusion_spatial2,17,0,2023-12-30,2023-12-30,wk inc flu hosp,quantile,0.95,705.9339596047016
UMass-flusion_spatial2,17,0,2023-12-30,2023-12-30,wk inc flu hosp,quantile,0.975,742.9891072161124
UMass-flusion_spatial2,17,0,2023-12-30,2023-12-30,wk inc flu hosp,quantile,0.99,799.4630208283307
UMass-flusion_spatial2,17,1,2024-01-06,2023-12-30,wk inc flu hosp,quantile,0.01,236.26021380777306
UMass-flusion_spatial2,17,1,2024-01-06,2023-12-30,wk inc flu hosp,quantile,0.025,273.5938079524677
UMass-flusion_spatial2,17,1,2024-01-06,2023-12-30,wk inc flu hosp,quantile,0.05,310.96879954110693
UMass-flusion_spatial2,17,1,2024-01-06,2023-12-30,wk inc flu hosp,quantile,0.1,366.34095399353157
UMass-flusion_spatial2,17,1,2024-01-06,2023-12-30,wk inc flu hosp,quantile,0.15,405.89296123133647
UMass-flusion_spatial2,17,1,2024-01-06,2023-12-30,wk inc flu hosp,quantile,0.2,441.81180047757175
UMass-flusion_spatial2,17,1,2024-01-06,2023-12-30,wk inc flu hosp,quantile,0.25,467.39338645071996
UMass-flusion_spatial2,17,1,2024-01-06,2023-12-30,wk inc flu hosp,quantile,0.3,489.02158771068264
UMass-flusion_spatial2,17,1,2024-01-06,2023-12-30,wk inc flu hosp,quantile,0.35,504.2771048492019
UMass-flusion_spatial2,17,1,2024-01-06,2023-12-30,wk inc flu hosp,quantile,0.4,513.6353779700595
UMass-flusion_spatial2,17,1,2024-01-06,2023-12-30,wk inc flu hosp,quantile,0.45,533.9146555410741
UMass-flusion_spatial2,17,1,2024-01-06,2023-12-30,wk inc flu hosp,quantile,0.5,553.5445489735002
UMass-flusion_spatial2,17,1,2024-01-06,2023-12-30,wk inc flu hosp,quantile,0.55,571.2061536171109
UMass-flusion_spatial2,17,1,2024-01-06,2023-12-30,wk inc flu hosp,quantile,0.6,598.4434269959213
UMass-flusion_spatial2,17,1,2024-01-06,2023-12-30,wk inc flu hosp,quantile,0.65,631.9673517276733
UMass-flusion_spatial2,17,1,2024-01-06,2023-12-30,wk inc flu hosp,quantile,0.7,651.0808517368589
UMass-flusion_spatial2,17,1,2024-01-06,2023-12-30,wk inc flu hosp,quantile,0.75,666.879671168391
UMass-flusion_spatial2,17,1,2024-01-06,2023-12-30,wk inc flu hosp,quantile,0.8,700.7263470416001
UMass-flusion_spatial2,17,1,2024-01-06,2023-12-30,wk inc flu hosp,quantile,0.85,727.2378566229013
UMass-flusion_spatial2,17,1,2024-01-06,2023-12-30,wk inc flu hosp,quantile,0.9,774.2276062098638
UMass-flusion_spatial2,17,1,2024-01-06,2023-12-30,wk inc flu hosp,quantile,0.95,831.5589026860241
UMass-flusion_spatial2,17,1,2024-01-06,2023-12-30,wk inc flu hosp,quantile,0.975,896.9843336339434
UMass-flusion_spatial2,17,1,2024-01-06,2023-12-30,wk inc flu hosp,quantile,0.99,996.9415616423014
UMass-flusion_spatial2,17,2,2024-01-13,2023-12-30,wk inc flu hosp,quantile,0.01,189.66671376916386
UMass-flusion_spatial2,17,2,2024-01-13,2023-12-30,wk inc flu hosp,quantile,0.025,232.6062244305086
UMass-flusion_spatial2,17,2,2024-01-13,2023-12-30,wk inc flu hosp,quantile,0.05,272.660836462958
UMass-flusion_spatial2,17,2,2024-01-13,2023-12-30,wk inc flu hosp,quantile,0.1,328.45150371331783
UMass-flusion_spatial2,17,2,2024-01-13,2023-12-30,wk inc flu hosp,quantile,0.15,371.5159194982633
UMass-flusion_spatial2,17,2,2024-01-13,2023-12-30,wk inc flu hosp,quantile,0.2,406.46876999671343
UMass-flusion_spatial2,17,2,2024-01-13,2023-12-30,wk inc flu hosp,quantile,0.25,435.28263398507477
UMass-flusion_spatial2,17,2,2024-01-13,2023-12-30,wk inc flu hosp,quantile,0.3,459.76353242815003
UMass-flusion_spatial2,17,2,2024-01-13,2023-12-30,wk inc flu hosp,quantile,0.35,483.6593540322137
UMass-flusion_spatial2,17,2,2024-01-13,2023-12-30,wk inc flu hosp,quantile,0.4,498.7567228469218
UMass-flusion_spatial2,17,2,2024-01-13,2023-12-30,wk inc flu hosp,quantile,0.45,522.6131661545494
UMass-flusion_spatial2,17,2,2024-01-13,2023-12-30,wk inc flu hosp,quantile,0.5,545.7785729051149
UMass-flusion_spatial2,17,2,2024-01-13,2023-12-30,wk inc flu hosp,quantile,0.55,564.3392514766542
UMass-flusion_spatial2,17,2,2024-01-13,2023-12-30,wk inc flu hosp,quantile,0.6,595.5777105398267
UMass-flusion_spatial2,17,2,2024-01-13,2023-12-30,wk inc flu hosp,quantile,0.65,626.3732741294482
UMass-flusion_spatial2,17,2,2024-01-13,2023-12-30,wk inc flu hosp,quantile,0.7,642.9855317603663
UMass-flusion_spatial2,17,2,2024-01-13,2023-12-30,wk inc flu hosp,quantile,0.75,666.3150585817137
UMass-flusion_spatial2,17,2,2024-01-13,2023-12-30,wk inc flu hosp,quantile,0.8,700.9982925521645
UMass-flusion_spatial2,17,2,2024-01-13,2023-12-30,wk inc flu hosp,quantile,0.85,749.7543924348187
UMass-flusion_spatial2,17,2,2024-01-13,2023-12-30,wk inc flu hosp,quantile,0.9,803.3472896678029
UMass-flusion_spatial2,17,2,2024-01-13,2023-12-30,wk inc flu hosp,quantile,0.95,915.7325065710202
UMass-flusion_spatial2,17,2,2024-01-13,2023-12-30,wk inc flu hosp,quantile,0.975,1016.2422134788947
UMass-flusion_spatial2,17,2,2024-01-13,2023-12-30,wk inc flu hosp,quantile,0.99,1171.7022885769416
UMass-flusion_spatial2,17,3,2024-01-20,2023-12-30,wk inc flu hosp,quantile,0.01,154.0825345802562
UMass-flusion_spatial2,17,3,2024-01-20,2023-12-30,wk inc flu hosp,quantile,0.025,195.7544915934675
UMass-flusion_spatial2,17,3,2024-01-20,2023-12-30,wk inc flu hosp,quantile,0.05,237.4588008100089
UMass-flusion_spatial2,17,3,2024-01-20,2023-12-30,wk inc flu hosp,quantile,0.1,295.68055011628894
UMass-flusion_spatial2,17,3,2024-01-20,2023-12-30,wk inc flu hosp,quantile,0.15,336.5161408591198
UMass-flusion_spatial2,17,3,2024-01-20,2023-12-30,wk inc flu hosp,quantile,0.2,369.3654278205473
UMass-flusion_spatial2,17,3,2024-01-20,2023-12-30,wk inc flu hosp,quantile,0.25,402.16222904007
UMass-flusion_spatial2,17,3,2024-01-20,2023-12-30,wk inc flu hosp,quantile,0.3,430.49333110571547
UMass-flusion_spatial2,17,3,2024-01-20,2023-12-30,wk inc flu hosp,quantile,0.35,448.6476044690004
UMass-flusion_spatial2,17,3,2024-01-20,2023-12-30,wk inc flu hosp,quantile,0.4,468.71652661654525
UMass-flusion_spatial2,17,3,2024-01-20,2023-12-30,wk inc flu hosp,quantile,0.45,494.1851955045222
UMass-flusion_spatial2,17,3,2024-01-20,2023-12-30,wk inc flu hosp,quantile,0.5,516.594927830327
UMass-flusion_spatial2,17,3,2024-01-20,2023-12-30,wk inc flu hosp,quantile,0.55,540.1135829764613
UMass-flusion_spatial2,17,3,2024-01-20,2023-12-30,wk inc flu hosp,quantile,0.6,576.8357677511353
UMass-flusion_spatial2,17,3,2024-01-20,2023-12-30,wk inc flu hosp,quantile,0.65,600.1266612746056
UMass-flusion_spatial2,17,3,2024-01-20,2023-12-30,wk inc flu hosp,quantile,0.7,623.3538248958478
UMass-flusion_spatial2,17,3,2024-01-20,2023-12-30,wk inc flu hosp,quantile,0.75,651.878248421636
UMass-flusion_spatial2,17,3,2024-01-20,2023-12-30,wk inc flu hosp,quantile,0.8,695.9498343100826
UMass-flusion_spatial2,17,3,2024-01-20,2023-12-30,wk inc flu hosp,quantile,0.85,749.3543030246649
UMass-flusion_spatial2,17,3,2024-01-20,2023-12-30,wk inc flu hosp,quantile,0.9,819.3537696075095
UMass-flusion_spatial2,17,3,2024-01-20,2023-12-30,wk inc flu hosp,quantile,0.95,959.1362232266649
UMass-flusion_spatial2,17,3,2024-01-20,2023-12-30,wk inc flu hosp,quantile,0.975,1097.84217250745
UMass-flusion_spatial2,17,3,2024-01-20,2023-12-30,wk inc flu hosp,quantile,0.99,1276.626269965329
UMass-flusion_spatial2,18,0,2023-12-30,2023-12-30,wk inc flu hosp,quantile,0.01,231.09562890023258
UMass-flusion_spatial2,18,0,2023-12-30,2023-12-30,wk inc flu hosp,quantile,0.025,261.8109590140689
UMass-flusion_spatial2,18,0,2023-12-30,2023-12-30,wk inc flu hosp,quantile,0.05,288.2494430201014
UMass-flusion_spatial2,18,0,2023-12-30,2023-12-30,wk inc flu hosp,quantile,0.1,320.44804022534913
UMass-flusion_spatial2,18,0,2023-12-30,2023-12-30,wk inc flu hosp,quantile,0.15,344.82247569293025
UMass-flusion_spatial2,18,0,2023-12-30,2023-12-30,wk inc flu hosp,quantile,0.2,365.3482337203421
UMass-flusion_spatial2,18,0,2023-12-30,2023-12-30,wk inc flu hosp,quantile,0.25,383.18820841535967
UMass-flusion_spatial2,18,0,2023-12-30,2023-12-30,wk inc flu hosp,quantile,0.3,397.78385406143406
UMass-flusion_spatial2,18,0,2023-12-30,2023-12-30,wk inc flu hosp,quantile,0.35,404.9954277917679
UMass-flusion_spatial2,18,0,2023-12-30,2023-12-30,wk inc flu hosp,quantile,0.4,416.5448212266791
UMass-flusion_spatial2,18,0,2023-12-30,2023-12-30,wk inc flu hosp,quantile,0.45,430.09698644013633
UMass-flusion_spatial2,18,0,2023-12-30,2023-12-30,wk inc flu hosp,quantile,0.5,445.4408074456327
UMass-flusion_spatial2,18,0,2023-12-30,2023-12-30,wk inc flu hosp,quantile,0.55,461.1947209851892
UMass-flusion_spatial2,18,0,2023-12-30,2023-12-30,wk inc flu hosp,quantile,0.6,480.44291018683816
UMass-flusion_spatial2,18,0,2023-12-30,2023-12-30,wk inc flu hosp,quantile,0.65,501.7288190346215
UMass-flusion_spatial2,18,0,2023-12-30,2023-12-30,wk inc flu hosp,quantile,0.7,518.5243851463858
UMass-flusion_spatial2,18,0,2023-12-30,2023-12-30,wk inc flu hosp,quantile,0.75,532.8201228448743
UMass-flusion_spatial2,18,0,2023-12-30,2023-12-30,wk inc flu hosp,quantile,0.8,546.587132041638
UMass-flusion_spatial2,18,0,2023-12-30,2023-12-30,wk inc flu hosp,quantile,0.85,557.9140602301414
UMass-flusion_spatial2,18,0,2023-12-30,2023-12-30,wk inc flu hosp,quantile,0.9,573.5162144921414
UMass-flusion_spatial2,18,0,2023-12-30,2023-12-30,wk inc flu hosp,quantile,0.95,607.8354352461413
UMass-flusion_spatial2,18,0,2023-12-30,2023-12-30,wk inc flu hosp,quantile,0.975,641.8752076561038
UMass-flusion_spatial2,18,0,2023-12-30,2023-12-30,wk inc flu hosp,quantile,0.99,703.2307349603316
UMass-flusion_spatial2,18,1,2024-01-06,2023-12-30,wk inc flu hosp,quantile,0.01,190.1744664689483
UMass-flusion_spatial2,18,1,2024-01-06,2023-12-30,wk inc flu hosp,quantile,0.025,220.15115826412762
UMass-flusion_spatial2,18,1,2024-01-06,2023-12-30,wk inc flu hosp,quantile,0.05,251.358700492576
UMass-flusion_spatial2,18,1,2024-01-06,2023-12-30,wk inc flu hosp,quantile,0.1,296.2367484561546
UMass-flusion_spatial2,18,1,2024-01-06,2023-12-30,wk inc flu hosp,quantile,0.15,329.2481431190794
UMass-flusion_spatial2,18,1,2024-01-06,2023-12-30,wk inc flu hosp,quantile,0.2,351.6060832018359
UMass-flusion_spatial2,18,1,2024-01-06,2023-12-30,wk inc flu hosp,quantile,0.25,369.67702963145825
UMass-flusion_spatial2,18,1,2024-01-06,2023-12-30,wk inc flu hosp,quantile,0.3,385.45783026181573
UMass-flusion_spatial2,18,1,2024-01-06,2023-12-30,wk inc flu hosp,quantile,0.35,398.897545499563
UMass-flusion_spatial2,18,1,2024-01-06,2023-12-30,wk inc flu hosp,quantile,0.4,412.18883458793596
UMass-flusion_spatial2,18,1,2024-01-06,2023-12-30,wk inc flu hosp,quantile,0.45,428.59404982706457
UMass-flusion_spatial2,18,1,2024-01-06,2023-12-30,wk inc flu hosp,quantile,0.5,446.1703731915693
UMass-flusion_spatial2,18,1,2024-01-06,2023-12-30,wk inc flu hosp,quantile,0.55,466.34569770110437
UMass-flusion_spatial2,18,1,2024-01-06,2023-12-30,wk inc flu hosp,quantile,0.6,490.18973489007396
UMass-flusion_spatial2,18,1,2024-01-06,2023-12-30,wk inc flu hosp,quantile,0.65,518.2653986705373
UMass-flusion_spatial2,18,1,2024-01-06,2023-12-30,wk inc flu hosp,quantile,0.7,540.2040661710257
UMass-flusion_spatial2,18,1,2024-01-06,2023-12-30,wk inc flu hosp,quantile,0.75,560.8119117865871
UMass-flusion_spatial2,18,1,2024-01-06,2023-12-30,wk inc flu hosp,quantile,0.8,588.7610665773407
UMass-flusion_spatial2,18,1,2024-01-06,2023-12-30,wk inc flu hosp,quantile,0.85,617.7235671179185
UMass-flusion_spatial2,18,1,2024-01-06,2023-12-30,wk inc flu hosp,quantile,0.9,656.6989834534163
UMass-flusion_spatial2,18,1,2024-01-06,2023-12-30,wk inc flu hosp,quantile,0.95,713.2053285113379
UMass-flusion_spatial2,18,1,2024-01-06,2023-12-30,wk inc flu hosp,quantile,0.975,776.2734046999041
UMass-flusion_spatial2,18,1,2024-01-06,2023-12-30,wk inc flu hosp,quantile,0.99,855.6934887891227
UMass-flusion_spatial2,18,2,2024-01-13,2023-12-30,wk inc flu hosp,quantile,0.01,150.96033667371307
UMass-flusion_spatial2,18,2,2024-01-13,2023-12-30,wk inc flu hosp,quantile,0.025,181.06983584854572
UMass-flusion_spatial2,18,2,2024-01-13,2023-12-30,wk inc flu hosp,quantile,0.05,221.99108181122438
UMass-flusion_spatial2,18,2,2024-01-13,2023-12-30,wk inc flu hosp,quantile,0.1,262.31589610189894
UMass-flusion_spatial2,18,2,2024-01-13,2023-12-30,wk inc flu hosp,quantile,0.15,295.05466776248556
UMass-flusion_spatial2,18,2,2024-01-13,2023-12-30,wk inc flu hosp,quantile,0.2,317.97933960973154
UMass-flusion_spatial2,18,2,2024-01-13,2023-12-30,wk inc flu hosp,quantile,0.25,339.4784540029466
UMass-flusion_spatial2,18,2,2024-01-13,2023-12-30,wk inc flu hosp,quantile,0.3,358.64424902472865
UMass-flusion_spatial2,18,2,2024-01-13,2023-12-30,wk inc flu hosp,quantile,0.35,376.343665129976
UMass-flusion_spatial2,18,2,2024-01-13,2023-12-30,wk inc flu hosp,quantile,0.4,395.7892128528898
UMass-flusion_spatial2,18,2,2024-01-13,2023-12-30,wk inc flu hosp,quantile,0.45,416.22538909153184
UMass-flusion_spatial2,18,2,2024-01-13,2023-12-30,wk inc flu hosp,quantile,0.5,437.47447722605585
UMass-flusion_spatial2,18,2,2024-01-13,2023-12-30,wk inc flu hosp,quantile,0.55,451.7938691385988
UMass-flusion_spatial2,18,2,2024-01-13,2023-12-30,wk inc flu hosp,quantile,0.6,479.66229418893994
UMass-flusion_spatial2,18,2,2024-01-13,2023-12-30,wk inc flu hosp,quantile,0.65,507.94724545915597
UMass-flusion_spatial2,18,2,2024-01-13,2023-12-30,wk inc flu hosp,quantile,0.7,530.9597841895188
UMass-flusion_spatial2,18,2,2024-01-13,2023-12-30,wk inc flu hosp,quantile,0.75,554.7527834013674
UMass-flusion_spatial2,18,2,2024-01-13,2023-12-30,wk inc flu hosp,quantile,0.8,583.1863990100098
UMass-flusion_spatial2,18,2,2024-01-13,2023-12-30,wk inc flu hosp,quantile,0.85,622.4322186062034
UMass-flusion_spatial2,18,2,2024-01-13,2023-12-30,wk inc flu hosp,quantile,0.9,672.7359848970823
UMass-flusion_spatial2,18,2,2024-01-13,2023-12-30,wk inc flu hosp,quantile,0.95,758.5119928586396
UMass-flusion_spatial2,18,2,2024-01-13,2023-12-30,wk inc flu hosp,quantile,0.975,862.0414195585447
UMass-flusion_spatial2,18,2,2024-01-13,2023-12-30,wk inc flu hosp,quantile,0.99,984.9115122826715
UMass-flusion_spatial2,18,3,2024-01-20,2023-12-30,wk inc flu hosp,quantile,0.01,126.63389358794322
UMass-flusion_spatial2,18,3,2024-01-20,2023-12-30,wk inc flu hosp,quantile,0.025,151.2081258795955
UMass-flusion_spatial2,18,3,2024-01-20,2023-12-30,wk inc flu hosp,quantile,0.05,185.0834724820296
UMass-flusion_spatial2,18,3,2024-01-20,2023-12-30,wk inc flu hosp,quantile,0.1,233.07014257798062
UMass-flusion_spatial2,18,3,2024-01-20,2023-12-30,wk inc flu hosp,quantile,0.15,263.71526294116444
UMass-flusion_spatial2,18,3,2024-01-20,2023-12-30,wk inc flu hosp,quantile,0.2,284.25277791397957
UMass-flusion_spatial2,18,3,2024-01-20,2023-12-30,wk inc flu hosp,quantile,0.25,311.403436408106
UMass-flusion_spatial2,18,3,2024-01-20,2023-12-30,wk inc flu hosp,quantile,0.3,328.35390724256456
UMass-flusion_spatial2,18,3,2024-01-20,2023-12-30,wk inc flu hosp,quantile,0.35,350.11678956010076
UMass-flusion_spatial2,18,3,2024-01-20,2023-12-30,wk inc flu hosp,quantile,0.4,364.61355542452924
UMass-flusion_spatial2,18,3,2024-01-20,2023-12-30,wk inc flu hosp,quantile,0.45,388.34875112581955
UMass-flusion_spatial2,18,3,2024-01-20,2023-12-30,wk inc flu hosp,quantile,0.5,410.4931221792143
UMass-flusion_spatial2,18,3,2024-01-20,2023-12-30,wk inc flu hosp,quantile,0.55,431.33762037621284
UMass-flusion_spatial2,18,3,2024-01-20,2023-12-30,wk inc flu hosp,quantile,0.6,451.84699935788814
UMass-flusion_spatial2,18,3,2024-01-20,2023-12-30,wk inc flu hosp,quantile,0.65,478.27672558140557
UMass-flusion_spatial2,18,3,2024-01-20,2023-12-30,wk inc flu hosp,quantile,0.7,507.0547749939931
UMass-flusion_spatial2,18,3,2024-01-20,2023-12-30,wk inc flu hosp,quantile,0.75,534.5346971501424
UMass-flusion_spatial2,18,3,2024-01-20,2023-12-30,wk inc flu hosp,quantile,0.8,571.0469021619335
UMass-flusion_spatial2,18,3,2024-01-20,2023-12-30,wk inc flu hosp,quantile,0.85,618.9234016562737
UMass-flusion_spatial2,18,3,2024-01-20,2023-12-30,wk inc flu hosp,quantile,0.9,679.68810465465765
UMass-flusion_spatial2,18,3,2024-01-20,2023-12-30,wk inc flu hosp,quantile,0.95,803.2243676969415
UMass-flusion_spatial2,18,3,2024-01-20,2023-12-30,wk inc flu hosp,quantile,0.975,904.3678763860601
UMass-flusion_spatial2,18,3,2024-01-20,2023-12-30,wk inc flu hosp,quantile,0.99,1071.1684227652172
UMass-flusion_spatial2,19,0,2023-12-30,2023-12-30,wk inc flu hosp,quantile,0.01,40.5036704204538
UMass-flusion_spatial2,19,0,2023-12-30,2023-12-30,wk inc flu hosp,quantile,0.025,51.07572051909151
UMass-flusion_spatial2,19,0,2023-12-30,2023-12-30,wk inc flu hosp,quantile,0.05,59.28567228934561
UMass-flusion_spatial2,19,0,2023-12-30,2023-12-30,wk inc flu hosp,quantile,0.1,68.76218866302719
UMass-flusion_spatial2,19,0,2023-12-30,2023-12-30,wk inc flu hosp,quantile,0.15,76.91872481969821
UMass-flusion_spatial2,19,0,2023-12-30,2023-12-30,wk inc flu hosp,quantile,0.2,83.33487114421307
UMass-flusion_spatial2,19,0,2023-12-30,2023-12-30,wk inc flu hosp,quantile,0.25,89.88346170314185
UMass-flusion_spatial2,19,0,2023-12-30,2023-12-30,wk inc flu hosp,quantile,0.3,94.05841784003348
UMass-flusion_spatial2,19,0,2023-12-30,2023-12-30,wk inc flu hosp,quantile,0.35,98.00395570330258
UMass-flusion_spatial2,19,0,2023-12-30,2023-12-30,wk inc flu hosp,quantile,0.4,99.64189002495084
UMass-flusion_spatial2,19,0,2023-12-30,2023-12-30,wk inc flu hosp,quantile,0.45,104.27490729013425
UMass-flusion_spatial2,19,0,2023-12-30,2023-12-30,wk inc flu hosp,quantile,0.5,107.84059264563489
UMass-flusion_spatial2,19,0,2023-12-30,2023-12-30,wk inc flu hosp,quantile,0.55,112.36152075489237
UMass-flusion_spatial2,19,0,2023-12-30,2023-12-30,wk inc flu hosp,quantile,0.6,116.7759099309025
UMass-flusion_spatial2,19,0,2023-12-30,2023-12-30,wk inc flu hosp,quantile,0.65,121.38034637007321
UMass-flusion_spatial2,19,0,2023-12-30,2023-12-30,wk inc flu hosp,quantile,0.7,126.02894600499694
UMass-flusion_spatial2,19,0,2023-12-30,2023-12-30,wk inc flu hosp,quantile,0.75,130.87264849360733
UMass-flusion_spatial2,19,0,2023-12-30,2023-12-30,wk inc flu hosp,quantile,0.8,135.15700447272556
UMass-flusion_spatial2,19,0,2023-12-30,2023-12-30,wk inc flu hosp,quantile,0.85,138.19159446173308
UMass-flusion_spatial2,19,0,2023-12-30,2023-12-30,wk inc flu hosp,quantile,0.9,145.3695792418167
UMass-flusion_spatial2,19,0,2023-12-30,2023-12-30,wk inc flu hosp,quantile,0.95,161.6543524659
UMass-flusion_spatial2,19,0,2023-12-30,2023-12-30,wk inc flu hosp,quantile,0.975,177.5473140427498
UMass-flusion_spatial2,19,0,2023-12-30,2023-12-30,wk inc flu hosp,quantile,0.99,189.11599510897435
UMass-flusion_spatial2,19,1,2024-01-06,2023-12-30,wk inc flu hosp,quantile,0.01,31.85667949317743
UMass-flusion_spatial2,19,1,2024-01-06,2023-12-30,wk inc flu hosp,quantile,0.025,41.326733970367385
UMass-flusion_spatial2,19,1,2024-01-06,2023-12-30,wk inc flu hosp,quantile,0.05,49.98240016897405
UMass-flusion_spatial2,19,1,2024-01-06,2023-12-30,wk inc flu hosp,quantile,0.1,62.62043112708457
UMass-flusion_spatial2,19,1,2024-01-06,2023-12-30,wk inc flu hosp,quantile,0.15,73.05382001903483
UMass-flusion_spatial2,19,1,2024-01-06,2023-12-30,wk inc flu hosp,quantile,0.2,81.26726605528138
UMass-flusion_spatial2,19,1,2024-01-06,2023-12-30,wk inc flu hosp,quantile,0.25,88.3626941387895
UMass-flusion_spatial2,19,1,2024-01-06,2023-12-30,wk inc flu hosp,quantile,0.3,94.50679381263096
UMass-flusion_spatial2,19,1,2024-01-06,2023-12-30,wk inc flu hosp,quantile,0.35,98.69744869260626
UMass-flusion_spatial2,19,1,2024-01-06,2023-12-30,wk inc flu hosp,quantile,0.4,101.00023147494451
UMass-flusion_spatial2,19,1,2024-01-06,2023-12-30,wk inc flu hosp,quantile,0.45,106.91815320753723
UMass-flusion_spatial2,19,1,2024-01-06,2023-12-30,wk inc flu hosp,quantile,0.5,112.83451518832943
UMass-flusion_spatial2,19,1,2024-01-06,2023-12-30,wk inc flu hosp,quantile,0.55,117.80702455436597
UMass-flusion_spatial2,19,1,2024-01-06,2023-12-30,wk inc flu hosp,quantile,0.6,124.6431065564566
UMass-flusion_spatial2,19,1,2024-01-06,2023-12-30,wk inc flu hosp,quantile,0.65,132.17706907582811
UMass-flusion_spatial2,19,1,2024-01-06,2023-12-30,wk inc flu hosp,quantile,0.7,140.66382915798073
UMass-flusion_spatial2,19,1,2024-01-06,2023-12-30,wk inc flu hosp,quantile,0.75,145.56395023584048
UMass-flusion_spatial2,19,1,2024-01-06,2023-12-30,wk inc flu hosp,quantile,0.8,153.97601944710163
UMass-flusion_spatial2,19,1,2024-01-06,2023-12-30,wk inc flu hosp,quantile,0.85,164.30102789341674
UMass-flusion_spatial2,19,1,2024-01-06,2023-12-30,wk inc flu hosp,quantile,0.9,176.80539634639626
UMass-flusion_spatial2,19,1,2024-01-06,2023-12-30,wk inc flu hosp,quantile,0.95,202.98611124370416
UMass-flusion_spatial2,19,1,2024-01-06,2023-12-30,wk inc flu hosp,quantile,0.975,223.26020930148476
UMass-flusion_spatial2,19,1,2024-01-06,2023-12-30,wk inc flu hosp,quantile,0.99,241.4924628344078
UMass-flusion_spatial2,19,2,2024-01-13,2023-12-30,wk inc flu hosp,quantile,0.01,22.947833470139763
UMass-flusion_spatial2,19,2,2024-01-13,2023-12-30,wk inc flu hosp,quantile,0.025,32.19026645904296
UMass-flusion_spatial2,19,2,2024-01-13,2023-12-30,wk inc flu hosp,quantile,0.05,42.11710508116845
UMass-flusion_spatial2,19,2,2024-01-13,2023-12-30,wk inc flu hosp,quantile,0.1,56.4083231108517
UMass-flusion_spatial2,19,2,2024-01-13,2023-12-30,wk inc flu hosp,quantile,0.15,66.91093175149786
UMass-flusion_spatial2,19,2,2024-01-13,2023-12-30,wk inc flu hosp,quantile,0.2,75.47837359324846
UMass-flusion_spatial2,19,2,2024-01-13,2023-12-30,wk inc flu hosp,quantile,0.25,83.32143003546128
UMass-flusion_spatial2,19,2,2024-01-13,2023-12-30,wk inc flu hosp,quantile,0.3,90.18237032461468
UMass-flusion_spatial2,19,2,2024-01-13,2023-12-30,wk inc flu hosp,quantile,0.35,94.71842715650882
UMass-flusion_spatial2,19,2,2024-01-13,2023-12-30,wk inc flu hosp,quantile,0.4,99.49664281014051
UMass-flusion_spatial2,19,2,2024-01-13,2023-12-30,wk inc flu hosp,quantile,0.45,105.90403937059486
UMass-flusion_spatial2,19,2,2024-01-13,2023-12-30,wk inc flu hosp,quantile,0.5,112.88521759640969
UMass-flusion_spatial2,19,2,2024-01-13,2023-12-30,wk inc flu hosp,quantile,0.55,120.07228427596493
UMass-flusion_spatial2,19,2,2024-01-13,2023-12-30,wk inc flu hosp,quantile,0.6,127.08903876388555
UMass-flusion_spatial2,19,2,2024-01-13,2023-12-30,wk inc flu hosp,quantile,0.65,136.57821771049308
UMass-flusion_spatial2,19,2,2024-01-13,2023-12-30,wk inc flu hosp,quantile,0.7,144.514378998774
UMass-flusion_spatial2,19,2,2024-01-13,2023-12-30,wk inc flu hosp,quantile,0.75,153.70064474652003
UMass-flusion_spatial2,19,2,2024-01-13,2023-12-30,wk inc flu hosp,quantile,0.8,163.92420658808112
UMass-flusion_spatial2,19,2,2024-01-13,2023-12-30,wk inc flu hosp,quantile,0.85,173.7431154583141
UMass-flusion_spatial2,19,2,2024-01-13,2023-12-30,wk inc flu hosp,quantile,0.9,195.16688212891756
UMass-flusion_spatial2,19,2,2024-01-13,2023-12-30,wk inc flu hosp,quantile,0.95,227.05916557227243
UMass-flusion_spatial2,19,2,2024-01-13,2023-12-30,wk inc flu hosp,quantile,0.975,258.7330048571201
UMass-flusion_spatial2,19,2,2024-01-13,2023-12-30,wk inc flu hosp,quantile,0.99,286.3910285488828
UMass-flusion_spatial2,19,3,2024-01-20,2023-12-30,wk inc flu hosp,quantile,0.01,17.442013947755513
UMass-flusion_spatial2,19,3,2024-01-20,2023-12-30,wk inc flu hosp,quantile,0.025,26.43961907001972
UMass-flusion_spatial2,19,3,2024-01-20,2023-12-30,wk inc flu hosp,quantile,0.05,35.25676272682298
UMass-flusion_spatial2,19,3,2024-01-20,2023-12-30,wk inc flu hosp,quantile,0.1,51.51193759496649
UMass-flusion_spatial2,19,3,2024-01-20,2023-12-30,wk inc flu hosp,quantile,0.15,62.42762096142444
UMass-flusion_spatial2,19,3,2024-01-20,2023-12-30,wk inc flu hosp,quantile,0.2,69.94756776260172
UMass-flusion_spatial2,19,3,2024-01-20,2023-12-30,wk inc flu hosp,quantile,0.25,78.526868752241
UMass-flusion_spatial2,19,3,2024-01-20,2023-12-30,wk inc flu hosp,quantile,0.3,85.61395664086194
UMass-flusion_spatial2,19,3,2024-01-20,2023-12-30,wk inc flu hosp,quantile,0.35,91.27080065253918
UMass-flusion_spatial2,19,3,2024-01-20,2023-12-30,wk inc flu hosp,quantile,0.4,95.49812697969979
UMass-flusion_spatial2,19,3,2024-01-20,2023-12-30,wk inc flu hosp,quantile,0.45,100.99542352357567
UMass-flusion_spatial2,19,3,2024-01-20,2023-12-30,wk inc flu hosp,quantile,0.5,108.47993544883774
UMass-flusion_spatial2,19,3,2024-01-20,2023-12-30,wk inc flu hosp,quantile,0.55,115.92830150679323
UMass-flusion_spatial2,19,3,2024-01-20,2023-12-30,wk inc flu hosp,quantile,0.6,126.4000724292257
UMass-flusion_spatial2,19,3,2024-01-20,2023-12-30,wk inc flu hosp,quantile,0.65,134.57415142240083
UMass-flusion_spatial2,19,3,2024-01-20,2023-12-30,wk inc flu hosp,quantile,0.7,142.9052208143801
UMass-flusion_spatial2,19,3,2024-01-20,2023-12-30,wk inc flu hosp,quantile,0.75,155.78077871222632
UMass-flusion_spatial2,19,3,2024-01-20,2023-12-30,wk inc flu hosp,quantile,0.8,167.28780527493717
UMass-flusion_spatial2,19,3,2024-01-20,2023-12-30,wk inc flu hosp,quantile,0.85,182.80090935687434
UMass-flusion_spatial2,19,3,2024-01-20,2023-12-30,wk inc flu hosp,quantile,0.9,208.76416802865643
UMass-flusion_spatial2,19,3,2024-01-20,2023-12-30,wk inc flu hosp,quantile,0.95,246.9785745416371
UMass-flusion_spatial2,19,3,2024-01-20,2023-12-30,wk inc flu hosp,quantile,0.975,284.3323903779186
UMass-flusion_spatial2,19,3,2024-01-20,2023-12-30,wk inc flu hosp,quantile,0.99,335.5667453977576
UMass-flusion_spatial2,20,0,2023-12-30,2023-12-30,wk inc flu hosp,quantile,0.01,43.040749993722486
UMass-flusion_spatial2,20,0,2023-12-30,2023-12-30,wk inc flu hosp,quantile,0.025,51.6335592370247
UMass-flusion_spatial2,20,0,2023-12-30,2023-12-30,wk inc flu hosp,quantile,0.05,58.43939794185397
UMass-flusion_spatial2,20,0,2023-12-30,2023-12-30,wk inc flu hosp,quantile,0.1,67.0756406812958
UMass-flusion_spatial2,20,0,2023-12-30,2023-12-30,wk inc flu hosp,quantile,0.15,75.47228371445115
UMass-flusion_spatial2,20,0,2023-12-30,2023-12-30,wk inc flu hosp,quantile,0.2,81.96627576437442
UMass-flusion_spatial2,20,0,2023-12-30,2023-12-30,wk inc flu hosp,quantile,0.25,87.59405128272005
UMass-flusion_spatial2,20,0,2023-12-30,2023-12-30,wk inc flu hosp,quantile,0.3,91.6063331584991
UMass-flusion_spatial2,20,0,2023-12-30,2023-12-30,wk inc flu hosp,quantile,0.35,94.54102395898988
UMass-flusion_spatial2,20,0,2023-12-30,2023-12-30,wk inc flu hosp,quantile,0.4,96.45718252171429
UMass-flusion_spatial2,20,0,2023-12-30,2023-12-30,wk inc flu hosp,quantile,0.45,100.98037841435281
UMass-flusion_spatial2,20,0,2023-12-30,2023-12-30,wk inc flu hosp,quantile,0.5,104.88056034097103
UMass-flusion_spatial2,20,0,2023-12-30,2023-12-30,wk inc flu hosp,quantile,0.55,107.94182660750101
UMass-flusion_spatial2,20,0,2023-12-30,2023-12-30,wk inc flu hosp,quantile,0.6,111.32282452322025
UMass-flusion_spatial2,20,0,2023-12-30,2023-12-30,wk inc flu hosp,quantile,0.65,115.41276041067383
UMass-flusion_spatial2,20,0,2023-12-30,2023-12-30,wk inc flu hosp,quantile,0.7,118.7125834355742
UMass-flusion_spatial2,20,0,2023-12-30,2023-12-30,wk inc flu hosp,quantile,0.75,121.9622745300229
UMass-flusion_spatial2,20,0,2023-12-30,2023-12-30,wk inc flu hosp,quantile,0.8,124.3491656594907
UMass-flusion_spatial2,20,0,2023-12-30,2023-12-30,wk inc flu hosp,quantile,0.85,127.50906471680123
UMass-flusion_spatial2,20,0,2023-12-30,2023-12-30,wk inc flu hosp,quantile,0.9,132.18569842231742
UMass-flusion_spatial2,20,0,2023-12-30,2023-12-30,wk inc flu hosp,quantile,0.95,140.78580169809726
UMass-flusion_spatial2,20,0,2023-12-30,2023-12-30,wk inc flu hosp,quantile,0.975,152.36697813911914
UMass-flusion_spatial2,20,0,2023-12-30,2023-12-30,wk inc flu hosp,quantile,0.99,165.68625010685642
UMass-flusion_spatial2,20,1,2024-01-06,2023-12-30,wk inc flu hosp,quantile,0.01,33.66479058204497
UMass-flusion_spatial2,20,1,2024-01-06,2023-12-30,wk inc flu hosp,quantile,0.025,42.565396774911875
UMass-flusion_spatial2,20,1,2024-01-06,2023-12-30,wk inc flu hosp,quantile,0.05,51.266571141815874
UMass-flusion_spatial2,20,1,2024-01-06,2023-12-30,wk inc flu hosp,quantile,0.1,62.6463746161647
UMass-flusion_spatial2,20,1,2024-01-06,2023-12-30,wk inc flu hosp,quantile,0.15,72.64681195552058
UMass-flusion_spatial2,20,1,2024-01-06,2023-12-30,wk inc flu hosp,quantile,0.2,80.74510723590873
UMass-flusion_spatial2,20,1,2024-01-06,2023-12-30,wk inc flu hosp,quantile,0.25,88.06162119726537
UMass-flusion_spatial2,20,1,2024-01-06,2023-12-30,wk inc flu hosp,quantile,0.3,93.84393483272487
UMass-flusion_spatial2,20,1,2024-01-06,2023-12-30,wk inc flu hosp,quantile,0.35,96.45838539640124
UMass-flusion_spatial2,20,1,2024-01-06,2023-12-30,wk inc flu hosp,quantile,0.4,98.94676818640764
UMass-flusion_spatial2,20,1,2024-01-06,2023-12-30,wk inc flu hosp,quantile,0.45,104.66567583543528
UMass-flusion_spatial2,20,1,2024-01-06,2023-12-30,wk inc flu hosp,quantile,0.5,110.92263062382492
UMass-flusion_spatial2,20,1,2024-01-06,2023-12-30,wk inc flu hosp,quantile,0.55,114.33957610636824
UMass-flusion_spatial2,20,1,2024-01-06,2023-12-30,wk inc flu hosp,quantile,0.6,120.58632366905728
UMass-flusion_spatial2,20,1,2024-01-06,2023-12-30,wk inc flu hosp,quantile,0.65,127.10525209755414
UMass-flusion_spatial2,20,1,2024-01-06,2023-12-30,wk inc flu hosp,quantile,0.7,132.31550769453983
UMass-flusion_spatial2,20,1,2024-01-06,2023-12-30,wk inc flu hosp,quantile,0.75,138.39331703031903
UMass-flusion_spatial2,20,1,2024-01-06,2023-12-30,wk inc flu hosp,quantile,0.8,142.680505391379
UMass-flusion_spatial2,20,1,2024-01-06,2023-12-30,wk inc flu hosp,quantile,0.85,150.42745387536172
UMass-flusion_spatial2,20,1,2024-01-06,2023-12-30,wk inc flu hosp,quantile,0.9,160.99474060475774
UMass-flusion_spatial2,20,1,2024-01-06,2023-12-30,wk inc flu hosp,quantile,0.95,175.74437632655457
UMass-flusion_spatial2,20,1,2024-01-06,2023-12-30,wk inc flu hosp,quantile,0.975,190.4678043348032
UMass-flusion_spatial2,20,1,2024-01-06,2023-12-30,wk inc flu hosp,quantile,0.99,209.8835240387781
UMass-flusion_spatial2,20,2,2024-01-13,2023-12-30,wk inc flu hosp,quantile,0.01,26.90243097587288
UMass-flusion_spatial2,20,2,2024-01-13,2023-12-30,wk inc flu hosp,quantile,0.025,35.698030834492144
UMass-flusion_spatial2,20,2,2024-01-13,2023-12-30,wk inc flu hosp,quantile,0.05,44.528196891700034
UMass-flusion_spatial2,20,2,2024-01-13,2023-12-30,wk inc flu hosp,quantile,0.1,57.08753406202298
UMass-flusion_spatial2,20,2,2024-01-13,2023-12-30,wk inc flu hosp,quantile,0.15,67.2633867913608
UMass-flusion_spatial2,20,2,2024-01-13,2023-12-30,wk inc flu hosp,quantile,0.2,75.75595075363188
UMass-flusion_spatial2,20,2,2024-01-13,2023-12-30,wk inc flu hosp,quantile,0.25,82.62152741455631
UMass-flusion_spatial2,20,2,2024-01-13,2023-12-30,wk inc flu hosp,quantile,0.3,90.0442554728939
UMass-flusion_spatial2,20,2,2024-01-13,2023-12-30,wk inc flu hosp,quantile,0.35,94.44934188198238
UMass-flusion_spatial2,20,2,2024-01-13,2023-12-30,wk inc flu hosp,quantile,0.4,98.41740890121352
UMass-flusion_spatial2,20,2,2024-01-13,2023-12-30,wk inc flu hosp,quantile,0.45,104.79104199750638
UMass-flusion_spatial2,20,2,2024-01-13,2023-12-30,wk inc flu hosp,quantile,0.5,111.48987503423618
UMass-flusion_spatial2,20,2,2024-01-13,2023-12-30,wk inc flu hosp,quantile,0.55,117.13921366035406
UMass-flusion_spatial2,20,2,2024-01-13,2023-12-30,wk inc flu hosp,quantile,0.6,123.01696113228279
UMass-flusion_spatial2,20,2,2024-01-13,2023-12-30,wk inc flu hosp,quantile,0.65,130.79955804140172
UMass-flusion_spatial2,20,2,2024-01-13,2023-12-30,wk inc flu hosp,quantile,0.7,138.39150625868015
UMass-flusion_spatial2,20,2,2024-01-13,2023-12-30,wk inc flu hosp,quantile,0.75,145.80429153666535
UMass-flusion_spatial2,20,2,2024-01-13,2023-12-30,wk inc flu hosp,quantile,0.8,152.88613133395643
UMass-flusion_spatial2,20,2,2024-01-13,2023-12-30,wk inc flu hosp,quantile,0.85,161.18440512183872
UMass-flusion_spatial2,20,2,2024-01-13,2023-12-30,wk inc flu hosp,quantile,0.9,178.2803000903458
UMass-flusion_spatial2,20,2,2024-01-13,2023-12-30,wk inc flu hosp,quantile,0.95,198.71671041883747
UMass-flusion_spatial2,20,2,2024-01-13,2023-12-30,wk inc flu hosp,quantile,0.975,222.37166852993698
UMass-flusion_spatial2,20,2,2024-01-13,2023-12-30,wk inc flu hosp,quantile,0.99,249.81160948067918
UMass-flusion_spatial2,20,3,2024-01-20,2023-12-30,wk inc flu hosp,quantile,0.01,22.02271712244015
UMass-flusion_spatial2,20,3,2024-01-20,2023-12-30,wk inc flu hosp,quantile,0.025,29.686616902747673
UMass-flusion_spatial2,20,3,2024-01-20,2023-12-30,wk inc flu hosp,quantile,0.05,39.4695939181115
UMass-flusion_spatial2,20,3,2024-01-20,2023-12-30,wk inc flu hosp,quantile,0.1,52.9707256978289
UMass-flusion_spatial2,20,3,2024-01-20,2023-12-30,wk inc flu hosp,quantile,0.15,62.97772525199345
UMass-flusion_spatial2,20,3,2024-01-20,2023-12-30,wk inc flu hosp,quantile,0.2,70.72681869268325
UMass-flusion_spatial2,20,3,2024-01-20,2023-12-30,wk inc flu hosp,quantile,0.25,78.63819344597891
UMass-flusion_spatial2,20,3,2024-01-20,2023-12-30,wk inc flu hosp,quantile,0.3,85.73761780484139
UMass-flusion_spatial2,20,3,2024-01-20,2023-12-30,wk inc flu hosp,quantile,0.35,89.97066850614789
UMass-flusion_spatial2,20,3,2024-01-20,2023-12-30,wk inc flu hosp,quantile,0.4,94.7795806691653
UMass-flusion_spatial2,20,3,2024-01-20,2023-12-30,wk inc flu hosp,quantile,0.45,101.2975380556123
UMass-flusion_spatial2,20,3,2024-01-20,2023-12-30,wk inc flu hosp,quantile,0.5,109.8153845727494
UMass-flusion_spatial2,20,3,2024-01-20,2023-12-30,wk inc flu hosp,quantile,0.55,115.72852583217923
UMass-flusion_spatial2,20,3,2024-01-20,2023-12-30,wk inc flu hosp,quantile,0.6,123.25728513947999
UMass-flusion_spatial2,20,3,2024-01-20,2023-12-30,wk inc flu hosp,quantile,0.65,130.8334422712776
UMass-flusion_spatial2,20,3,2024-01-20,2023-12-30,wk inc flu hosp,quantile,0.7,136.3736175803939
UMass-flusion_spatial2,20,3,2024-01-20,2023-12-30,wk inc flu hosp,quantile,0.75,146.07461337057686
UMass-flusion_spatial2,20,3,2024-01-20,2023-12-30,wk inc flu hosp,quantile,0.8,156.88855616544942
UMass-flusion_spatial2,20,3,2024-01-20,2023-12-30,wk inc flu hosp,quantile,0.85,170.6729995134296
UMass-flusion_spatial2,20,3,2024-01-20,2023-12-30,wk inc flu hosp,quantile,0.9,193.49799431913817
UMass-flusion_spatial2,20,3,2024-01-20,2023-12-30,wk inc flu hosp,quantile,0.95,219.21229305819264
UMass-flusion_spatial2,20,3,2024-01-20,2023-12-30,wk inc flu hosp,quantile,0.975,250.21219577222146
UMass-flusion_spatial2,20,3,2024-01-20,2023-12-30,wk inc flu hosp,quantile,0.99,295.6663454679772
UMass-flusion_spatial2,21,0,2023-12-30,2023-12-30,wk inc flu hosp,quantile,0.01,75.94987014498649
UMass-flusion_spatial2,21,0,2023-12-30,2023-12-30,wk inc flu hosp,quantile,0.025,95.03211721243812
UMass-flusion_spatial2,21,0,2023-12-30,2023-12-30,wk inc flu hosp,quantile,0.05,109.45590319080827
UMass-flusion_spatial2,21,0,2023-12-30,2023-12-30,wk inc flu hosp,quantile,0.1,125.49689445971953
UMass-flusion_spatial2,21,0,2023-12-30,2023-12-30,wk inc flu hosp,quantile,0.15,140.76298671179822
UMass-flusion_spatial2,21,0,2023-12-30,2023-12-30,wk inc flu hosp,quantile,0.2,154.70156379162177
UMass-flusion_spatial2,21,0,2023-12-30,2023-12-30,wk inc flu hosp,quantile,0.25,166.49793967671118
UMass-flusion_spatial2,21,0,2023-12-30,2023-12-30,wk inc flu hosp,quantile,0.3,174.62382868338383
UMass-flusion_spatial2,21,0,2023-12-30,2023-12-30,wk inc flu hosp,quantile,0.35,181.6634961638306
UMass-flusion_spatial2,21,0,2023-12-30,2023-12-30,wk inc flu hosp,quantile,0.4,186.52932362523387
UMass-flusion_spatial2,21,0,2023-12-30,2023-12-30,wk inc flu hosp,quantile,0.45,191.9325898007731
UMass-flusion_spatial2,21,0,2023-12-30,2023-12-30,wk inc flu hosp,quantile,0.5,196.6193955223249
UMass-flusion_spatial2,21,0,2023-12-30,2023-12-30,wk inc flu hosp,quantile,0.55,202.64870641735843
UMass-flusion_spatial2,21,0,2023-12-30,2023-12-30,wk inc flu hosp,quantile,0.6,208.14973263072613
UMass-flusion_spatial2,21,0,2023-12-30,2023-12-30,wk inc flu hosp,quantile,0.65,215.73658186830596
UMass-flusion_spatial2,21,0,2023-12-30,2023-12-30,wk inc flu hosp,quantile,0.7,220.6883841987135
UMass-flusion_spatial2,21,0,2023-12-30,2023-12-30,wk inc flu hosp,quantile,0.75,228.65070485674255
UMass-flusion_spatial2,21,0,2023-12-30,2023-12-30,wk inc flu hosp,quantile,0.8,234.28461829631863
UMass-flusion_spatial2,21,0,2023-12-30,2023-12-30,wk inc flu hosp,quantile,0.85,239.67822045396284
UMass-flusion_spatial2,21,0,2023-12-30,2023-12-30,wk inc flu hosp,quantile,0.9,250.47688122716806
UMass-flusion_spatial2,21,0,2023-12-30,2023-12-30,wk inc flu hosp,quantile,0.95,272.16022065305015
UMass-flusion_spatial2,21,0,2023-12-30,2023-12-30,wk inc flu hosp,quantile,0.975,292.53342689471623
UMass-flusion_spatial2,21,0,2023-12-30,2023-12-30,wk inc flu hosp,quantile,0.99,325.7203225213227
UMass-flusion_spatial2,21,1,2024-01-06,2023-12-30,wk inc flu hosp,quantile,0.01,63.79587244987498
UMass-flusion_spatial2,21,1,2024-01-06,2023-12-30,wk inc flu hosp,quantile,0.025,80.62912217852704
UMass-flusion_spatial2,21,1,2024-01-06,2023-12-30,wk inc flu hosp,quantile,0.05,97.82830719608725
UMass-flusion_spatial2,21,1,2024-01-06,2023-12-30,wk inc flu hosp,quantile,0.1,117.96131204784731
UMass-flusion_spatial2,21,1,2024-01-06,2023-12-30,wk inc flu hosp,quantile,0.15,137.87038222031066
UMass-flusion_spatial2,21,1,2024-01-06,2023-12-30,wk inc flu hosp,quantile,0.2,153.931614197758
UMass-flusion_spatial2,21,1,2024-01-06,2023-12-30,wk inc flu hosp,quantile,0.25,168.0577940272791
UMass-flusion_spatial2,21,1,2024-01-06,2023-12-30,wk inc flu hosp,quantile,0.3,179.3845966703575
UMass-flusion_spatial2,21,1,2024-01-06,2023-12-30,wk inc flu hosp,quantile,0.35,189.64350195847507
UMass-flusion_spatial2,21,1,2024-01-06,2023-12-30,wk inc flu hosp,quantile,0.4,195.74377002862732
UMass-flusion_spatial2,21,1,2024-01-06,2023-12-30,wk inc flu hosp,quantile,0.45,202.0834617306357
UMass-flusion_spatial2,21,1,2024-01-06,2023-12-30,wk inc flu hosp,quantile,0.5,211.7735548196997
UMass-flusion_spatial2,21,1,2024-01-06,2023-12-30,wk inc flu hosp,quantile,0.55,220.7599684739227
UMass-flusion_spatial2,21,1,2024-01-06,2023-12-30,wk inc flu hosp,quantile,0.6,231.79979087692425
UMass-flusion_spatial2,21,1,2024-01-06,2023-12-30,wk inc flu hosp,quantile,0.65,244.08829069964065
UMass-flusion_spatial2,21,1,2024-01-06,2023-12-30,wk inc flu hosp,quantile,0.7,254.00401758528267
UMass-flusion_spatial2,21,1,2024-01-06,2023-12-30,wk inc flu hosp,quantile,0.75,262.1896495156507
UMass-flusion_spatial2,21,1,2024-01-06,2023-12-30,wk inc flu hosp,quantile,0.8,274.2954034614031
UMass-flusion_spatial2,21,1,2024-01-06,2023-12-30,wk inc flu hosp,quantile,0.85,287.8223228680143
UMass-flusion_spatial2,21,1,2024-01-06,2023-12-30,wk inc flu hosp,quantile,0.9,309.700791319005
UMass-flusion_spatial2,21,1,2024-01-06,2023-12-30,wk inc flu hosp,quantile,0.95,352.8983479822672
UMass-flusion_spatial2,21,1,2024-01-06,2023-12-30,wk inc flu hosp,quantile,0.975,377.6341658765813
UMass-flusion_spatial2,21,1,2024-01-06,2023-12-30,wk inc flu hosp,quantile,0.99,434.74841300347373
UMass-flusion_spatial2,21,2,2024-01-13,2023-12-30,wk inc flu hosp,quantile,0.01,51.322958878665176
UMass-flusion_spatial2,21,2,2024-01-13,2023-12-30,wk inc flu hosp,quantile,0.025,68.36572417894365
UMass-flusion_spatial2,21,2,2024-01-13,2023-12-30,wk inc flu hosp,quantile,0.05,86.52706340714107
UMass-flusion_spatial2,21,2,2024-01-13,2023-12-30,wk inc flu hosp,quantile,0.1,111.85875254606958
UMass-flusion_spatial2,21,2,2024-01-13,2023-12-30,wk inc flu hosp,quantile,0.15,129.79306181594148
UMass-flusion_spatial2,21,2,2024-01-13,2023-12-30,wk inc flu hosp,quantile,0.2,149.39642061098974
UMass-flusion_spatial2,21,2,2024-01-13,2023-12-30,wk inc flu hosp,quantile,0.25,164.71823601604353
UMass-flusion_spatial2,21,2,2024-01-13,2023-12-30,wk inc flu hosp,quantile,0.3,179.5783934956375
UMass-flusion_spatial2,21,2,2024-01-13,2023-12-30,wk inc flu hosp,quantile,0.35,190.10825749692947
UMass-flusion_spatial2,21,2,2024-01-13,2023-12-30,wk inc flu hosp,quantile,0.4,201.8765429438804
UMass-flusion_spatial2,21,2,2024-01-13,2023-12-30,wk inc flu hosp,quantile,0.45,208.98063497877195
UMass-flusion_spatial2,21,2,2024-01-13,2023-12-30,wk inc flu hosp,quantile,0.5,220.3792938497329
UMass-flusion_spatial2,21,2,2024-01-13,2023-12-30,wk inc flu hosp,quantile,0.55,231.5074717946672
UMass-flusion_spatial2,21,2,2024-01-13,2023-12-30,wk inc flu hosp,quantile,0.6,241.4522201209756
UMass-flusion_spatial2,21,2,2024-01-13,2023-12-30,wk inc flu hosp,quantile,0.65,257.56082286427466
UMass-flusion_spatial2,21,2,2024-01-13,2023-12-30,wk inc flu hosp,quantile,0.7,268.5338491303224
UMass-flusion_spatial2,21,2,2024-01-13,2023-12-30,wk inc flu hosp,quantile,0.75,285.40335996212855
UMass-flusion_spatial2,21,2,2024-01-13,2023-12-30,wk inc flu hosp,quantile,0.8,300.09255347315275
UMass-flusion_spatial2,21,2,2024-01-13,2023-12-30,wk inc flu hosp,quantile,0.85,316.63561478707425
UMass-flusion_spatial2,21,2,2024-01-13,2023-12-30,wk inc flu hosp,quantile,0.9,354.028736171326
UMass-flusion_spatial2,21,2,2024-01-13,2023-12-30,wk inc flu hosp,quantile,0.95,408.53055560674056
UMass-flusion_spatial2,21,2,2024-01-13,2023-12-30,wk inc flu hosp,quantile,0.975,475.52641825582975
UMass-flusion_spatial2,21,2,2024-01-13,2023-12-30,wk inc flu hosp,quantile,0.99,543.270386345991
UMass-flusion_spatial2,21,3,2024-01-20,2023-12-30,wk inc flu hosp,quantile,0.01,42.63354945132015
UMass-flusion_spatial2,21,3,2024-01-20,2023-12-30,wk inc flu hosp,quantile,0.025,61.30877533821143
UMass-flusion_spatial2,21,3,2024-01-20,2023-12-30,wk inc flu hosp,quantile,0.05,78.00612567543868
UMass-flusion_spatial2,21,3,2024-01-20,2023-12-30,wk inc flu hosp,quantile,0.1,102.40516658093964
UMass-flusion_spatial2,21,3,2024-01-20,2023-12-30,wk inc flu hosp,quantile,0.15,121.03651587495425
UMass-flusion_spatial2,21,3,2024-01-20,2023-12-30,wk inc flu hosp,quantile,0.2,140.22431931626957
UMass-flusion_spatial2,21,3,2024-01-20,2023-12-30,wk inc flu hosp,quantile,0.25,157.11954513044267
UMass-flusion_spatial2,21,3,2024-01-20,2023-12-30,wk inc flu hosp,quantile,0.3,174.5246965232531
UMass-flusion_spatial2,21,3,2024-01-20,2023-12-30,wk inc flu hosp,quantile,0.35,184.0971675387997
UMass-flusion_spatial2,21,3,2024-01-20,2023-12-30,wk inc flu hosp,quantile,0.4,197.79931028647962
UMass-flusion_spatial2,21,3,2024-01-20,2023-12-30,wk inc flu hosp,quantile,0.45,208.29116940103899
UMass-flusion_spatial2,21,3,2024-01-20,2023-12-30,wk inc flu hosp,quantile,0.5,220.10810421547797
UMass-flusion_spatial2,21,3,2024-01-20,2023-12-30,wk inc flu hosp,quantile,0.55,233.60076042640014
UMass-flusion_spatial2,21,3,2024-01-20,2023-12-30,wk inc flu hosp,quantile,0.6,247.4715542127197
UMass-flusion_spatial2,21,3,2024-01-20,2023-12-30,wk inc flu hosp,quantile,0.65,263.30149242524527
UMass-flusion_spatial2,21,3,2024-01-20,2023-12-30,wk inc flu hosp,quantile,0.7,276.9674045626924
UMass-flusion_spatial2,21,3,2024-01-20,2023-12-30,wk inc flu hosp,quantile,0.75,297.17396745487997
UMass-flusion_spatial2,21,3,2024-01-20,2023-12-30,wk inc flu hosp,quantile,0.8,316.21873539713806
UMass-flusion_spatial2,21,3,2024-01-20,2023-12-30,wk inc flu hosp,quantile,0.85,342.00149537566705
UMass-flusion_spatial2,21,3,2024-01-20,2023-12-30,wk inc flu hosp,quantile,0.9,389.2469269388058
UMass-flusion_spatial2,21,3,2024-01-20,2023-12-30,wk inc flu hosp,quantile,0.95,454.362111615726
UMass-flusion_spatial2,21,3,2024-01-20,2023-12-30,wk inc flu hosp,quantile,0.975,521.4813445617613
UMass-flusion_spatial2,21,3,2024-01-20,2023-12-30,wk inc flu hosp,quantile,0.99,608.8748887857429
UMass-flusion_spatial2,22,0,2023-12-30,2023-12-30,wk inc flu hosp,quantile,0.01,190.65408550037301
UMass-flusion_spatial2,22,0,2023-12-30,2023-12-30,wk inc flu hosp,quantile,0.025,219.27567539061624
UMass-flusion_spatial2,22,0,2023-12-30,2023-12-30,wk inc flu hosp,quantile,0.05,233.6770233155135
UMass-flusion_spatial2,22,0,2023-12-30,2023-12-30,wk inc flu hosp,quantile,0.1,255.23538588693958
UMass-flusion_spatial2,22,0,2023-12-30,2023-12-30,wk inc flu hosp,quantile,0.15,270.2222599008687
UMass-flusion_spatial2,22,0,2023-12-30,2023-12-30,wk inc flu hosp,quantile,0.2,282.00775434809617
UMass-flusion_spatial2,22,0,2023-12-30,2023-12-30,wk inc flu hosp,quantile,0.25,289.60719167168975
UMass-flusion_spatial2,22,0,2023-12-30,2023-12-30,wk inc flu hosp,quantile,0.3,300.0902883088354
UMass-flusion_spatial2,22,0,2023-12-30,2023-12-30,wk inc flu hosp,quantile,0.35,310.8926365118391
UMass-flusion_spatial2,22,0,2023-12-30,2023-12-30,wk inc flu hosp,quantile,0.4,324.5356994902843
UMass-flusion_spatial2,22,0,2023-12-30,2023-12-30,wk inc flu hosp,quantile,0.45,333.87776957816027
UMass-flusion_spatial2,22,0,2023-12-30,2023-12-30,wk inc flu hosp,quantile,0.5,344.0216069422403
UMass-flusion_spatial2,22,0,2023-12-30,2023-12-30,wk inc flu hosp,quantile,0.55,355.06805271084
UMass-flusion_spatial2,22,0,2023-12-30,2023-12-30,wk inc flu hosp,quantile,0.6,365.7301291889735
UMass-flusion_spatial2,22,0,2023-12-30,2023-12-30,wk inc flu hosp,quantile,0.65,377.9134126075331
UMass-flusion_spatial2,22,0,2023-12-30,2023-12-30,wk inc flu hosp,quantile,0.7,390.5726229615156
UMass-flusion_spatial2,22,0,2023-12-30,2023-12-30,wk inc flu hosp,quantile,0.75,397.4297687389877
UMass-flusion_spatial2,22,0,2023-12-30,2023-12-30,wk inc flu hosp,quantile,0.8,409.23129355901597
UMass-flusion_spatial2,22,0,2023-12-30,2023-12-30,wk inc flu hosp,quantile,0.85,422.00356866203407
UMass-flusion_spatial2,22,0,2023-12-30,2023-12-30,wk inc flu hosp,quantile,0.9,435.19199385242376
UMass-flusion_spatial2,22,0,2023-12-30,2023-12-30,wk inc flu hosp,quantile,0.95,458.94192141924515
UMass-flusion_spatial2,22,0,2023-12-30,2023-12-30,wk inc flu hosp,quantile,0.975,483.732005294156
UMass-flusion_spatial2,22,0,2023-12-30,2023-12-30,wk inc flu hosp,quantile,0.99,536.8633944425712
UMass-flusion_spatial2,22,1,2024-01-06,2023-12-30,wk inc flu hosp,quantile,0.01,154.66462061288817
UMass-flusion_spatial2,22,1,2024-01-06,2023-12-30,wk inc flu hosp,quantile,0.025,184.93810904107352
UMass-flusion_spatial2,22,1,2024-01-06,2023-12-30,wk inc flu hosp,quantile,0.05,203.58133574117971
UMass-flusion_spatial2,22,1,2024-01-06,2023-12-30,wk inc flu hosp,quantile,0.1,233.81105635290993
UMass-flusion_spatial2,22,1,2024-01-06,2023-12-30,wk inc flu hosp,quantile,0.15,251.66979490521186
UMass-flusion_spatial2,22,1,2024-01-06,2023-12-30,wk inc flu hosp,quantile,0.2,263.03412699672504
UMass-flusion_spatial2,22,1,2024-01-06,2023-12-30,wk inc flu hosp,quantile,0.25,275.4749874453198
UMass-flusion_spatial2,22,1,2024-01-06,2023-12-30,wk inc flu hosp,quantile,0.3,288.00150487016856
UMass-flusion_spatial2,22,1,2024-01-06,2023-12-30,wk inc flu hosp,quantile,0.35,299.8956490574426
UMass-flusion_spatial2,22,1,2024-01-06,2023-12-30,wk inc flu hosp,quantile,0.4,312.34836974770656
UMass-flusion_spatial2,22,1,2024-01-06,2023-12-30,wk inc flu hosp,quantile,0.45,328.68839611309113
UMass-flusion_spatial2,22,1,2024-01-06,2023-12-30,wk inc flu hosp,quantile,0.5,339.10183525830996
UMass-flusion_spatial2,22,1,2024-01-06,2023-12-30,wk inc flu hosp,quantile,0.55,349.83609918378284
UMass-flusion_spatial2,22,1,2024-01-06,2023-12-30,wk inc flu hosp,quantile,0.6,362.9407959578115
UMass-flusion_spatial2,22,1,2024-01-06,2023-12-30,wk inc flu hosp,quantile,0.65,377.08664252730216
UMass-flusion_spatial2,22,1,2024-01-06,2023-12-30,wk inc flu hosp,quantile,0.7,395.87159650227517
UMass-flusion_spatial2,22,1,2024-01-06,2023-12-30,wk inc flu hosp,quantile,0.75,410.1173510065885
UMass-flusion_spatial2,22,1,2024-01-06,2023-12-30,wk inc flu hosp,quantile,0.8,429.4529784202118
UMass-flusion_spatial2,22,1,2024-01-06,2023-12-30,wk inc flu hosp,quantile,0.85,451.6695003694669
UMass-flusion_spatial2,22,1,2024-01-06,2023-12-30,wk inc flu hosp,quantile,0.9,478.0730111599764
UMass-flusion_spatial2,22,1,2024-01-06,2023-12-30,wk inc flu hosp,quantile,0.95,529.0326407488584
UMass-flusion_spatial2,22,1,2024-01-06,2023-12-30,wk inc flu hosp,quantile,0.975,570.4021322282
UMass-flusion_spatial2,22,1,2024-01-06,2023-12-30,wk inc flu hosp,quantile,0.99,636.5996777428084
UMass-flusion_spatial2,22,2,2024-01-13,2023-12-30,wk inc flu hosp,quantile,0.01,128.78281966957968
UMass-flusion_spatial2,22,2,2024-01-13,2023-12-30,wk inc flu hosp,quantile,0.025,150.92770334857488
UMass-flusion_spatial2,22,2,2024-01-13,2023-12-30,wk inc flu hosp,quantile,0.05,174.16543645777978
UMass-flusion_spatial2,22,2,2024-01-13,2023-12-30,wk inc flu hosp,quantile,0.1,206.90303698018886
UMass-flusion_spatial2,22,2,2024-01-13,2023-12-30,wk inc flu hosp,quantile,0.15,223.93816981584854
UMass-flusion_spatial2,22,2,2024-01-13,2023-12-30,wk inc flu hosp,quantile,0.2,234.13450827767994
UMass-flusion_spatial2,22,2,2024-01-13,2023-12-30,wk inc flu hosp,quantile,0.25,246.49412912884407
UMass-flusion_spatial2,22,2,2024-01-13,2023-12-30,wk inc flu hosp,quantile,0.3,262.1812399133279
UMass-flusion_spatial2,22,2,2024-01-13,2023-12-30,wk inc flu hosp,quantile,0.35,280.11249706270416
UMass-flusion_spatial2,22,2,2024-01-13,2023-12-30,wk inc flu hosp,quantile,0.4,298.7170655685978
UMass-flusion_spatial2,22,2,2024-01-13,2023-12-30,wk inc flu hosp,quantile,0.45,313.1355373180868
UMass-flusion_spatial2,22,2,2024-01-13,2023-12-30,wk inc flu hosp,quantile,0.5,325.37701731765503
UMass-flusion_spatial2,22,2,2024-01-13,2023-12-30,wk inc flu hosp,quantile,0.55,337.7743217024309
UMass-flusion_spatial2,22,2,2024-01-13,2023-12-30,wk inc flu hosp,quantile,0.6,352.3013793563679
UMass-flusion_spatial2,22,2,2024-01-13,2023-12-30,wk inc flu hosp,quantile,0.65,363.95269651788647
UMass-flusion_spatial2,22,2,2024-01-13,2023-12-30,wk inc flu hosp,quantile,0.7,384.2344183880059
UMass-flusion_spatial2,22,2,2024-01-13,2023-12-30,wk inc flu hosp,quantile,0.75,400.03263976785536
UMass-flusion_spatial2,22,2,2024-01-13,2023-12-30,wk inc flu hosp,quantile,0.8,422.2285094429016
UMass-flusion_spatial2,22,2,2024-01-13,2023-12-30,wk inc flu hosp,quantile,0.85,451.1445782162747
UMass-flusion_spatial2,22,2,2024-01-13,2023-12-30,wk inc flu hosp,quantile,0.9,487.73350357228503
UMass-flusion_spatial2,22,2,2024-01-13,2023-12-30,wk inc flu hosp,quantile,0.95,556.1456114217779
UMass-flusion_spatial2,22,2,2024-01-13,2023-12-30,wk inc flu hosp,quantile,0.975,633.8445811275232
UMass-flusion_spatial2,22,2,2024-01-13,2023-12-30,wk inc flu hosp,quantile,0.99,726.7887387433509
UMass-flusion_spatial2,22,3,2024-01-20,2023-12-30,wk inc flu hosp,quantile,0.01,101.12812296179168
UMass-flusion_spatial2,22,3,2024-01-20,2023-12-30,wk inc flu hosp,quantile,0.025,127.07676303650221
UMass-flusion_spatial2,22,3,2024-01-20,2023-12-30,wk inc flu hosp,quantile,0.05,149.09609628927353
UMass-flusion_spatial2,22,3,2024-01-20,2023-12-30,wk inc flu hosp,quantile,0.1,179.87982638856198
UMass-flusion_spatial2,22,3,2024-01-20,2023-12-30,wk inc flu hosp,quantile,0.15,196.1404827763556
UMass-flusion_spatial2,22,3,2024-01-20,2023-12-30,wk inc flu hosp,quantile,0.2,210.16344273881737
UMass-flusion_spatial2,22,3,2024-01-20,2023-12-30,wk inc flu hosp,quantile,0.25,225.04184251944557
UMass-flusion_spatial2,22,3,2024-01-20,2023-12-30,wk inc flu hosp,quantile,0.3,239.82292023681853
UMass-flusion_spatial2,22,3,2024-01-20,2023-12-30,wk inc flu hosp,quantile,0.35,258.680699954942
UMass-flusion_spatial2,22,3,2024-01-20,2023-12-30,wk inc flu hosp,quantile,0.4,275.358605323155
UMass-flusion_spatial2,22,3,2024-01-20,2023-12-30,wk inc flu hosp,quantile,0.45,293.8798747366143
UMass-flusion_spatial2,22,3,2024-01-20,2023-12-30,wk inc flu hosp,quantile,0.5,306.55751224100976
UMass-flusion_spatial2,22,3,2024-01-20,2023-12-30,wk inc flu hosp,quantile,0.55,321.7205304589262
UMass-flusion_spatial2,22,3,2024-01-20,2023-12-30,wk inc flu hosp,quantile,0.6,336.5812470434241
UMass-flusion_spatial2,22,3,2024-01-20,2023-12-30,wk inc flu hosp,quantile,0.65,352.3853598314213
UMass-flusion_spatial2,22,3,2024-01-20,2023-12-30,wk inc flu hosp,quantile,0.7,372.22698451617055
UMass-flusion_spatial2,22,3,2024-01-20,2023-12-30,wk inc flu hosp,quantile,0.75,388.98084170853645
UMass-flusion_spatial2,22,3,2024-01-20,2023-12-30,wk inc flu hosp,quantile,0.8,414.825133106472
UMass-flusion_spatial2,22,3,2024-01-20,2023-12-30,wk inc flu hosp,quantile,0.85,454.57998075876
UMass-flusion_spatial2,22,3,2024-01-20,2023-12-30,wk inc flu hosp,quantile,0.9,506.0591837112588
UMass-flusion_spatial2,22,3,2024-01-20,2023-12-30,wk inc flu hosp,quantile,0.95,586.3392801672065
UMass-flusion_spatial2,22,3,2024-01-20,2023-12-30,wk inc flu hosp,quantile,0.975,665.5747891434528
UMass-flusion_spatial2,22,3,2024-01-20,2023-12-30,wk inc flu hosp,quantile,0.99,782.1046940835465
UMass-flusion_spatial2,23,0,2023-12-30,2023-12-30,wk inc flu hosp,quantile,0.01,5.551205178226034
UMass-flusion_spatial2,23,0,2023-12-30,2023-12-30,wk inc flu hosp,quantile,0.025,8.36513009303554
UMass-flusion_spatial2,23,0,2023-12-30,2023-12-30,wk inc flu hosp,quantile,0.05,10.86816361330873
UMass-flusion_spatial2,23,0,2023-12-30,2023-12-30,wk inc flu hosp,quantile,0.1,13.712644218155436
UMass-flusion_spatial2,23,0,2023-12-30,2023-12-30,wk inc flu hosp,quantile,0.15,15.683972394270592
UMass-flusion_spatial2,23,0,2023-12-30,2023-12-30,wk inc flu hosp,quantile,0.2,17.347639018180637
UMass-flusion_spatial2,23,0,2023-12-30,2023-12-30,wk inc flu hosp,quantile,0.25,18.602507294448884
UMass-flusion_spatial2,23,0,2023-12-30,2023-12-30,wk inc flu hosp,quantile,0.3,19.832744697238674
UMass-flusion_spatial2,23,0,2023-12-30,2023-12-30,wk inc flu hosp,quantile,0.35,21.468705671725264
UMass-flusion_spatial2,23,0,2023-12-30,2023-12-30,wk inc flu hosp,quantile,0.4,23.11389334128287
UMass-flusion_spatial2,23,0,2023-12-30,2023-12-30,wk inc flu hosp,quantile,0.45,24.596495458815063
UMass-flusion_spatial2,23,0,2023-12-30,2023-12-30,wk inc flu hosp,quantile,0.5,26.3181280901713
UMass-flusion_spatial2,23,0,2023-12-30,2023-12-30,wk inc flu hosp,quantile,0.55,27.7063840028758
UMass-flusion_spatial2,23,0,2023-12-30,2023-12-30,wk inc flu hosp,quantile,0.6,28.88664573439485
UMass-flusion_spatial2,23,0,2023-12-30,2023-12-30,wk inc flu hosp,quantile,0.65,30.771894779827434
UMass-flusion_spatial2,23,0,2023-12-30,2023-12-30,wk inc flu hosp,quantile,0.7,32.44637250269141
UMass-flusion_spatial2,23,0,2023-12-30,2023-12-30,wk inc flu hosp,quantile,0.75,33.96711933637965
UMass-flusion_spatial2,23,0,2023-12-30,2023-12-30,wk inc flu hosp,quantile,0.8,35.37839668126656
UMass-flusion_spatial2,23,0,2023-12-30,2023-12-30,wk inc flu hosp,quantile,0.85,37.435821835334664
UMass-flusion_spatial2,23,0,2023-12-30,2023-12-30,wk inc flu hosp,quantile,0.9,39.847546814085135
UMass-flusion_spatial2,23,0,2023-12-30,2023-12-30,wk inc flu hosp,quantile,0.95,46.010521972777184
UMass-flusion_spatial2,23,0,2023-12-30,2023-12-30,wk inc flu hosp,quantile,0.975,50.81557845534634
UMass-flusion_spatial2,23,0,2023-12-30,2023-12-30,wk inc flu hosp,quantile,0.99,56.85855869207591
UMass-flusion_spatial2,23,1,2024-01-06,2023-12-30,wk inc flu hosp,quantile,0.01,2.677844848564973
UMass-flusion_spatial2,23,1,2024-01-06,2023-12-30,wk inc flu hosp,quantile,0.025,5.729371371423147
UMass-flusion_spatial2,23,1,2024-01-06,2023-12-30,wk inc flu hosp,quantile,0.05,8.696849689929568
UMass-flusion_spatial2,23,1,2024-01-06,2023-12-30,wk inc flu hosp,quantile,0.1,11.96848832587377
UMass-flusion_spatial2,23,1,2024-01-06,2023-12-30,wk inc flu hosp,quantile,0.15,14.380810748651971
UMass-flusion_spatial2,23,1,2024-01-06,2023-12-30,wk inc flu hosp,quantile,0.2,16.531662232137666
UMass-flusion_spatial2,23,1,2024-01-06,2023-12-30,wk inc flu hosp,quantile,0.25,18.26366958316497
UMass-flusion_spatial2,23,1,2024-01-06,2023-12-30,wk inc flu hosp,quantile,0.3,20.027371373483383
UMass-flusion_spatial2,23,1,2024-01-06,2023-12-30,wk inc flu hosp,quantile,0.35,22.38971338322135
UMass-flusion_spatial2,23,1,2024-01-06,2023-12-30,wk inc flu hosp,quantile,0.4,24.47174733433758
UMass-flusion_spatial2,23,1,2024-01-06,2023-12-30,wk inc flu hosp,quantile,0.45,26.572874362526647
UMass-flusion_spatial2,23,1,2024-01-06,2023-12-30,wk inc flu hosp,quantile,0.5,28.539077557474087
UMass-flusion_spatial2,23,1,2024-01-06,2023-12-30,wk inc flu hosp,quantile,0.55,30.617822913540166
UMass-flusion_spatial2,23,1,2024-01-06,2023-12-30,wk inc flu hosp,quantile,0.6,32.48792079989575
UMass-flusion_spatial2,23,1,2024-01-06,2023-12-30,wk inc flu hosp,quantile,0.65,35.34001025657793
UMass-flusion_spatial2,23,1,2024-01-06,2023-12-30,wk inc flu hosp,quantile,0.7,38.703603507166804
UMass-flusion_spatial2,23,1,2024-01-06,2023-12-30,wk inc flu hosp,quantile,0.75,40.86356310976205
UMass-flusion_spatial2,23,1,2024-01-06,2023-12-30,wk inc flu hosp,quantile,0.8,43.658057406276626
UMass-flusion_spatial2,23,1,2024-01-06,2023-12-30,wk inc flu hosp,quantile,0.85,46.917173077387176
UMass-flusion_spatial2,23,1,2024-01-06,2023-12-30,wk inc flu hosp,quantile,0.9,51.93737178728057
UMass-flusion_spatial2,23,1,2024-01-06,2023-12-30,wk inc flu hosp,quantile,0.95,60.77357415456912
UMass-flusion_spatial2,23,1,2024-01-06,2023-12-30,wk inc flu hosp,quantile,0.975,67.40452351635389
UMass-flusion_spatial2,23,1,2024-01-06,2023-12-30,wk inc flu hosp,quantile,0.99,78.14187308265733
UMass-flusion_spatial2,23,2,2024-01-13,2023-12-30,wk inc flu hosp,quantile,0.01,2.363301205008866
UMass-flusion_spatial2,23,2,2024-01-13,2023-12-30,wk inc flu hosp,quantile,0.025,4.463353902200212
UMass-flusion_spatial2,23,2,2024-01-13,2023-12-30,wk inc flu hosp,quantile,0.05,6.887722092403253
UMass-flusion_spatial2,23,2,2024-01-13,2023-12-30,wk inc flu hosp,quantile,0.1,10.408979078789724
UMass-flusion_spatial2,23,2,2024-01-13,2023-12-30,wk inc flu hosp,quantile,0.15,12.733980987046275
UMass-flusion_spatial2,23,2,2024-01-13,2023-12-30,wk inc flu hosp,quantile,0.2,15.220755039922038
UMass-flusion_spatial2,23,2,2024-01-13,2023-12-30,wk inc flu hosp,quantile,0.25,17.243999114142625
UMass-flusion_spatial2,23,2,2024-01-13,2023-12-30,wk inc flu hosp,quantile,0.3,19.47397526638454
UMass-flusion_spatial2,23,2,2024-01-13,2023-12-30,wk inc flu hosp,quantile,0.35,22.077887489775385
UMass-flusion_spatial2,23,2,2024-01-13,2023-12-30,wk inc flu hosp,quantile,0.4,25.222447953974154
UMass-flusion_spatial2,23,2,2024-01-13,2023-12-30,wk inc flu hosp,quantile,0.45,27.52663653739019
UMass-flusion_spatial2,23,2,2024-01-13,2023-12-30,wk inc flu hosp,quantile,0.5,29.62637585039821
UMass-flusion_spatial2,23,2,2024-01-13,2023-12-30,wk inc flu hosp,quantile,0.55,32.56858495543478
UMass-flusion_spatial2,23,2,2024-01-13,2023-12-30,wk inc flu hosp,quantile,0.6,34.96017021983948
UMass-flusion_spatial2,23,2,2024-01-13,2023-12-30,wk inc flu hosp,quantile,0.65,38.4110579082404
UMass-flusion_spatial2,23,2,2024-01-13,2023-12-30,wk inc flu hosp,quantile,0.7,42.18772764266577
UMass-flusion_spatial2,23,2,2024-01-13,2023-12-30,wk inc flu hosp,quantile,0.75,44.485747600941906
UMass-flusion_spatial2,23,2,2024-01-13,2023-12-30,wk inc flu hosp,quantile,0.8,48.655429985269365
UMass-flusion_spatial2,23,2,2024-01-13,2023-12-30,wk inc flu hosp,quantile,0.85,52.48297224002251
UMass-flusion_spatial2,23,2,2024-01-13,2023-12-30,wk inc flu hosp,quantile,0.9,63.23479432841526
UMass-flusion_spatial2,23,2,2024-01-13,2023-12-30,wk inc flu hosp,quantile,0.95,76.08465237051169
UMass-flusion_spatial2,23,2,2024-01-13,2023-12-30,wk inc flu hosp,quantile,0.975,88.28125865563953
UMass-flusion_spatial2,23,2,2024-01-13,2023-12-30,wk inc flu hosp,quantile,0.99,99.231946194295
UMass-flusion_spatial2,23,3,2024-01-20,2023-12-30,wk inc flu hosp,quantile,0.01,2.2067658027616424
UMass-flusion_spatial2,23,3,2024-01-20,2023-12-30,wk inc flu hosp,quantile,0.025,4.273147181747451
UMass-flusion_spatial2,23,3,2024-01-20,2023-12-30,wk inc flu hosp,quantile,0.05,6.23005019072723
UMass-flusion_spatial2,23,3,2024-01-20,2023-12-30,wk inc flu hosp,quantile,0.1,9.080390306369491
UMass-flusion_spatial2,23,3,2024-01-20,2023-12-30,wk inc flu hosp,quantile,0.15,11.462455425643657
UMass-flusion_spatial2,23,3,2024-01-20,2023-12-30,wk inc flu hosp,quantile,0.2,13.938266594170596
UMass-flusion_spatial2,23,3,2024-01-20,2023-12-30,wk inc flu hosp,quantile,0.25,15.940558169785907
UMass-flusion_spatial2,23,3,2024-01-20,2023-12-30,wk inc flu hosp,quantile,0.3,18.50040715589263
UMass-flusion_spatial2,23,3,2024-01-20,2023-12-30,wk inc flu hosp,quantile,0.35,21.287728106769304
UMass-flusion_spatial2,23,3,2024-01-20,2023-12-30,wk inc flu hosp,quantile,0.4,24.30060894907807
UMass-flusion_spatial2,23,3,2024-01-20,2023-12-30,wk inc flu hosp,quantile,0.45,26.928152180012646
UMass-flusion_spatial2,23,3,2024-01-20,2023-12-30,wk inc flu hosp,quantile,0.5,29.523428879763465
UMass-flusion_spatial2,23,3,2024-01-20,2023-12-30,wk inc flu hosp,quantile,0.55,32.83595822740361
UMass-flusion_spatial2,23,3,2024-01-20,2023-12-30,wk inc flu hosp,quantile,0.6,36.13317252656373
UMass-flusion_spatial2,23,3,2024-01-20,2023-12-30,wk inc flu hosp,quantile,0.65,39.46005861306851
UMass-flusion_spatial2,23,3,2024-01-20,2023-12-30,wk inc flu hosp,quantile,0.7,43.67042422203564
UMass-flusion_spatial2,23,3,2024-01-20,2023-12-30,wk inc flu hosp,quantile,0.75,47.64640850624282
UMass-flusion_spatial2,23,3,2024-01-20,2023-12-30,wk inc flu hosp,quantile,0.8,52.891633120149116
UMass-flusion_spatial2,23,3,2024-01-20,2023-12-30,wk inc flu hosp,quantile,0.85,57.21800064916259
UMass-flusion_spatial2,23,3,2024-01-20,2023-12-30,wk inc flu hosp,quantile,0.9,69.77666069427252
UMass-flusion_spatial2,23,3,2024-01-20,2023-12-30,wk inc flu hosp,quantile,0.95,85.04439052596308
UMass-flusion_spatial2,23,3,2024-01-20,2023-12-30,wk inc flu hosp,quantile,0.975,99.50247729776319
UMass-flusion_spatial2,23,3,2024-01-20,2023-12-30,wk inc flu hosp,quantile,0.99,117.04826037655306
UMass-flusion_spatial2,24,0,2023-12-30,2023-12-30,wk inc flu hosp,quantile,0.01,132.67483241677346
UMass-flusion_spatial2,24,0,2023-12-30,2023-12-30,wk inc flu hosp,quantile,0.025,151.1360062110275
UMass-flusion_spatial2,24,0,2023-12-30,2023-12-30,wk inc flu hosp,quantile,0.05,164.64566598932453
UMass-flusion_spatial2,24,0,2023-12-30,2023-12-30,wk inc flu hosp,quantile,0.1,180.81770527430652
UMass-flusion_spatial2,24,0,2023-12-30,2023-12-30,wk inc flu hosp,quantile,0.15,196.53570153335826
UMass-flusion_spatial2,24,0,2023-12-30,2023-12-30,wk inc flu hosp,quantile,0.2,213.66071553074966
UMass-flusion_spatial2,24,0,2023-12-30,2023-12-30,wk inc flu hosp,quantile,0.25,225.05303007281015
UMass-flusion_spatial2,24,0,2023-12-30,2023-12-30,wk inc flu hosp,quantile,0.3,234.85147517465992
UMass-flusion_spatial2,24,0,2023-12-30,2023-12-30,wk inc flu hosp,quantile,0.35,237.8664722458044
UMass-flusion_spatial2,24,0,2023-12-30,2023-12-30,wk inc flu hosp,quantile,0.4,240.41846269921814
UMass-flusion_spatial2,24,0,2023-12-30,2023-12-30,wk inc flu hosp,quantile,0.45,248.34233016473712
UMass-flusion_spatial2,24,0,2023-12-30,2023-12-30,wk inc flu hosp,quantile,0.5,255.73094216596843
UMass-flusion_spatial2,24,0,2023-12-30,2023-12-30,wk inc flu hosp,quantile,0.55,261.07816553303815
UMass-flusion_spatial2,24,0,2023-12-30,2023-12-30,wk inc flu hosp,quantile,0.6,270.9518992292603
UMass-flusion_spatial2,24,0,2023-12-30,2023-12-30,wk inc flu hosp,quantile,0.65,279.1517572442166
UMass-flusion_spatial2,24,0,2023-12-30,2023-12-30,wk inc flu hosp,quantile,0.7,284.42184568754635
UMass-flusion_spatial2,24,0,2023-12-30,2023-12-30,wk inc flu hosp,quantile,0.75,291.66831927219414
UMass-flusion_spatial2,24,0,2023-12-30,2023-12-30,wk inc flu hosp,quantile,0.8,300.551564423267
UMass-flusion_spatial2,24,0,2023-12-30,2023-12-30,wk inc flu hosp,quantile,0.85,307.85974857604526
UMass-flusion_spatial2,24,0,2023-12-30,2023-12-30,wk inc flu hosp,quantile,0.9,316.57755198394716
UMass-flusion_spatial2,24,0,2023-12-30,2023-12-30,wk inc flu hosp,quantile,0.95,341.7243692972815
UMass-flusion_spatial2,24,0,2023-12-30,2023-12-30,wk inc flu hosp,quantile,0.975,361.3492252044709
UMass-flusion_spatial2,24,0,2023-12-30,2023-12-30,wk inc flu hosp,quantile,0.99,389.0690920482308
UMass-flusion_spatial2,24,1,2024-01-06,2023-12-30,wk inc flu hosp,quantile,0.01,113.52064039861244
UMass-flusion_spatial2,24,1,2024-01-06,2023-12-30,wk inc flu hosp,quantile,0.025,134.93700144110636
UMass-flusion_spatial2,24,1,2024-01-06,2023-12-30,wk inc flu hosp,quantile,0.05,151.5265648958068
UMass-flusion_spatial2,24,1,2024-01-06,2023-12-30,wk inc flu hosp,quantile,0.1,176.46570178478763
UMass-flusion_spatial2,24,1,2024-01-06,2023-12-30,wk inc flu hosp,quantile,0.15,194.62821727961443
UMass-flusion_spatial2,24,1,2024-01-06,2023-12-30,wk inc flu hosp,quantile,0.2,212.29519134662132
UMass-flusion_spatial2,24,1,2024-01-06,2023-12-30,wk inc flu hosp,quantile,0.25,226.02713057662774
UMass-flusion_spatial2,24,1,2024-01-06,2023-12-30,wk inc flu hosp,quantile,0.3,237.86481144354124
UMass-flusion_spatial2,24,1,2024-01-06,2023-12-30,wk inc flu hosp,quantile,0.35,242.679503490363
UMass-flusion_spatial2,24,1,2024-01-06,2023-12-30,wk inc flu hosp,quantile,0.4,248.12464904837174
UMass-flusion_spatial2,24,1,2024-01-06,2023-12-30,wk inc flu hosp,quantile,0.45,259.40934067639216
UMass-flusion_spatial2,24,1,2024-01-06,2023-12-30,wk inc flu hosp,quantile,0.5,270.3766180931601
UMass-flusion_spatial2,24,1,2024-01-06,2023-12-30,wk inc flu hosp,quantile,0.55,280.2440465021531
UMass-flusion_spatial2,24,1,2024-01-06,2023-12-30,wk inc flu hosp,quantile,0.6,295.34012960365953
UMass-flusion_spatial2,24,1,2024-01-06,2023-12-30,wk inc flu hosp,quantile,0.65,306.09935023616436
UMass-flusion_spatial2,24,1,2024-01-06,2023-12-30,wk inc flu hosp,quantile,0.7,316.29327836204345
UMass-flusion_spatial2,24,1,2024-01-06,2023-12-30,wk inc flu hosp,quantile,0.75,324.0009136021854
UMass-flusion_spatial2,24,1,2024-01-06,2023-12-30,wk inc flu hosp,quantile,0.8,335.25783779392646
UMass-flusion_spatial2,24,1,2024-01-06,2023-12-30,wk inc flu hosp,quantile,0.85,352.60673671473705
UMass-flusion_spatial2,24,1,2024-01-06,2023-12-30,wk inc flu hosp,quantile,0.9,376.46865417302985
UMass-flusion_spatial2,24,1,2024-01-06,2023-12-30,wk inc flu hosp,quantile,0.95,417.02508060796634
UMass-flusion_spatial2,24,1,2024-01-06,2023-12-30,wk inc flu hosp,quantile,0.975,447.40424921426313
UMass-flusion_spatial2,24,1,2024-01-06,2023-12-30,wk inc flu hosp,quantile,0.99,490.6751241793777
UMass-flusion_spatial2,24,2,2024-01-13,2023-12-30,wk inc flu hosp,quantile,0.01,96.65613083049814
UMass-flusion_spatial2,24,2,2024-01-13,2023-12-30,wk inc flu hosp,quantile,0.025,119.50450840667612
UMass-flusion_spatial2,24,2,2024-01-13,2023-12-30,wk inc flu hosp,quantile,0.05,138.16056007490218
UMass-flusion_spatial2,24,2,2024-01-13,2023-12-30,wk inc flu hosp,quantile,0.1,163.0876342570417
UMass-flusion_spatial2,24,2,2024-01-13,2023-12-30,wk inc flu hosp,quantile,0.15,182.31730736304485
UMass-flusion_spatial2,24,2,2024-01-13,2023-12-30,wk inc flu hosp,quantile,0.2,202.90716160190033
UMass-flusion_spatial2,24,2,2024-01-13,2023-12-30,wk inc flu hosp,quantile,0.25,216.8570958131607
UMass-flusion_spatial2,24,2,2024-01-13,2023-12-30,wk inc flu hosp,quantile,0.3,229.98020035035321
UMass-flusion_spatial2,24,2,2024-01-13,2023-12-30,wk inc flu hosp,quantile,0.35,237.02503427127073
UMass-flusion_spatial2,24,2,2024-01-13,2023-12-30,wk inc flu hosp,quantile,0.4,243.46498540121684
UMass-flusion_spatial2,24,2,2024-01-13,2023-12-30,wk inc flu hosp,quantile,0.45,258.37779552128376
UMass-flusion_spatial2,24,2,2024-01-13,2023-12-30,wk inc flu hosp,quantile,0.5,270.40267371148326
UMass-flusion_spatial2,24,2,2024-01-13,2023-12-30,wk inc flu hosp,quantile,0.55,283.099163786664
UMass-flusion_spatial2,24,2,2024-01-13,2023-12-30,wk inc flu hosp,quantile,0.6,297.73430825768105
UMass-flusion_spatial2,24,2,2024-01-13,2023-12-30,wk inc flu hosp,quantile,0.65,312.2870738184256
UMass-flusion_spatial2,24,2,2024-01-13,2023-12-30,wk inc flu hosp,quantile,0.7,320.22843356790736
UMass-flusion_spatial2,24,2,2024-01-13,2023-12-30,wk inc flu hosp,quantile,0.75,330.9531249792253
UMass-flusion_spatial2,24,2,2024-01-13,2023-12-30,wk inc flu hosp,quantile,0.8,346.18885825183173
UMass-flusion_spatial2,24,2,2024-01-13,2023-12-30,wk inc flu hosp,quantile,0.85,365.69499649525636
UMass-flusion_spatial2,24,2,2024-01-13,2023-12-30,wk inc flu hosp,quantile,0.9,400.2488961579329
UMass-flusion_spatial2,24,2,2024-01-13,2023-12-30,wk inc flu hosp,quantile,0.95,458.47665881488973
UMass-flusion_spatial2,24,2,2024-01-13,2023-12-30,wk inc flu hosp,quantile,0.975,513.5624310604346
UMass-flusion_spatial2,24,2,2024-01-13,2023-12-30,wk inc flu hosp,quantile,0.99,571.7021560399598
UMass-flusion_spatial2,24,3,2024-01-20,2023-12-30,wk inc flu hosp,quantile,0.01,81.65451090915334
UMass-flusion_spatial2,24,3,2024-01-20,2023-12-30,wk inc flu hosp,quantile,0.025,104.79689065439851
UMass-flusion_spatial2,24,3,2024-01-20,2023-12-30,wk inc flu hosp,quantile,0.05,125.99204372799693
UMass-flusion_spatial2,24,3,2024-01-20,2023-12-30,wk inc flu hosp,quantile,0.1,152.13141635838736
UMass-flusion_spatial2,24,3,2024-01-20,2023-12-30,wk inc flu hosp,quantile,0.15,171.36588191423164
UMass-flusion_spatial2,24,3,2024-01-20,2023-12-30,wk inc flu hosp,quantile,0.2,189.0934274458741
UMass-flusion_spatial2,24,3,2024-01-20,2023-12-30,wk inc flu hosp,quantile,0.25,203.36864140802948
UMass-flusion_spatial2,24,3,2024-01-20,2023-12-30,wk inc flu hosp,quantile,0.3,218.71670604985604
UMass-flusion_spatial2,24,3,2024-01-20,2023-12-30,wk inc flu hosp,quantile,0.35,225.3893825976724
UMass-flusion_spatial2,24,3,2024-01-20,2023-12-30,wk inc flu hosp,quantile,0.4,232.29608820298512
UMass-flusion_spatial2,24,3,2024-01-20,2023-12-30,wk inc flu hosp,quantile,0.45,249.58059960445712
UMass-flusion_spatial2,24,3,2024-01-20,2023-12-30,wk inc flu hosp,quantile,0.5,263.65014942686787
UMass-flusion_spatial2,24,3,2024-01-20,2023-12-30,wk inc flu hosp,quantile,0.55,275.59697218265785
UMass-flusion_spatial2,24,3,2024-01-20,2023-12-30,wk inc flu hosp,quantile,0.6,292.23425157721874
UMass-flusion_spatial2,24,3,2024-01-20,2023-12-30,wk inc flu hosp,quantile,0.65,304.81958251328643
UMass-flusion_spatial2,24,3,2024-01-20,2023-12-30,wk inc flu hosp,quantile,0.7,313.58116276413733
UMass-flusion_spatial2,24,3,2024-01-20,2023-12-30,wk inc flu hosp,quantile,0.75,325.3447248808461
UMass-flusion_spatial2,24,3,2024-01-20,2023-12-30,wk inc flu hosp,quantile,0.8,346.3738936682655
UMass-flusion_spatial2,24,3,2024-01-20,2023-12-30,wk inc flu hosp,quantile,0.85,371.94515536990735
UMass-flusion_spatial2,24,3,2024-01-20,2023-12-30,wk inc flu hosp,quantile,0.9,415.5233215005244
UMass-flusion_spatial2,24,3,2024-01-20,2023-12-30,wk inc flu hosp,quantile,0.95,481.6814787025095
UMass-flusion_spatial2,24,3,2024-01-20,2023-12-30,wk inc flu hosp,quantile,0.975,552.5911389054897
UMass-flusion_spatial2,24,3,2024-01-20,2023-12-30,wk inc flu hosp,quantile,0.99,634.8293629222565
UMass-flusion_spatial2,25,0,2023-12-30,2023-12-30,wk inc flu hosp,quantile,0.01,194.83034719939263
UMass-flusion_spatial2,25,0,2023-12-30,2023-12-30,wk inc flu hosp,quantile,0.025,221.97227891505082
UMass-flusion_spatial2,25,0,2023-12-30,2023-12-30,wk inc flu hosp,quantile,0.05,244.74143795880582
UMass-flusion_spatial2,25,0,2023-12-30,2023-12-30,wk inc flu hosp,quantile,0.1,269.78122884802514
UMass-flusion_spatial2,25,0,2023-12-30,2023-12-30,wk inc flu hosp,quantile,0.15,292.5951882918477
UMass-flusion_spatial2,25,0,2023-12-30,2023-12-30,wk inc flu hosp,quantile,0.2,312.78139615237455
UMass-flusion_spatial2,25,0,2023-12-30,2023-12-30,wk inc flu hosp,quantile,0.25,328.4115281692931
UMass-flusion_spatial2,25,0,2023-12-30,2023-12-30,wk inc flu hosp,quantile,0.3,339.69607529532186
UMass-flusion_spatial2,25,0,2023-12-30,2023-12-30,wk inc flu hosp,quantile,0.35,346.55565696550457
UMass-flusion_spatial2,25,0,2023-12-30,2023-12-30,wk inc flu hosp,quantile,0.4,354.4129038888308
UMass-flusion_spatial2,25,0,2023-12-30,2023-12-30,wk inc flu hosp,quantile,0.45,369.6726034138926
UMass-flusion_spatial2,25,0,2023-12-30,2023-12-30,wk inc flu hosp,quantile,0.5,378.28655752970406
UMass-flusion_spatial2,25,0,2023-12-30,2023-12-30,wk inc flu hosp,quantile,0.55,393.8108173586464
UMass-flusion_spatial2,25,0,2023-12-30,2023-12-30,wk inc flu hosp,quantile,0.6,408.545804814662
UMass-flusion_spatial2,25,0,2023-12-30,2023-12-30,wk inc flu hosp,quantile,0.65,430.0944260961736
UMass-flusion_spatial2,25,0,2023-12-30,2023-12-30,wk inc flu hosp,quantile,0.7,445.5853626355346
UMass-flusion_spatial2,25,0,2023-12-30,2023-12-30,wk inc flu hosp,quantile,0.75,457.85326117272047
UMass-flusion_spatial2,25,0,2023-12-30,2023-12-30,wk inc flu hosp,quantile,0.8,467.89948061035807
UMass-flusion_spatial2,25,0,2023-12-30,2023-12-30,wk inc flu hosp,quantile,0.85,479.74417847895404
UMass-flusion_spatial2,25,0,2023-12-30,2023-12-30,wk inc flu hosp,quantile,0.9,492.3607909160329
UMass-flusion_spatial2,25,0,2023-12-30,2023-12-30,wk inc flu hosp,quantile,0.95,525.7400842751925
UMass-flusion_spatial2,25,0,2023-12-30,2023-12-30,wk inc flu hosp,quantile,0.975,549.553894013763
UMass-flusion_spatial2,25,0,2023-12-30,2023-12-30,wk inc flu hosp,quantile,0.99,602.9745813192277
UMass-flusion_spatial2,25,1,2024-01-06,2023-12-30,wk inc flu hosp,quantile,0.01,164.29811036520155
UMass-flusion_spatial2,25,1,2024-01-06,2023-12-30,wk inc flu hosp,quantile,0.025,191.13030512074937
UMass-flusion_spatial2,25,1,2024-01-06,2023-12-30,wk inc flu hosp,quantile,0.05,219.84434776018236
UMass-flusion_spatial2,25,1,2024-01-06,2023-12-30,wk inc flu hosp,quantile,0.1,251.5899331191809
UMass-flusion_spatial2,25,1,2024-01-06,2023-12-30,wk inc flu hosp,quantile,0.15,281.6179476999722
UMass-flusion_spatial2,25,1,2024-01-06,2023-12-30,wk inc flu hosp,quantile,0.2,300.5364053842786
UMass-flusion_spatial2,25,1,2024-01-06,2023-12-30,wk inc flu hosp,quantile,0.25,318.92704457197055
UMass-flusion_spatial2,25,1,2024-01-06,2023-12-30,wk inc flu hosp,quantile,0.3,332.2182352063564
UMass-flusion_spatial2,25,1,2024-01-06,2023-12-30,wk inc flu hosp,quantile,0.35,342.30128114724823
UMass-flusion_spatial2,25,1,2024-01-06,2023-12-30,wk inc flu hosp,quantile,0.4,353.7267489720258
UMass-flusion_spatial2,25,1,2024-01-06,2023-12-30,wk inc flu hosp,quantile,0.45,366.91366287586493
UMass-flusion_spatial2,25,1,2024-01-06,2023-12-30,wk inc flu hosp,quantile,0.5,381.8816383392732
UMass-flusion_spatial2,25,1,2024-01-06,2023-12-30,wk inc flu hosp,quantile,0.55,396.99505794480865
UMass-flusion_spatial2,25,1,2024-01-06,2023-12-30,wk inc flu hosp,quantile,0.6,415.0004021095589
UMass-flusion_spatial2,25,1,2024-01-06,2023-12-30,wk inc flu hosp,quantile,0.65,441.41963907079537
UMass-flusion_spatial2,25,1,2024-01-06,2023-12-30,wk inc flu hosp,quantile,0.7,462.9988890432728
UMass-flusion_spatial2,25,1,2024-01-06,2023-12-30,wk inc flu hosp,quantile,0.75,483.9404562462714
UMass-flusion_spatial2,25,1,2024-01-06,2023-12-30,wk inc flu hosp,quantile,0.8,507.9474818117976
UMass-flusion_spatial2,25,1,2024-01-06,2023-12-30,wk inc flu hosp,quantile,0.85,538.0912063365708
UMass-flusion_spatial2,25,1,2024-01-06,2023-12-30,wk inc flu hosp,quantile,0.9,571.9287609881333
UMass-flusion_spatial2,25,1,2024-01-06,2023-12-30,wk inc flu hosp,quantile,0.95,625.2410721648193
UMass-flusion_spatial2,25,1,2024-01-06,2023-12-30,wk inc flu hosp,quantile,0.975,664.6370578805813
UMass-flusion_spatial2,25,1,2024-01-06,2023-12-30,wk inc flu hosp,quantile,0.99,733.1733893861463
UMass-flusion_spatial2,25,2,2024-01-13,2023-12-30,wk inc flu hosp,quantile,0.01,128.91058600113394
UMass-flusion_spatial2,25,2,2024-01-13,2023-12-30,wk inc flu hosp,quantile,0.025,155.6587996453077
UMass-flusion_spatial2,25,2,2024-01-13,2023-12-30,wk inc flu hosp,quantile,0.05,191.2199739962847
UMass-flusion_spatial2,25,2,2024-01-13,2023-12-30,wk inc flu hosp,quantile,0.1,223.04700544274596
UMass-flusion_spatial2,25,2,2024-01-13,2023-12-30,wk inc flu hosp,quantile,0.15,254.8824347849137
UMass-flusion_spatial2,25,2,2024-01-13,2023-12-30,wk inc flu hosp,quantile,0.2,274.1800596689683
UMass-flusion_spatial2,25,2,2024-01-13,2023-12-30,wk inc flu hosp,quantile,0.25,294.25365993496393
UMass-flusion_spatial2,25,2,2024-01-13,2023-12-30,wk inc flu hosp,quantile,0.3,309.78108672085096
UMass-flusion_spatial2,25,2,2024-01-13,2023-12-30,wk inc flu hosp,quantile,0.35,322.64070507154406
UMass-flusion_spatial2,25,2,2024-01-13,2023-12-30,wk inc flu hosp,quantile,0.4,332.9794900562346
UMass-flusion_spatial2,25,2,2024-01-13,2023-12-30,wk inc flu hosp,quantile,0.45,353.0475309560032
UMass-flusion_spatial2,25,2,2024-01-13,2023-12-30,wk inc flu hosp,quantile,0.5,369.2469725544579
UMass-flusion_spatial2,25,2,2024-01-13,2023-12-30,wk inc flu hosp,quantile,0.55,388.6986262139977
UMass-flusion_spatial2,25,2,2024-01-13,2023-12-30,wk inc flu hosp,quantile,0.6,403.2037600995105
UMass-flusion_spatial2,25,2,2024-01-13,2023-12-30,wk inc flu hosp,quantile,0.65,424.0161641320627
UMass-flusion_spatial2,25,2,2024-01-13,2023-12-30,wk inc flu hosp,quantile,0.7,448.6813389626348
UMass-flusion_spatial2,25,2,2024-01-13,2023-12-30,wk inc flu hosp,quantile,0.75,472.6551507200761
UMass-flusion_spatial2,25,2,2024-01-13,2023-12-30,wk inc flu hosp,quantile,0.8,505.44578367419086
UMass-flusion_spatial2,25,2,2024-01-13,2023-12-30,wk inc flu hosp,quantile,0.85,536.1602265191752
UMass-flusion_spatial2,25,2,2024-01-13,2023-12-30,wk inc flu hosp,quantile,0.9,584.0216564883997
UMass-flusion_spatial2,25,2,2024-01-13,2023-12-30,wk inc flu hosp,quantile,0.95,665.8947452197849
UMass-flusion_spatial2,25,2,2024-01-13,2023-12-30,wk inc flu hosp,quantile,0.975,734.5958405264
UMass-flusion_spatial2,25,2,2024-01-13,2023-12-30,wk inc flu hosp,quantile,0.99,829.3333293993965
UMass-flusion_spatial2,25,3,2024-01-20,2023-12-30,wk inc flu hosp,quantile,0.01,101.29170617145141
UMass-flusion_spatial2,25,3,2024-01-20,2023-12-30,wk inc flu hosp,quantile,0.025,128.12624716860668
UMass-flusion_spatial2,25,3,2024-01-20,2023-12-30,wk inc flu hosp,quantile,0.05,161.60256433813151
UMass-flusion_spatial2,25,3,2024-01-20,2023-12-30,wk inc flu hosp,quantile,0.1,196.16309354655664
UMass-flusion_spatial2,25,3,2024-01-20,2023-12-30,wk inc flu hosp,quantile,0.15,223.6292302735228
UMass-flusion_spatial2,25,3,2024-01-20,2023-12-30,wk inc flu hosp,quantile,0.2,246.18647295605922
UMass-flusion_spatial2,25,3,2024-01-20,2023-12-30,wk inc flu hosp,quantile,0.25,265.7145834923499
UMass-flusion_spatial2,25,3,2024-01-20,2023-12-30,wk inc flu hosp,quantile,0.3,283.0178869418289
UMass-flusion_spatial2,25,3,2024-01-20,2023-12-30,wk inc flu hosp,quantile,0.35,296.5674577382653
UMass-flusion_spatial2,25,3,2024-01-20,2023-12-30,wk inc flu hosp,quantile,0.4,309.043270747531
UMass-flusion_spatial2,25,3,2024-01-20,2023-12-30,wk inc flu hosp,quantile,0.45,327.00716684730367
UMass-flusion_spatial2,25,3,2024-01-20,2023-12-30,wk inc flu hosp,quantile,0.5,339.2791198578431
UMass-flusion_spatial2,25,3,2024-01-20,2023-12-30,wk inc flu hosp,quantile,0.55,359.8509586300282
UMass-flusion_spatial2,25,3,2024-01-20,2023-12-30,wk inc flu hosp,quantile,0.6,379.6375924811822
UMass-flusion_spatial2,25,3,2024-01-20,2023-12-30,wk inc flu hosp,quantile,0.65,405.4309563897407
UMass-flusion_spatial2,25,3,2024-01-20,2023-12-30,wk inc flu hosp,quantile,0.7,420.4437681820721
UMass-flusion_spatial2,25,3,2024-01-20,2023-12-30,wk inc flu hosp,quantile,0.75,451.42569348629075
UMass-flusion_spatial2,25,3,2024-01-20,2023-12-30,wk inc flu hosp,quantile,0.8,488.7045846476468
UMass-flusion_spatial2,25,3,2024-01-20,2023-12-30,wk inc flu hosp,quantile,0.85,530.5201497999345
UMass-flusion_spatial2,25,3,2024-01-20,2023-12-30,wk inc flu hosp,quantile,0.9,590.4866063807802
UMass-flusion_spatial2,25,3,2024-01-20,2023-12-30,wk inc flu hosp,quantile,0.95,697.5519225078234
UMass-flusion_spatial2,25,3,2024-01-20,2023-12-30,wk inc flu hosp,quantile,0.975,778.4698548680033
UMass-flusion_spatial2,25,3,2024-01-20,2023-12-30,wk inc flu hosp,quantile,0.99,911.4380087130082
UMass-flusion_spatial2,26,0,2023-12-30,2023-12-30,wk inc flu hosp,quantile,0.01,156.6470768434091
UMass-flusion_spatial2,26,0,2023-12-30,2023-12-30,wk inc flu hosp,quantile,0.025,179.611399425189
UMass-flusion_spatial2,26,0,2023-12-30,2023-12-30,wk inc flu hosp,quantile,0.05,203.58565049478995
UMass-flusion_spatial2,26,0,2023-12-30,2023-12-30,wk inc flu hosp,quantile,0.1,231.2466567936984
UMass-flusion_spatial2,26,0,2023-12-30,2023-12-30,wk inc flu hosp,quantile,0.15,253.54646048092758
UMass-flusion_spatial2,26,0,2023-12-30,2023-12-30,wk inc flu hosp,quantile,0.2,274.00954879714675
UMass-flusion_spatial2,26,0,2023-12-30,2023-12-30,wk inc flu hosp,quantile,0.25,289.76067190092095
UMass-flusion_spatial2,26,0,2023-12-30,2023-12-30,wk inc flu hosp,quantile,0.3,301.7142708780601
UMass-flusion_spatial2,26,0,2023-12-30,2023-12-30,wk inc flu hosp,quantile,0.35,313.7747090059087
UMass-flusion_spatial2,26,0,2023-12-30,2023-12-30,wk inc flu hosp,quantile,0.4,323.23108247822483
UMass-flusion_spatial2,26,0,2023-12-30,2023-12-30,wk inc flu hosp,quantile,0.45,335.7710674116165
UMass-flusion_spatial2,26,0,2023-12-30,2023-12-30,wk inc flu hosp,quantile,0.5,347.910656723261
UMass-flusion_spatial2,26,0,2023-12-30,2023-12-30,wk inc flu hosp,quantile,0.55,361.3688017201312
UMass-flusion_spatial2,26,0,2023-12-30,2023-12-30,wk inc flu hosp,quantile,0.6,377.8153857725115
UMass-flusion_spatial2,26,0,2023-12-30,2023-12-30,wk inc flu hosp,quantile,0.65,388.6056978023299
UMass-flusion_spatial2,26,0,2023-12-30,2023-12-30,wk inc flu hosp,quantile,0.7,405.56816729201523
UMass-flusion_spatial2,26,0,2023-12-30,2023-12-30,wk inc flu hosp,quantile,0.75,415.2627895165034
UMass-flusion_spatial2,26,0,2023-12-30,2023-12-30,wk inc flu hosp,quantile,0.8,425.0454137254228
UMass-flusion_spatial2,26,0,2023-12-30,2023-12-30,wk inc flu hosp,quantile,0.85,439.57342099442286
UMass-flusion_spatial2,26,0,2023-12-30,2023-12-30,wk inc flu hosp,quantile,0.9,454.72646156090013
UMass-flusion_spatial2,26,0,2023-12-30,2023-12-30,wk inc flu hosp,quantile,0.95,487.0960569602993
UMass-flusion_spatial2,26,0,2023-12-30,2023-12-30,wk inc flu hosp,quantile,0.975,512.2425111791691
UMass-flusion_spatial2,26,0,2023-12-30,2023-12-30,wk inc flu hosp,quantile,0.99,564.400349708661
UMass-flusion_spatial2,26,1,2024-01-06,2023-12-30,wk inc flu hosp,quantile,0.01,121.35278121722504
UMass-flusion_spatial2,26,1,2024-01-06,2023-12-30,wk inc flu hosp,quantile,0.025,145.6869832445857
UMass-flusion_spatial2,26,1,2024-01-06,2023-12-30,wk inc flu hosp,quantile,0.05,174.49550599344462
UMass-flusion_spatial2,26,1,2024-01-06,2023-12-30,wk inc flu hosp,quantile,0.1,213.1598962148893
UMass-flusion_spatial2,26,1,2024-01-06,2023-12-30,wk inc flu hosp,quantile,0.15,241.8097727186373
UMass-flusion_spatial2,26,1,2024-01-06,2023-12-30,wk inc flu hosp,quantile,0.2,265.7788450641226
UMass-flusion_spatial2,26,1,2024-01-06,2023-12-30,wk inc flu hosp,quantile,0.25,283.7188843371832
UMass-flusion_spatial2,26,1,2024-01-06,2023-12-30,wk inc flu hosp,quantile,0.3,298.06898453496547
UMass-flusion_spatial2,26,1,2024-01-06,2023-12-30,wk inc flu hosp,quantile,0.35,314.8316323297504
UMass-flusion_spatial2,26,1,2024-01-06,2023-12-30,wk inc flu hosp,quantile,0.4,323.23514945845113
UMass-flusion_spatial2,26,1,2024-01-06,2023-12-30,wk inc flu hosp,quantile,0.45,340.40880338519264
UMass-flusion_spatial2,26,1,2024-01-06,2023-12-30,wk inc flu hosp,quantile,0.5,357.2169448316841
UMass-flusion_spatial2,26,1,2024-01-06,2023-12-30,wk inc flu hosp,quantile,0.55,368.85165842267685
UMass-flusion_spatial2,26,1,2024-01-06,2023-12-30,wk inc flu hosp,quantile,0.6,394.63506892179123
UMass-flusion_spatial2,26,1,2024-01-06,2023-12-30,wk inc flu hosp,quantile,0.65,416.75144147273363
UMass-flusion_spatial2,26,1,2024-01-06,2023-12-30,wk inc flu hosp,quantile,0.7,440.74424730556063
UMass-flusion_spatial2,26,1,2024-01-06,2023-12-30,wk inc flu hosp,quantile,0.75,449.6795795470505
UMass-flusion_spatial2,26,1,2024-01-06,2023-12-30,wk inc flu hosp,quantile,0.8,475.3813510733503
UMass-flusion_spatial2,26,1,2024-01-06,2023-12-30,wk inc flu hosp,quantile,0.85,504.5528583459063
UMass-flusion_spatial2,26,1,2024-01-06,2023-12-30,wk inc flu hosp,quantile,0.9,537.3814513913567
UMass-flusion_spatial2,26,1,2024-01-06,2023-12-30,wk inc flu hosp,quantile,0.95,593.1703072305518
UMass-flusion_spatial2,26,1,2024-01-06,2023-12-30,wk inc flu hosp,quantile,0.975,633.0876002412551
UMass-flusion_spatial2,26,1,2024-01-06,2023-12-30,wk inc flu hosp,quantile,0.99,698.3735924664932
UMass-flusion_spatial2,26,2,2024-01-13,2023-12-30,wk inc flu hosp,quantile,0.01,91.80413020542633
UMass-flusion_spatial2,26,2,2024-01-13,2023-12-30,wk inc flu hosp,quantile,0.025,116.93280522755416
UMass-flusion_spatial2,26,2,2024-01-13,2023-12-30,wk inc flu hosp,quantile,0.05,149.87116290226723
UMass-flusion_spatial2,26,2,2024-01-13,2023-12-30,wk inc flu hosp,quantile,0.1,190.86679580000816
UMass-flusion_spatial2,26,2,2024-01-13,2023-12-30,wk inc flu hosp,quantile,0.15,222.58559466259538
UMass-flusion_spatial2,26,2,2024-01-13,2023-12-30,wk inc flu hosp,quantile,0.2,245.2103342514638
UMass-flusion_spatial2,26,2,2024-01-13,2023-12-30,wk inc flu hosp,quantile,0.25,265.2231297265426
UMass-flusion_spatial2,26,2,2024-01-13,2023-12-30,wk inc flu hosp,quantile,0.3,282.0980721675302
UMass-flusion_spatial2,26,2,2024-01-13,2023-12-30,wk inc flu hosp,quantile,0.35,299.95333735196004
UMass-flusion_spatial2,26,2,2024-01-13,2023-12-30,wk inc flu hosp,quantile,0.4,313.7544932689102
UMass-flusion_spatial2,26,2,2024-01-13,2023-12-30,wk inc flu hosp,quantile,0.45,334.69387045372946
UMass-flusion_spatial2,26,2,2024-01-13,2023-12-30,wk inc flu hosp,quantile,0.5,350.99846332951745
UMass-flusion_spatial2,26,2,2024-01-13,2023-12-30,wk inc flu hosp,quantile,0.55,362.2314819847394
UMass-flusion_spatial2,26,2,2024-01-13,2023-12-30,wk inc flu hosp,quantile,0.6,394.1817389938228
UMass-flusion_spatial2,26,2,2024-01-13,2023-12-30,wk inc flu hosp,quantile,0.65,417.4513965875733
UMass-flusion_spatial2,26,2,2024-01-13,2023-12-30,wk inc flu hosp,quantile,0.7,441.298497374809
UMass-flusion_spatial2,26,2,2024-01-13,2023-12-30,wk inc flu hosp,quantile,0.75,454.26421244273246
UMass-flusion_spatial2,26,2,2024-01-13,2023-12-30,wk inc flu hosp,quantile,0.8,486.56572758272716
UMass-flusion_spatial2,26,2,2024-01-13,2023-12-30,wk inc flu hosp,quantile,0.85,515.6165790961875
UMass-flusion_spatial2,26,2,2024-01-13,2023-12-30,wk inc flu hosp,quantile,0.9,571.9206080200083
UMass-flusion_spatial2,26,2,2024-01-13,2023-12-30,wk inc flu hosp,quantile,0.95,640.7365384684192
UMass-flusion_spatial2,26,2,2024-01-13,2023-12-30,wk inc flu hosp,quantile,0.975,720.3832674210573
UMass-flusion_spatial2,26,2,2024-01-13,2023-12-30,wk inc flu hosp,quantile,0.99,815.0625517334984
UMass-flusion_spatial2,26,3,2024-01-20,2023-12-30,wk inc flu hosp,quantile,0.01,69.95101989149592
UMass-flusion_spatial2,26,3,2024-01-20,2023-12-30,wk inc flu hosp,quantile,0.025,95.6698224288152
UMass-flusion_spatial2,26,3,2024-01-20,2023-12-30,wk inc flu hosp,quantile,0.05,127.51256701546143
UMass-flusion_spatial2,26,3,2024-01-20,2023-12-30,wk inc flu hosp,quantile,0.1,169.03871552175008
UMass-flusion_spatial2,26,3,2024-01-20,2023-12-30,wk inc flu hosp,quantile,0.15,198.8490816788658
UMass-flusion_spatial2,26,3,2024-01-20,2023-12-30,wk inc flu hosp,quantile,0.2,220.54051313609142
UMass-flusion_spatial2,26,3,2024-01-20,2023-12-30,wk inc flu hosp,quantile,0.25,242.76233710024607
UMass-flusion_spatial2,26,3,2024-01-20,2023-12-30,wk inc flu hosp,quantile,0.3,259.7771300275201
UMass-flusion_spatial2,26,3,2024-01-20,2023-12-30,wk inc flu hosp,quantile,0.35,281.16323914027566
UMass-flusion_spatial2,26,3,2024-01-20,2023-12-30,wk inc flu hosp,quantile,0.4,293.44705669452026
UMass-flusion_spatial2,26,3,2024-01-20,2023-12-30,wk inc flu hosp,quantile,0.45,316.48799383210735
UMass-flusion_spatial2,26,3,2024-01-20,2023-12-30,wk inc flu hosp,quantile,0.5,332.27070308560855
UMass-flusion_spatial2,26,3,2024-01-20,2023-12-30,wk inc flu hosp,quantile,0.55,349.1553737169295
UMass-flusion_spatial2,26,3,2024-01-20,2023-12-30,wk inc flu hosp,quantile,0.6,381.2475782195727
UMass-flusion_spatial2,26,3,2024-01-20,2023-12-30,wk inc flu hosp,quantile,0.65,401.33581064554363
UMass-flusion_spatial2,26,3,2024-01-20,2023-12-30,wk inc flu hosp,quantile,0.7,424.7786176883308
UMass-flusion_spatial2,26,3,2024-01-20,2023-12-30,wk inc flu hosp,quantile,0.75,444.40193319963475
UMass-flusion_spatial2,26,3,2024-01-20,2023-12-30,wk inc flu hosp,quantile,0.8,481.65322510284176
UMass-flusion_spatial2,26,3,2024-01-20,2023-12-30,wk inc flu hosp,quantile,0.85,520.9781556901218
UMass-flusion_spatial2,26,3,2024-01-20,2023-12-30,wk inc flu hosp,quantile,0.9,591.5062018606609
UMass-flusion_spatial2,26,3,2024-01-20,2023-12-30,wk inc flu hosp,quantile,0.95,672.7778932868439
UMass-flusion_spatial2,26,3,2024-01-20,2023-12-30,wk inc flu hosp,quantile,0.975,767.4194866130975
UMass-flusion_spatial2,26,3,2024-01-20,2023-12-30,wk inc flu hosp,quantile,0.99,880.1070893657457
UMass-flusion_spatial2,27,0,2023-12-30,2023-12-30,wk inc flu hosp,quantile,0.01,65.91345089770898
UMass-flusion_spatial2,27,0,2023-12-30,2023-12-30,wk inc flu hosp,quantile,0.025,78.32762000122725
UMass-flusion_spatial2,27,0,2023-12-30,2023-12-30,wk inc flu hosp,quantile,0.05,88.37749825507538
UMass-flusion_spatial2,27,0,2023-12-30,2023-12-30,wk inc flu hosp,quantile,0.1,100.10899107097651
UMass-flusion_spatial2,27,0,2023-12-30,2023-12-30,wk inc flu hosp,quantile,0.15,110.78468393026876
UMass-flusion_spatial2,27,0,2023-12-30,2023-12-30,wk inc flu hosp,quantile,0.2,120.68813966852872
UMass-flusion_spatial2,27,0,2023-12-30,2023-12-30,wk inc flu hosp,quantile,0.25,128.1474959412568
UMass-flusion_spatial2,27,0,2023-12-30,2023-12-30,wk inc flu hosp,quantile,0.3,133.8003652497964
UMass-flusion_spatial2,27,0,2023-12-30,2023-12-30,wk inc flu hosp,quantile,0.35,137.49623502085453
UMass-flusion_spatial2,27,0,2023-12-30,2023-12-30,wk inc flu hosp,quantile,0.4,140.72711216970902
UMass-flusion_spatial2,27,0,2023-12-30,2023-12-30,wk inc flu hosp,quantile,0.45,145.07434882826098
UMass-flusion_spatial2,27,0,2023-12-30,2023-12-30,wk inc flu hosp,quantile,0.5,149.11010987470772
UMass-flusion_spatial2,27,0,2023-12-30,2023-12-30,wk inc flu hosp,quantile,0.55,153.59189332315998
UMass-flusion_spatial2,27,0,2023-12-30,2023-12-30,wk inc flu hosp,quantile,0.6,159.02479113171682
UMass-flusion_spatial2,27,0,2023-12-30,2023-12-30,wk inc flu hosp,quantile,0.65,164.29286102052862
UMass-flusion_spatial2,27,0,2023-12-30,2023-12-30,wk inc flu hosp,quantile,0.7,169.19212756003785
UMass-flusion_spatial2,27,0,2023-12-30,2023-12-30,wk inc flu hosp,quantile,0.75,174.60068957932725
UMass-flusion_spatial2,27,0,2023-12-30,2023-12-30,wk inc flu hosp,quantile,0.8,177.54730853011614
UMass-flusion_spatial2,27,0,2023-12-30,2023-12-30,wk inc flu hosp,quantile,0.85,182.34325974257058
UMass-flusion_spatial2,27,0,2023-12-30,2023-12-30,wk inc flu hosp,quantile,0.9,190.66411595884176
UMass-flusion_spatial2,27,0,2023-12-30,2023-12-30,wk inc flu hosp,quantile,0.95,203.76740530550285
UMass-flusion_spatial2,27,0,2023-12-30,2023-12-30,wk inc flu hosp,quantile,0.975,215.87180112564565
UMass-flusion_spatial2,27,0,2023-12-30,2023-12-30,wk inc flu hosp,quantile,0.99,239.45229234833818
UMass-flusion_spatial2,27,1,2024-01-06,2023-12-30,wk inc flu hosp,quantile,0.01,56.191463620264784
UMass-flusion_spatial2,27,1,2024-01-06,2023-12-30,wk inc flu hosp,quantile,0.025,68.19330063674323
UMass-flusion_spatial2,27,1,2024-01-06,2023-12-30,wk inc flu hosp,quantile,0.05,80.57187434165459
UMass-flusion_spatial2,27,1,2024-01-06,2023-12-30,wk inc flu hosp,quantile,0.1,95.94598955320228
UMass-flusion_spatial2,27,1,2024-01-06,2023-12-30,wk inc flu hosp,quantile,0.15,109.83234629431298
UMass-flusion_spatial2,27,1,2024-01-06,2023-12-30,wk inc flu hosp,quantile,0.2,120.05383598581011
UMass-flusion_spatial2,27,1,2024-01-06,2023-12-30,wk inc flu hosp,quantile,0.25,129.62801871843118
UMass-flusion_spatial2,27,1,2024-01-06,2023-12-30,wk inc flu hosp,quantile,0.3,137.06279017866441
UMass-flusion_spatial2,27,1,2024-01-06,2023-12-30,wk inc flu hosp,quantile,0.35,143.37029723132173
UMass-flusion_spatial2,27,1,2024-01-06,2023-12-30,wk inc flu hosp,quantile,0.4,147.81376974853885
UMass-flusion_spatial2,27,1,2024-01-06,2023-12-30,wk inc flu hosp,quantile,0.45,153.41373639914815
UMass-flusion_spatial2,27,1,2024-01-06,2023-12-30,wk inc flu hosp,quantile,0.5,159.31873924429237
UMass-flusion_spatial2,27,1,2024-01-06,2023-12-30,wk inc flu hosp,quantile,0.55,165.2430648915181
UMass-flusion_spatial2,27,1,2024-01-06,2023-12-30,wk inc flu hosp,quantile,0.6,173.8184442446052
UMass-flusion_spatial2,27,1,2024-01-06,2023-12-30,wk inc flu hosp,quantile,0.65,183.88628359503963
UMass-flusion_spatial2,27,1,2024-01-06,2023-12-30,wk inc flu hosp,quantile,0.7,192.35497137519394
UMass-flusion_spatial2,27,1,2024-01-06,2023-12-30,wk inc flu hosp,quantile,0.75,198.766052321164
UMass-flusion_spatial2,27,1,2024-01-06,2023-12-30,wk inc flu hosp,quantile,0.8,206.5755054696308
UMass-flusion_spatial2,27,1,2024-01-06,2023-12-30,wk inc flu hosp,quantile,0.85,214.9968780531039
UMass-flusion_spatial2,27,1,2024-01-06,2023-12-30,wk inc flu hosp,quantile,0.9,232.83326422827633
UMass-flusion_spatial2,27,1,2024-01-06,2023-12-30,wk inc flu hosp,quantile,0.95,257.82116508544414
UMass-flusion_spatial2,27,1,2024-01-06,2023-12-30,wk inc flu hosp,quantile,0.975,273.8479207863933
UMass-flusion_spatial2,27,1,2024-01-06,2023-12-30,wk inc flu hosp,quantile,0.99,304.7798180164506
UMass-flusion_spatial2,27,2,2024-01-13,2023-12-30,wk inc flu hosp,quantile,0.01,47.271744059172576
UMass-flusion_spatial2,27,2,2024-01-13,2023-12-30,wk inc flu hosp,quantile,0.025,59.377442056166004
UMass-flusion_spatial2,27,2,2024-01-13,2023-12-30,wk inc flu hosp,quantile,0.05,73.70119935308963
UMass-flusion_spatial2,27,2,2024-01-13,2023-12-30,wk inc flu hosp,quantile,0.1,90.08537724187516
UMass-flusion_spatial2,27,2,2024-01-13,2023-12-30,wk inc flu hosp,quantile,0.15,105.51686831880392
UMass-flusion_spatial2,27,2,2024-01-13,2023-12-30,wk inc flu hosp,quantile,0.2,115.00822238957416
UMass-flusion_spatial2,27,2,2024-01-13,2023-12-30,wk inc flu hosp,quantile,0.25,125.05796682115508
UMass-flusion_spatial2,27,2,2024-01-13,2023-12-30,wk inc flu hosp,quantile,0.3,134.89321304924215
UMass-flusion_spatial2,27,2,2024-01-13,2023-12-30,wk inc flu hosp,quantile,0.35,140.95437565453435
UMass-flusion_spatial2,27,2,2024-01-13,2023-12-30,wk inc flu hosp,quantile,0.4,150.3106190866925
UMass-flusion_spatial2,27,2,2024-01-13,2023-12-30,wk inc flu hosp,quantile,0.45,156.1916599901266
UMass-flusion_spatial2,27,2,2024-01-13,2023-12-30,wk inc flu hosp,quantile,0.5,163.8268472788958
UMass-flusion_spatial2,27,2,2024-01-13,2023-12-30,wk inc flu hosp,quantile,0.55,169.633109861532
UMass-flusion_spatial2,27,2,2024-01-13,2023-12-30,wk inc flu hosp,quantile,0.6,180.32787929242144
UMass-flusion_spatial2,27,2,2024-01-13,2023-12-30,wk inc flu hosp,quantile,0.65,191.5193523944036
UMass-flusion_spatial2,27,2,2024-01-13,2023-12-30,wk inc flu hosp,quantile,0.7,199.13500995514244
UMass-flusion_spatial2,27,2,2024-01-13,2023-12-30,wk inc flu hosp,quantile,0.75,208.8548476865912
UMass-flusion_spatial2,27,2,2024-01-13,2023-12-30,wk inc flu hosp,quantile,0.8,221.0330346451786
UMass-flusion_spatial2,27,2,2024-01-13,2023-12-30,wk inc flu hosp,quantile,0.85,232.07214357181414
UMass-flusion_spatial2,27,2,2024-01-13,2023-12-30,wk inc flu hosp,quantile,0.9,254.7169558280096
UMass-flusion_spatial2,27,2,2024-01-13,2023-12-30,wk inc flu hosp,quantile,0.95,286.97066241792817
UMass-flusion_spatial2,27,2,2024-01-13,2023-12-30,wk inc flu hosp,quantile,0.975,321.7301448804807
UMass-flusion_spatial2,27,2,2024-01-13,2023-12-30,wk inc flu hosp,quantile,0.99,363.7994694740329
UMass-flusion_spatial2,27,3,2024-01-20,2023-12-30,wk inc flu hosp,quantile,0.01,38.03820381191832
UMass-flusion_spatial2,27,3,2024-01-20,2023-12-30,wk inc flu hosp,quantile,0.025,50.9151027343501
UMass-flusion_spatial2,27,3,2024-01-20,2023-12-30,wk inc flu hosp,quantile,0.05,66.07614544022887
UMass-flusion_spatial2,27,3,2024-01-20,2023-12-30,wk inc flu hosp,quantile,0.1,83.98074022279114
UMass-flusion_spatial2,27,3,2024-01-20,2023-12-30,wk inc flu hosp,quantile,0.15,96.72922143091952
UMass-flusion_spatial2,27,3,2024-01-20,2023-12-30,wk inc flu hosp,quantile,0.2,108.29431013398076
UMass-flusion_spatial2,27,3,2024-01-20,2023-12-30,wk inc flu hosp,quantile,0.25,119.12976319791139
UMass-flusion_spatial2,27,3,2024-01-20,2023-12-30,wk inc flu hosp,quantile,0.3,129.46374110554555
UMass-flusion_spatial2,27,3,2024-01-20,2023-12-30,wk inc flu hosp,quantile,0.35,136.62087308222544
UMass-flusion_spatial2,27,3,2024-01-20,2023-12-30,wk inc flu hosp,quantile,0.4,146.75965274285056
UMass-flusion_spatial2,27,3,2024-01-20,2023-12-30,wk inc flu hosp,quantile,0.45,151.89952606803277
UMass-flusion_spatial2,27,3,2024-01-20,2023-12-30,wk inc flu hosp,quantile,0.5,161.04397835051006
UMass-flusion_spatial2,27,3,2024-01-20,2023-12-30,wk inc flu hosp,quantile,0.55,168.41183681112622
UMass-flusion_spatial2,27,3,2024-01-20,2023-12-30,wk inc flu hosp,quantile,0.6,181.53143310463338
UMass-flusion_spatial2,27,3,2024-01-20,2023-12-30,wk inc flu hosp,quantile,0.65,190.78934181121826
UMass-flusion_spatial2,27,3,2024-01-20,2023-12-30,wk inc flu hosp,quantile,0.7,196.37673113903128
UMass-flusion_spatial2,27,3,2024-01-20,2023-12-30,wk inc flu hosp,quantile,0.75,212.68857500859355
UMass-flusion_spatial2,27,3,2024-01-20,2023-12-30,wk inc flu hosp,quantile,0.8,224.46215576666768
UMass-flusion_spatial2,27,3,2024-01-20,2023-12-30,wk inc flu hosp,quantile,0.85,240.50390737977042
UMass-flusion_spatial2,27,3,2024-01-20,2023-12-30,wk inc flu hosp,quantile,0.9,266.6260242900296
UMass-flusion_spatial2,27,3,2024-01-20,2023-12-30,wk inc flu hosp,quantile,0.95,308.02513937261403
UMass-flusion_spatial2,27,3,2024-01-20,2023-12-30,wk inc flu hosp,quantile,0.975,343.5420216136051
UMass-flusion_spatial2,27,3,2024-01-20,2023-12-30,wk inc flu hosp,quantile,0.99,395.0419434420651
UMass-flusion_spatial2,28,0,2023-12-30,2023-12-30,wk inc flu hosp,quantile,0.01,118.24438065758495
UMass-flusion_spatial2,28,0,2023-12-30,2023-12-30,wk inc flu hosp,quantile,0.025,136.22275951988368
UMass-flusion_spatial2,28,0,2023-12-30,2023-12-30,wk inc flu hosp,quantile,0.05,151.4332089545319
UMass-flusion_spatial2,28,0,2023-12-30,2023-12-30,wk inc flu hosp,quantile,0.1,168.79996118651445
UMass-flusion_spatial2,28,0,2023-12-30,2023-12-30,wk inc flu hosp,quantile,0.15,185.52761382235164
UMass-flusion_spatial2,28,0,2023-12-30,2023-12-30,wk inc flu hosp,quantile,0.2,201.68866830132094
UMass-flusion_spatial2,28,0,2023-12-30,2023-12-30,wk inc flu hosp,quantile,0.25,210.645313971976
UMass-flusion_spatial2,28,0,2023-12-30,2023-12-30,wk inc flu hosp,quantile,0.3,216.69750102286275
UMass-flusion_spatial2,28,0,2023-12-30,2023-12-30,wk inc flu hosp,quantile,0.35,220.90482660448637
UMass-flusion_spatial2,28,0,2023-12-30,2023-12-30,wk inc flu hosp,quantile,0.4,224.45786068585647
UMass-flusion_spatial2,28,0,2023-12-30,2023-12-30,wk inc flu hosp,quantile,0.45,235.12089601194535
UMass-flusion_spatial2,28,0,2023-12-30,2023-12-30,wk inc flu hosp,quantile,0.5,241.71036126186752
UMass-flusion_spatial2,28,0,2023-12-30,2023-12-30,wk inc flu hosp,quantile,0.55,250.4360603873052
UMass-flusion_spatial2,28,0,2023-12-30,2023-12-30,wk inc flu hosp,quantile,0.6,257.038157094227
UMass-flusion_spatial2,28,0,2023-12-30,2023-12-30,wk inc flu hosp,quantile,0.65,265.93777977821566
UMass-flusion_spatial2,28,0,2023-12-30,2023-12-30,wk inc flu hosp,quantile,0.7,272.63645827488324
UMass-flusion_spatial2,28,0,2023-12-30,2023-12-30,wk inc flu hosp,quantile,0.75,281.3220785459327
UMass-flusion_spatial2,28,0,2023-12-30,2023-12-30,wk inc flu hosp,quantile,0.8,291.1114367538074
UMass-flusion_spatial2,28,0,2023-12-30,2023-12-30,wk inc flu hosp,quantile,0.85,298.05072768123586
UMass-flusion_spatial2,28,0,2023-12-30,2023-12-30,wk inc flu hosp,quantile,0.9,307.4386514226446
UMass-flusion_spatial2,28,0,2023-12-30,2023-12-30,wk inc flu hosp,quantile,0.95,330.8903580225902
UMass-flusion_spatial2,28,0,2023-12-30,2023-12-30,wk inc flu hosp,quantile,0.975,352.64304722014697
UMass-flusion_spatial2,28,0,2023-12-30,2023-12-30,wk inc flu hosp,quantile,0.99,385.6797390069621
UMass-flusion_spatial2,28,1,2024-01-06,2023-12-30,wk inc flu hosp,quantile,0.01,100.91785452852052
UMass-flusion_spatial2,28,1,2024-01-06,2023-12-30,wk inc flu hosp,quantile,0.025,120.18142839215331
UMass-flusion_spatial2,28,1,2024-01-06,2023-12-30,wk inc flu hosp,quantile,0.05,137.76506260763023
UMass-flusion_spatial2,28,1,2024-01-06,2023-12-30,wk inc flu hosp,quantile,0.1,158.66182458514766
UMass-flusion_spatial2,28,1,2024-01-06,2023-12-30,wk inc flu hosp,quantile,0.15,179.64979126276575
UMass-flusion_spatial2,28,1,2024-01-06,2023-12-30,wk inc flu hosp,quantile,0.2,196.019450083855
UMass-flusion_spatial2,28,1,2024-01-06,2023-12-30,wk inc flu hosp,quantile,0.25,206.34030325620182
UMass-flusion_spatial2,28,1,2024-01-06,2023-12-30,wk inc flu hosp,quantile,0.3,216.3958803640054
UMass-flusion_spatial2,28,1,2024-01-06,2023-12-30,wk inc flu hosp,quantile,0.35,225.22304734576414
UMass-flusion_spatial2,28,1,2024-01-06,2023-12-30,wk inc flu hosp,quantile,0.4,231.32957763146032
UMass-flusion_spatial2,28,1,2024-01-06,2023-12-30,wk inc flu hosp,quantile,0.45,243.68086180759954
UMass-flusion_spatial2,28,1,2024-01-06,2023-12-30,wk inc flu hosp,quantile,0.5,255.2850976037292
UMass-flusion_spatial2,28,1,2024-01-06,2023-12-30,wk inc flu hosp,quantile,0.55,265.69480330864
UMass-flusion_spatial2,28,1,2024-01-06,2023-12-30,wk inc flu hosp,quantile,0.6,279.45044376917167
UMass-flusion_spatial2,28,1,2024-01-06,2023-12-30,wk inc flu hosp,quantile,0.65,290.6175837786327
UMass-flusion_spatial2,28,1,2024-01-06,2023-12-30,wk inc flu hosp,quantile,0.7,299.6437889619916
UMass-flusion_spatial2,28,1,2024-01-06,2023-12-30,wk inc flu hosp,quantile,0.75,311.0999573387395
UMass-flusion_spatial2,28,1,2024-01-06,2023-12-30,wk inc flu hosp,quantile,0.8,325.9141670217399
UMass-flusion_spatial2,28,1,2024-01-06,2023-12-30,wk inc flu hosp,quantile,0.85,339.0965701763152
UMass-flusion_spatial2,28,1,2024-01-06,2023-12-30,wk inc flu hosp,quantile,0.9,362.9310287178713
UMass-flusion_spatial2,28,1,2024-01-06,2023-12-30,wk inc flu hosp,quantile,0.95,399.503563327145
UMass-flusion_spatial2,28,1,2024-01-06,2023-12-30,wk inc flu hosp,quantile,0.975,433.1426886185436
UMass-flusion_spatial2,28,1,2024-01-06,2023-12-30,wk inc flu hosp,quantile,0.99,480.2505263867989
UMass-flusion_spatial2,28,2,2024-01-13,2023-12-30,wk inc flu hosp,quantile,0.01,84.07292277994979
UMass-flusion_spatial2,28,2,2024-01-13,2023-12-30,wk inc flu hosp,quantile,0.025,108.04306758504748
UMass-flusion_spatial2,28,2,2024-01-13,2023-12-30,wk inc flu hosp,quantile,0.05,125.17958076936361
UMass-flusion_spatial2,28,2,2024-01-13,2023-12-30,wk inc flu hosp,quantile,0.1,148.24608415511273
UMass-flusion_spatial2,28,2,2024-01-13,2023-12-30,wk inc flu hosp,quantile,0.15,169.0015992203215
UMass-flusion_spatial2,28,2,2024-01-13,2023-12-30,wk inc flu hosp,quantile,0.2,186.91807751269178
UMass-flusion_spatial2,28,2,2024-01-13,2023-12-30,wk inc flu hosp,quantile,0.25,196.60472614826062
UMass-flusion_spatial2,28,2,2024-01-13,2023-12-30,wk inc flu hosp,quantile,0.3,210.46340108653266
UMass-flusion_spatial2,28,2,2024-01-13,2023-12-30,wk inc flu hosp,quantile,0.35,217.81631534613402
UMass-flusion_spatial2,28,2,2024-01-13,2023-12-30,wk inc flu hosp,quantile,0.4,228.934913329749
UMass-flusion_spatial2,28,2,2024-01-13,2023-12-30,wk inc flu hosp,quantile,0.45,244.8880736713251
UMass-flusion_spatial2,28,2,2024-01-13,2023-12-30,wk inc flu hosp,quantile,0.5,257.0691945861697
UMass-flusion_spatial2,28,2,2024-01-13,2023-12-30,wk inc flu hosp,quantile,0.55,268.3190043227036
UMass-flusion_spatial2,28,2,2024-01-13,2023-12-30,wk inc flu hosp,quantile,0.6,283.9065978284965
UMass-flusion_spatial2,28,2,2024-01-13,2023-12-30,wk inc flu hosp,quantile,0.65,299.32966056678765
UMass-flusion_spatial2,28,2,2024-01-13,2023-12-30,wk inc flu hosp,quantile,0.7,310.47602765667557
UMass-flusion_spatial2,28,2,2024-01-13,2023-12-30,wk inc flu hosp,quantile,0.75,326.1908827797584
UMass-flusion_spatial2,28,2,2024-01-13,2023-12-30,wk inc flu hosp,quantile,0.8,344.07446846342475
UMass-flusion_spatial2,28,2,2024-01-13,2023-12-30,wk inc flu hosp,quantile,0.85,360.20893238880956
UMass-flusion_spatial2,28,2,2024-01-13,2023-12-30,wk inc flu hosp,quantile,0.9,399.0211138250087
UMass-flusion_spatial2,28,2,2024-01-13,2023-12-30,wk inc flu hosp,quantile,0.95,450.31117181440675
UMass-flusion_spatial2,28,2,2024-01-13,2023-12-30,wk inc flu hosp,quantile,0.975,504.83619850385026
UMass-flusion_spatial2,28,2,2024-01-13,2023-12-30,wk inc flu hosp,quantile,0.99,572.3131772610208
UMass-flusion_spatial2,28,3,2024-01-20,2023-12-30,wk inc flu hosp,quantile,0.01,71.40856874393603
UMass-flusion_spatial2,28,3,2024-01-20,2023-12-30,wk inc flu hosp,quantile,0.025,94.12888646705734
UMass-flusion_spatial2,28,3,2024-01-20,2023-12-30,wk inc flu hosp,quantile,0.05,114.58071532274467
UMass-flusion_spatial2,28,3,2024-01-20,2023-12-30,wk inc flu hosp,quantile,0.1,137.6253862381912
UMass-flusion_spatial2,28,3,2024-01-20,2023-12-30,wk inc flu hosp,quantile,0.15,158.38631289055934
UMass-flusion_spatial2,28,3,2024-01-20,2023-12-30,wk inc flu hosp,quantile,0.2,173.40791898287614
UMass-flusion_spatial2,28,3,2024-01-20,2023-12-30,wk inc flu hosp,quantile,0.25,187.5031887149162
UMass-flusion_spatial2,28,3,2024-01-20,2023-12-30,wk inc flu hosp,quantile,0.3,200.40510181109312
UMass-flusion_spatial2,28,3,2024-01-20,2023-12-30,wk inc flu hosp,quantile,0.35,210.18083135991287
UMass-flusion_spatial2,28,3,2024-01-20,2023-12-30,wk inc flu hosp,quantile,0.4,222.42864414096658
UMass-flusion_spatial2,28,3,2024-01-20,2023-12-30,wk inc flu hosp,quantile,0.45,238.86120291317906
UMass-flusion_spatial2,28,3,2024-01-20,2023-12-30,wk inc flu hosp,quantile,0.5,251.50945741483463
UMass-flusion_spatial2,28,3,2024-01-20,2023-12-30,wk inc flu hosp,quantile,0.55,266.266003229825
UMass-flusion_spatial2,28,3,2024-01-20,2023-12-30,wk inc flu hosp,quantile,0.6,283.85360574157556
UMass-flusion_spatial2,28,3,2024-01-20,2023-12-30,wk inc flu hosp,quantile,0.65,300.81454891676367
UMass-flusion_spatial2,28,3,2024-01-20,2023-12-30,wk inc flu hosp,quantile,0.7,312.40050492254886
UMass-flusion_spatial2,28,3,2024-01-20,2023-12-30,wk inc flu hosp,quantile,0.75,329.95349245494793
UMass-flusion_spatial2,28,3,2024-01-20,2023-12-30,wk inc flu hosp,quantile,0.8,350.66098202313026
UMass-flusion_spatial2,28,3,2024-01-20,2023-12-30,wk inc flu hosp,quantile,0.85,376.9294192485102
UMass-flusion_spatial2,28,3,2024-01-20,2023-12-30,wk inc flu hosp,quantile,0.9,423.698019638376
UMass-flusion_spatial2,28,3,2024-01-20,2023-12-30,wk inc flu hosp,quantile,0.95,487.7417224034182
UMass-flusion_spatial2,28,3,2024-01-20,2023-12-30,wk inc flu hosp,quantile,0.975,556.951667060247
UMass-flusion_spatial2,28,3,2024-01-20,2023-12-30,wk inc flu hosp,quantile,0.99,647.3373992908199
UMass-flusion_spatial2,29,0,2023-12-30,2023-12-30,wk inc flu hosp,quantile,0.01,120.58409016709885
UMass-flusion_spatial2,29,0,2023-12-30,2023-12-30,wk inc flu hosp,quantile,0.025,142.8727897032573
UMass-flusion_spatial2,29,0,2023-12-30,2023-12-30,wk inc flu hosp,quantile,0.05,162.25159813768425
UMass-flusion_spatial2,29,0,2023-12-30,2023-12-30,wk inc flu hosp,quantile,0.1,182.62575304209568
UMass-flusion_spatial2,29,0,2023-12-30,2023-12-30,wk inc flu hosp,quantile,0.15,200.97557583704776
UMass-flusion_spatial2,29,0,2023-12-30,2023-12-30,wk inc flu hosp,quantile,0.2,213.7170199213562
UMass-flusion_spatial2,29,0,2023-12-30,2023-12-30,wk inc flu hosp,quantile,0.25,226.2957768058946
UMass-flusion_spatial2,29,0,2023-12-30,2023-12-30,wk inc flu hosp,quantile,0.3,236.5159518525985
UMass-flusion_spatial2,29,0,2023-12-30,2023-12-30,wk inc flu hosp,quantile,0.35,246.58122775593367
UMass-flusion_spatial2,29,0,2023-12-30,2023-12-30,wk inc flu hosp,quantile,0.4,254.36893247524833
UMass-flusion_spatial2,29,0,2023-12-30,2023-12-30,wk inc flu hosp,quantile,0.45,264.1409066617575
UMass-flusion_spatial2,29,0,2023-12-30,2023-12-30,wk inc flu hosp,quantile,0.5,273.2225814571112
UMass-flusion_spatial2,29,0,2023-12-30,2023-12-30,wk inc flu hosp,quantile,0.55,283.4515023402069
UMass-flusion_spatial2,29,0,2023-12-30,2023-12-30,wk inc flu hosp,quantile,0.6,291.5716103899869
UMass-flusion_spatial2,29,0,2023-12-30,2023-12-30,wk inc flu hosp,quantile,0.65,302.5219329357222
UMass-flusion_spatial2,29,0,2023-12-30,2023-12-30,wk inc flu hosp,quantile,0.7,315.4471365600268
UMass-flusion_spatial2,29,0,2023-12-30,2023-12-30,wk inc flu hosp,quantile,0.75,323.7678932182007
UMass-flusion_spatial2,29,0,2023-12-30,2023-12-30,wk inc flu hosp,quantile,0.8,333.2085922622749
UMass-flusion_spatial2,29,0,2023-12-30,2023-12-30,wk inc flu hosp,quantile,0.85,344.30945378252113
UMass-flusion_spatial2,29,0,2023-12-30,2023-12-30,wk inc flu hosp,quantile,0.9,360.1149787323972
UMass-flusion_spatial2,29,0,2023-12-30,2023-12-30,wk inc flu hosp,quantile,0.95,388.48137927330475
UMass-flusion_spatial2,29,0,2023-12-30,2023-12-30,wk inc flu hosp,quantile,0.975,413.0929605423587
UMass-flusion_spatial2,29,0,2023-12-30,2023-12-30,wk inc flu hosp,quantile,0.99,457.6971355584835
UMass-flusion_spatial2,29,1,2024-01-06,2023-12-30,wk inc flu hosp,quantile,0.01,91.8088950958987
UMass-flusion_spatial2,29,1,2024-01-06,2023-12-30,wk inc flu hosp,quantile,0.025,116.2551898731255
UMass-flusion_spatial2,29,1,2024-01-06,2023-12-30,wk inc flu hosp,quantile,0.05,139.84630930900948
UMass-flusion_spatial2,29,1,2024-01-06,2023-12-30,wk inc flu hosp,quantile,0.1,170.05907439870998
UMass-flusion_spatial2,29,1,2024-01-06,2023-12-30,wk inc flu hosp,quantile,0.15,194.91295889878046
UMass-flusion_spatial2,29,1,2024-01-06,2023-12-30,wk inc flu hosp,quantile,0.2,209.87026448995084
UMass-flusion_spatial2,29,1,2024-01-06,2023-12-30,wk inc flu hosp,quantile,0.25,225.52650974164024
UMass-flusion_spatial2,29,1,2024-01-06,2023-12-30,wk inc flu hosp,quantile,0.3,237.602723352087
UMass-flusion_spatial2,29,1,2024-01-06,2023-12-30,wk inc flu hosp,quantile,0.35,251.13741205298984
UMass-flusion_spatial2,29,1,2024-01-06,2023-12-30,wk inc flu hosp,quantile,0.4,259.9220733613085
UMass-flusion_spatial2,29,1,2024-01-06,2023-12-30,wk inc flu hosp,quantile,0.45,273.04030871341695
UMass-flusion_spatial2,29,1,2024-01-06,2023-12-30,wk inc flu hosp,quantile,0.5,285.54762366464604
UMass-flusion_spatial2,29,1,2024-01-06,2023-12-30,wk inc flu hosp,quantile,0.55,296.26689022283574
UMass-flusion_spatial2,29,1,2024-01-06,2023-12-30,wk inc flu hosp,quantile,0.6,312.9469722268411
UMass-flusion_spatial2,29,1,2024-01-06,2023-12-30,wk inc flu hosp,quantile,0.65,328.5213018581992
UMass-flusion_spatial2,29,1,2024-01-06,2023-12-30,wk inc flu hosp,quantile,0.7,346.11363644052597
UMass-flusion_spatial2,29,1,2024-01-06,2023-12-30,wk inc flu hosp,quantile,0.75,363.6944851517652
UMass-flusion_spatial2,29,1,2024-01-06,2023-12-30,wk inc flu hosp,quantile,0.8,382.0621409443712
UMass-flusion_spatial2,29,1,2024-01-06,2023-12-30,wk inc flu hosp,quantile,0.85,400.18226191239387
UMass-flusion_spatial2,29,1,2024-01-06,2023-12-30,wk inc flu hosp,quantile,0.9,437.25929533218294
UMass-flusion_spatial2,29,1,2024-01-06,2023-12-30,wk inc flu hosp,quantile,0.95,490.4955472884137
UMass-flusion_spatial2,29,1,2024-01-06,2023-12-30,wk inc flu hosp,quantile,0.975,521.2537229386812
UMass-flusion_spatial2,29,1,2024-01-06,2023-12-30,wk inc flu hosp,quantile,0.99,586.7851099466099
UMass-flusion_spatial2,29,2,2024-01-13,2023-12-30,wk inc flu hosp,quantile,0.01,74.74095786190139
UMass-flusion_spatial2,29,2,2024-01-13,2023-12-30,wk inc flu hosp,quantile,0.025,98.4606233029011
UMass-flusion_spatial2,29,2,2024-01-13,2023-12-30,wk inc flu hosp,quantile,0.05,123.53460358650267
UMass-flusion_spatial2,29,2,2024-01-13,2023-12-30,wk inc flu hosp,quantile,0.1,155.6489696747674
UMass-flusion_spatial2,29,2,2024-01-13,2023-12-30,wk inc flu hosp,quantile,0.15,180.49628485445362
UMass-flusion_spatial2,29,2,2024-01-13,2023-12-30,wk inc flu hosp,quantile,0.2,197.04676099330402
UMass-flusion_spatial2,29,2,2024-01-13,2023-12-30,wk inc flu hosp,quantile,0.25,213.51911612554574
UMass-flusion_spatial2,29,2,2024-01-13,2023-12-30,wk inc flu hosp,quantile,0.3,229.15890252166068
UMass-flusion_spatial2,29,2,2024-01-13,2023-12-30,wk inc flu hosp,quantile,0.35,245.96329266194255
UMass-flusion_spatial2,29,2,2024-01-13,2023-12-30,wk inc flu hosp,quantile,0.4,259.4964656894922
UMass-flusion_spatial2,29,2,2024-01-13,2023-12-30,wk inc flu hosp,quantile,0.45,271.37529988774156
UMass-flusion_spatial2,29,2,2024-01-13,2023-12-30,wk inc flu hosp,quantile,0.5,287.2058901261294
UMass-flusion_spatial2,29,2,2024-01-13,2023-12-30,wk inc flu hosp,quantile,0.55,299.7756676988457
UMass-flusion_spatial2,29,2,2024-01-13,2023-12-30,wk inc flu hosp,quantile,0.6,321.4513150879285
UMass-flusion_spatial2,29,2,2024-01-13,2023-12-30,wk inc flu hosp,quantile,0.65,339.71505287360094
UMass-flusion_spatial2,29,2,2024-01-13,2023-12-30,wk inc flu hosp,quantile,0.7,356.1257477179332
UMass-flusion_spatial2,29,2,2024-01-13,2023-12-30,wk inc flu hosp,quantile,0.75,378.7561459901567
UMass-flusion_spatial2,29,2,2024-01-13,2023-12-30,wk inc flu hosp,quantile,0.8,402.1049118496355
UMass-flusion_spatial2,29,2,2024-01-13,2023-12-30,wk inc flu hosp,quantile,0.85,425.54406298529136
UMass-flusion_spatial2,29,2,2024-01-13,2023-12-30,wk inc flu hosp,quantile,0.9,468.72089831600556
UMass-flusion_spatial2,29,2,2024-01-13,2023-12-30,wk inc flu hosp,quantile,0.95,536.9302821922512
UMass-flusion_spatial2,29,2,2024-01-13,2023-12-30,wk inc flu hosp,quantile,0.975,612.0502246611477
UMass-flusion_spatial2,29,2,2024-01-13,2023-12-30,wk inc flu hosp,quantile,0.99,695.3958640270907
UMass-flusion_spatial2,29,3,2024-01-20,2023-12-30,wk inc flu hosp,quantile,0.01,59.30474517671032
UMass-flusion_spatial2,29,3,2024-01-20,2023-12-30,wk inc flu hosp,quantile,0.025,80.66357668772238
UMass-flusion_spatial2,29,3,2024-01-20,2023-12-30,wk inc flu hosp,quantile,0.05,106.19981635226625
UMass-flusion_spatial2,29,3,2024-01-20,2023-12-30,wk inc flu hosp,quantile,0.1,141.74099190715648
UMass-flusion_spatial2,29,3,2024-01-20,2023-12-30,wk inc flu hosp,quantile,0.15,166.68841524190373
UMass-flusion_spatial2,29,3,2024-01-20,2023-12-30,wk inc flu hosp,quantile,0.2,180.63021065703452
UMass-flusion_spatial2,29,3,2024-01-20,2023-12-30,wk inc flu hosp,quantile,0.25,199.88822199092124
UMass-flusion_spatial2,29,3,2024-01-20,2023-12-30,wk inc flu hosp,quantile,0.3,216.2162606479897
UMass-flusion_spatial2,29,3,2024-01-20,2023-12-30,wk inc flu hosp,quantile,0.35,231.87276724258572
UMass-flusion_spatial2,29,3,2024-01-20,2023-12-30,wk inc flu hosp,quantile,0.4,249.39514002957446
UMass-flusion_spatial2,29,3,2024-01-20,2023-12-30,wk inc flu hosp,quantile,0.45,260.7183010182574
UMass-flusion_spatial2,29,3,2024-01-20,2023-12-30,wk inc flu hosp,quantile,0.5,276.13977724077205
UMass-flusion_spatial2,29,3,2024-01-20,2023-12-30,wk inc flu hosp,quantile,0.55,290.0039680029846
UMass-flusion_spatial2,29,3,2024-01-20,2023-12-30,wk inc flu hosp,quantile,0.6,316.05192207144864
UMass-flusion_spatial2,29,3,2024-01-20,2023-12-30,wk inc flu hosp,quantile,0.65,334.69566302385834
UMass-flusion_spatial2,29,3,2024-01-20,2023-12-30,wk inc flu hosp,quantile,0.7,346.96982984136366
UMass-flusion_spatial2,29,3,2024-01-20,2023-12-30,wk inc flu hosp,quantile,0.75,379.71287489036376
UMass-flusion_spatial2,29,3,2024-01-20,2023-12-30,wk inc flu hosp,quantile,0.8,405.73946113756523
UMass-flusion_spatial2,29,3,2024-01-20,2023-12-30,wk inc flu hosp,quantile,0.85,439.77179640143663
UMass-flusion_spatial2,29,3,2024-01-20,2023-12-30,wk inc flu hosp,quantile,0.9,490.1984965303677
UMass-flusion_spatial2,29,3,2024-01-20,2023-12-30,wk inc flu hosp,quantile,0.95,575.1249274676927
UMass-flusion_spatial2,29,3,2024-01-20,2023-12-30,wk inc flu hosp,quantile,0.975,652.7365310434136
UMass-flusion_spatial2,29,3,2024-01-20,2023-12-30,wk inc flu hosp,quantile,0.99,769.3459535794998
UMass-flusion_spatial2,30,0,2023-12-30,2023-12-30,wk inc flu hosp,quantile,0.01,28.470451614148494
UMass-flusion_spatial2,30,0,2023-12-30,2023-12-30,wk inc flu hosp,quantile,0.025,33.85210022592278
UMass-flusion_spatial2,30,0,2023-12-30,2023-12-30,wk inc flu hosp,quantile,0.05,37.955138484768725
UMass-flusion_spatial2,30,0,2023-12-30,2023-12-30,wk inc flu hosp,quantile,0.1,43.34527642947742
UMass-flusion_spatial2,30,0,2023-12-30,2023-12-30,wk inc flu hosp,quantile,0.15,48.045695999441364
UMass-flusion_spatial2,30,0,2023-12-30,2023-12-30,wk inc flu hosp,quantile,0.2,51.1513145092018
UMass-flusion_spatial2,30,0,2023-12-30,2023-12-30,wk inc flu hosp,quantile,0.25,53.9364138470895
UMass-flusion_spatial2,30,0,2023-12-30,2023-12-30,wk inc flu hosp,quantile,0.3,57.14997100789321
UMass-flusion_spatial2,30,0,2023-12-30,2023-12-30,wk inc flu hosp,quantile,0.35,59.13433965614608
UMass-flusion_spatial2,30,0,2023-12-30,2023-12-30,wk inc flu hosp,quantile,0.4,61.28985233094608
UMass-flusion_spatial2,30,0,2023-12-30,2023-12-30,wk inc flu hosp,quantile,0.45,62.97187979092682
UMass-flusion_spatial2,30,0,2023-12-30,2023-12-30,wk inc flu hosp,quantile,0.5,65.72900537879875
UMass-flusion_spatial2,30,0,2023-12-30,2023-12-30,wk inc flu hosp,quantile,0.55,68.58286600378929
UMass-flusion_spatial2,30,0,2023-12-30,2023-12-30,wk inc flu hosp,quantile,0.6,71.98026251294496
UMass-flusion_spatial2,30,0,2023-12-30,2023-12-30,wk inc flu hosp,quantile,0.65,76.1040595026911
UMass-flusion_spatial2,30,0,2023-12-30,2023-12-30,wk inc flu hosp,quantile,0.7,79.86300184999556
UMass-flusion_spatial2,30,0,2023-12-30,2023-12-30,wk inc flu hosp,quantile,0.75,82.85724359707856
UMass-flusion_spatial2,30,0,2023-12-30,2023-12-30,wk inc flu hosp,quantile,0.8,85.16828823652348
UMass-flusion_spatial2,30,0,2023-12-30,2023-12-30,wk inc flu hosp,quantile,0.85,88.67514348737032
UMass-flusion_spatial2,30,0,2023-12-30,2023-12-30,wk inc flu hosp,quantile,0.9,92.12994197830858
UMass-flusion_spatial2,30,0,2023-12-30,2023-12-30,wk inc flu hosp,quantile,0.95,99.62234186146398
UMass-flusion_spatial2,30,0,2023-12-30,2023-12-30,wk inc flu hosp,quantile,0.975,106.05010881715637
UMass-flusion_spatial2,30,0,2023-12-30,2023-12-30,wk inc flu hosp,quantile,0.99,117.48364569460966
UMass-flusion_spatial2,30,1,2024-01-06,2023-12-30,wk inc flu hosp,quantile,0.01,21.973637566705676
UMass-flusion_spatial2,30,1,2024-01-06,2023-12-30,wk inc flu hosp,quantile,0.025,27.69007554666775
UMass-flusion_spatial2,30,1,2024-01-06,2023-12-30,wk inc flu hosp,quantile,0.05,32.24689553710747
UMass-flusion_spatial2,30,1,2024-01-06,2023-12-30,wk inc flu hosp,quantile,0.1,38.49223451028537
UMass-flusion_spatial2,30,1,2024-01-06,2023-12-30,wk inc flu hosp,quantile,0.15,43.73944677321428
UMass-flusion_spatial2,30,1,2024-01-06,2023-12-30,wk inc flu hosp,quantile,0.2,48.53862604118174
UMass-flusion_spatial2,30,1,2024-01-06,2023-12-30,wk inc flu hosp,quantile,0.25,51.790370152623375
UMass-flusion_spatial2,30,1,2024-01-06,2023-12-30,wk inc flu hosp,quantile,0.3,55.03120464076615
UMass-flusion_spatial2,30,1,2024-01-06,2023-12-30,wk inc flu hosp,quantile,0.35,57.81459923014825
UMass-flusion_spatial2,30,1,2024-01-06,2023-12-30,wk inc flu hosp,quantile,0.4,60.35796888760704
UMass-flusion_spatial2,30,1,2024-01-06,2023-12-30,wk inc flu hosp,quantile,0.45,63.00329709259141
UMass-flusion_spatial2,30,1,2024-01-06,2023-12-30,wk inc flu hosp,quantile,0.5,66.18657478026749
UMass-flusion_spatial2,30,1,2024-01-06,2023-12-30,wk inc flu hosp,quantile,0.55,69.3254654170129
UMass-flusion_spatial2,30,1,2024-01-06,2023-12-30,wk inc flu hosp,quantile,0.6,73.13020941756477
UMass-flusion_spatial2,30,1,2024-01-06,2023-12-30,wk inc flu hosp,quantile,0.65,78.71971282446623
UMass-flusion_spatial2,30,1,2024-01-06,2023-12-30,wk inc flu hosp,quantile,0.7,83.63616949698257
UMass-flusion_spatial2,30,1,2024-01-06,2023-12-30,wk inc flu hosp,quantile,0.75,87.47712940955373
UMass-flusion_spatial2,30,1,2024-01-06,2023-12-30,wk inc flu hosp,quantile,0.8,93.3105148315143
UMass-flusion_spatial2,30,1,2024-01-06,2023-12-30,wk inc flu hosp,quantile,0.85,98.72969915223682
UMass-flusion_spatial2,30,1,2024-01-06,2023-12-30,wk inc flu hosp,quantile,0.9,106.98206386552161
UMass-flusion_spatial2,30,1,2024-01-06,2023-12-30,wk inc flu hosp,quantile,0.95,119.46262475105351
UMass-flusion_spatial2,30,1,2024-01-06,2023-12-30,wk inc flu hosp,quantile,0.975,129.09170029140813
UMass-flusion_spatial2,30,1,2024-01-06,2023-12-30,wk inc flu hosp,quantile,0.99,145.92659374839184
UMass-flusion_spatial2,30,2,2024-01-13,2023-12-30,wk inc flu hosp,quantile,0.01,15.941484710902568
UMass-flusion_spatial2,30,2,2024-01-13,2023-12-30,wk inc flu hosp,quantile,0.025,20.830770261087153
UMass-flusion_spatial2,30,2,2024-01-13,2023-12-30,wk inc flu hosp,quantile,0.05,26.622567431297142
UMass-flusion_spatial2,30,2,2024-01-13,2023-12-30,wk inc flu hosp,quantile,0.1,33.11773057889477
UMass-flusion_spatial2,30,2,2024-01-13,2023-12-30,wk inc flu hosp,quantile,0.15,39.048384931298095
UMass-flusion_spatial2,30,2,2024-01-13,2023-12-30,wk inc flu hosp,quantile,0.2,43.819907652755404
UMass-flusion_spatial2,30,2,2024-01-13,2023-12-30,wk inc flu hosp,quantile,0.25,47.14046178009752
UMass-flusion_spatial2,30,2,2024-01-13,2023-12-30,wk inc flu hosp,quantile,0.3,50.25485326365872
UMass-flusion_spatial2,30,2,2024-01-13,2023-12-30,wk inc flu hosp,quantile,0.35,53.31948626852404
UMass-flusion_spatial2,30,2,2024-01-13,2023-12-30,wk inc flu hosp,quantile,0.4,57.30241759676137
UMass-flusion_spatial2,30,2,2024-01-13,2023-12-30,wk inc flu hosp,quantile,0.45,60.2632343049345
UMass-flusion_spatial2,30,2,2024-01-13,2023-12-30,wk inc flu hosp,quantile,0.5,64.09681541782615
UMass-flusion_spatial2,30,2,2024-01-13,2023-12-30,wk inc flu hosp,quantile,0.55,67.6388058063244
UMass-flusion_spatial2,30,2,2024-01-13,2023-12-30,wk inc flu hosp,quantile,0.6,71.6254270849455
UMass-flusion_spatial2,30,2,2024-01-13,2023-12-30,wk inc flu hosp,quantile,0.65,76.62738411255722
UMass-flusion_spatial2,30,2,2024-01-13,2023-12-30,wk inc flu hosp,quantile,0.7,83.52304630633898
UMass-flusion_spatial2,30,2,2024-01-13,2023-12-30,wk inc flu hosp,quantile,0.75,86.63503873536357
UMass-flusion_spatial2,30,2,2024-01-13,2023-12-30,wk inc flu hosp,quantile,0.8,94.48644815011336
UMass-flusion_spatial2,30,2,2024-01-13,2023-12-30,wk inc flu hosp,quantile,0.85,101.291221826794
UMass-flusion_spatial2,30,2,2024-01-13,2023-12-30,wk inc flu hosp,quantile,0.9,113.05845296661093
UMass-flusion_spatial2,30,2,2024-01-13,2023-12-30,wk inc flu hosp,quantile,0.95,130.38485456698427
UMass-flusion_spatial2,30,2,2024-01-13,2023-12-30,wk inc flu hosp,quantile,0.975,150.79427488298327
UMass-flusion_spatial2,30,2,2024-01-13,2023-12-30,wk inc flu hosp,quantile,0.99,174.39972150432195
UMass-flusion_spatial2,30,3,2024-01-20,2023-12-30,wk inc flu hosp,quantile,0.01,11.573028082698052
UMass-flusion_spatial2,30,3,2024-01-20,2023-12-30,wk inc flu hosp,quantile,0.025,16.287087644517147
UMass-flusion_spatial2,30,3,2024-01-20,2023-12-30,wk inc flu hosp,quantile,0.05,21.004259733757667
UMass-flusion_spatial2,30,3,2024-01-20,2023-12-30,wk inc flu hosp,quantile,0.1,28.021655728647985
UMass-flusion_spatial2,30,3,2024-01-20,2023-12-30,wk inc flu hosp,quantile,0.15,33.36939051302592
UMass-flusion_spatial2,30,3,2024-01-20,2023-12-30,wk inc flu hosp,quantile,0.2,38.26580466422709
UMass-flusion_spatial2,30,3,2024-01-20,2023-12-30,wk inc flu hosp,quantile,0.25,41.894216867477326
UMass-flusion_spatial2,30,3,2024-01-20,2023-12-30,wk inc flu hosp,quantile,0.3,44.33298881651133
UMass-flusion_spatial2,30,3,2024-01-20,2023-12-30,wk inc flu hosp,quantile,0.35,48.33604152579697
UMass-flusion_spatial2,30,3,2024-01-20,2023-12-30,wk inc flu hosp,quantile,0.4,52.09768557674613
UMass-flusion_spatial2,30,3,2024-01-20,2023-12-30,wk inc flu hosp,quantile,0.45,55.79590332277584
UMass-flusion_spatial2,30,3,2024-01-20,2023-12-30,wk inc flu hosp,quantile,0.5,59.63813767977618
UMass-flusion_spatial2,30,3,2024-01-20,2023-12-30,wk inc flu hosp,quantile,0.55,63.962766294422124
UMass-flusion_spatial2,30,3,2024-01-20,2023-12-30,wk inc flu hosp,quantile,0.6,68.14268708850446
UMass-flusion_spatial2,30,3,2024-01-20,2023-12-30,wk inc flu hosp,quantile,0.65,72.48439617409346
UMass-flusion_spatial2,30,3,2024-01-20,2023-12-30,wk inc flu hosp,quantile,0.7,77.97548414246195
UMass-flusion_spatial2,30,3,2024-01-20,2023-12-30,wk inc flu hosp,quantile,0.75,83.39982351850999
UMass-flusion_spatial2,30,3,2024-01-20,2023-12-30,wk inc flu hosp,quantile,0.8,91.73494294732524
UMass-flusion_spatial2,30,3,2024-01-20,2023-12-30,wk inc flu hosp,quantile,0.85,102.62381160797983
UMass-flusion_spatial2,30,3,2024-01-20,2023-12-30,wk inc flu hosp,quantile,0.9,116.62607334603469
UMass-flusion_spatial2,30,3,2024-01-20,2023-12-30,wk inc flu hosp,quantile,0.95,137.95601590352845
UMass-flusion_spatial2,30,3,2024-01-20,2023-12-30,wk inc flu hosp,quantile,0.975,157.87549313337095
UMass-flusion_spatial2,30,3,2024-01-20,2023-12-30,wk inc flu hosp,quantile,0.99,192.22159208548425
UMass-flusion_spatial2,31,0,2023-12-30,2023-12-30,wk inc flu hosp,quantile,0.01,24.62310544937159
UMass-flusion_spatial2,31,0,2023-12-30,2023-12-30,wk inc flu hosp,quantile,0.025,29.54013722756475
UMass-flusion_spatial2,31,0,2023-12-30,2023-12-30,wk inc flu hosp,quantile,0.05,34.56872207567706
UMass-flusion_spatial2,31,0,2023-12-30,2023-12-30,wk inc flu hosp,quantile,0.1,40.77887735000691
UMass-flusion_spatial2,31,0,2023-12-30,2023-12-30,wk inc flu hosp,quantile,0.15,47.232618932112445
UMass-flusion_spatial2,31,0,2023-12-30,2023-12-30,wk inc flu hosp,quantile,0.2,52.909133941995805
UMass-flusion_spatial2,31,0,2023-12-30,2023-12-30,wk inc flu hosp,quantile,0.25,56.332990983796634
UMass-flusion_spatial2,31,0,2023-12-30,2023-12-30,wk inc flu hosp,quantile,0.3,59.418109946132425
UMass-flusion_spatial2,31,0,2023-12-30,2023-12-30,wk inc flu hosp,quantile,0.35,61.487266346860565
UMass-flusion_spatial2,31,0,2023-12-30,2023-12-30,wk inc flu hosp,quantile,0.4,63.62007853417738
UMass-flusion_spatial2,31,0,2023-12-30,2023-12-30,wk inc flu hosp,quantile,0.45,65.70007046731811
UMass-flusion_spatial2,31,0,2023-12-30,2023-12-30,wk inc flu hosp,quantile,0.5,67.51923472497226
UMass-flusion_spatial2,31,0,2023-12-30,2023-12-30,wk inc flu hosp,quantile,0.55,69.99563066873179
UMass-flusion_spatial2,31,0,2023-12-30,2023-12-30,wk inc flu hosp,quantile,0.6,72.1679962209308
UMass-flusion_spatial2,31,0,2023-12-30,2023-12-30,wk inc flu hosp,quantile,0.65,74.85219223926947
UMass-flusion_spatial2,31,0,2023-12-30,2023-12-30,wk inc flu hosp,quantile,0.7,77.19474435602274
UMass-flusion_spatial2,31,0,2023-12-30,2023-12-30,wk inc flu hosp,quantile,0.75,79.41474752202484
UMass-flusion_spatial2,31,0,2023-12-30,2023-12-30,wk inc flu hosp,quantile,0.8,81.67565411166731
UMass-flusion_spatial2,31,0,2023-12-30,2023-12-30,wk inc flu hosp,quantile,0.85,84.56386576212292
UMass-flusion_spatial2,31,0,2023-12-30,2023-12-30,wk inc flu hosp,quantile,0.9,87.63234910562821
UMass-flusion_spatial2,31,0,2023-12-30,2023-12-30,wk inc flu hosp,quantile,0.95,94.30116990584628
UMass-flusion_spatial2,31,0,2023-12-30,2023-12-30,wk inc flu hosp,quantile,0.975,101.50155316660585
UMass-flusion_spatial2,31,0,2023-12-30,2023-12-30,wk inc flu hosp,quantile,0.99,111.08039639465866
UMass-flusion_spatial2,31,1,2024-01-06,2023-12-30,wk inc flu hosp,quantile,0.01,21.53868025815651
UMass-flusion_spatial2,31,1,2024-01-06,2023-12-30,wk inc flu hosp,quantile,0.025,26.837322334749672
UMass-flusion_spatial2,31,1,2024-01-06,2023-12-30,wk inc flu hosp,quantile,0.05,32.683233282382574
UMass-flusion_spatial2,31,1,2024-01-06,2023-12-30,wk inc flu hosp,quantile,0.1,40.5979316640631
UMass-flusion_spatial2,31,1,2024-01-06,2023-12-30,wk inc flu hosp,quantile,0.15,48.45959027786958
UMass-flusion_spatial2,31,1,2024-01-06,2023-12-30,wk inc flu hosp,quantile,0.2,55.53496080151069
UMass-flusion_spatial2,31,1,2024-01-06,2023-12-30,wk inc flu hosp,quantile,0.25,60.53662776067205
UMass-flusion_spatial2,31,1,2024-01-06,2023-12-30,wk inc flu hosp,quantile,0.3,65.62156575211739
UMass-flusion_spatial2,31,1,2024-01-06,2023-12-30,wk inc flu hosp,quantile,0.35,68.43021651134994
UMass-flusion_spatial2,31,1,2024-01-06,2023-12-30,wk inc flu hosp,quantile,0.4,71.75571020828352
UMass-flusion_spatial2,31,1,2024-01-06,2023-12-30,wk inc flu hosp,quantile,0.45,74.83919952773313
UMass-flusion_spatial2,31,1,2024-01-06,2023-12-30,wk inc flu hosp,quantile,0.5,78.07113633354047
UMass-flusion_spatial2,31,1,2024-01-06,2023-12-30,wk inc flu hosp,quantile,0.55,81.61644761221
UMass-flusion_spatial2,31,1,2024-01-06,2023-12-30,wk inc flu hosp,quantile,0.6,85.8111482235943
UMass-flusion_spatial2,31,1,2024-01-06,2023-12-30,wk inc flu hosp,quantile,0.65,89.72223059813719
UMass-flusion_spatial2,31,1,2024-01-06,2023-12-30,wk inc flu hosp,quantile,0.7,94.65149772841954
UMass-flusion_spatial2,31,1,2024-01-06,2023-12-30,wk inc flu hosp,quantile,0.75,99.04046973087453
UMass-flusion_spatial2,31,1,2024-01-06,2023-12-30,wk inc flu hosp,quantile,0.8,104.2013844931872
UMass-flusion_spatial2,31,1,2024-01-06,2023-12-30,wk inc flu hosp,quantile,0.85,108.79832581943339
UMass-flusion_spatial2,31,1,2024-01-06,2023-12-30,wk inc flu hosp,quantile,0.9,117.17901234695849
UMass-flusion_spatial2,31,1,2024-01-06,2023-12-30,wk inc flu hosp,quantile,0.95,135.09934970044708
UMass-flusion_spatial2,31,1,2024-01-06,2023-12-30,wk inc flu hosp,quantile,0.975,143.712094707785
UMass-flusion_spatial2,31,1,2024-01-06,2023-12-30,wk inc flu hosp,quantile,0.99,154.92145826709026
UMass-flusion_spatial2,31,2,2024-01-13,2023-12-30,wk inc flu hosp,quantile,0.01,17.730370068426403
UMass-flusion_spatial2,31,2,2024-01-13,2023-12-30,wk inc flu hosp,quantile,0.025,24.305009792093465
UMass-flusion_spatial2,31,2,2024-01-13,2023-12-30,wk inc flu hosp,quantile,0.05,31.351195919840418
UMass-flusion_spatial2,31,2,2024-01-13,2023-12-30,wk inc flu hosp,quantile,0.1,40.60609703658322
UMass-flusion_spatial2,31,2,2024-01-13,2023-12-30,wk inc flu hosp,quantile,0.15,48.50013536264679
UMass-flusion_spatial2,31,2,2024-01-13,2023-12-30,wk inc flu hosp,quantile,0.2,56.14688348068786
UMass-flusion_spatial2,31,2,2024-01-13,2023-12-30,wk inc flu hosp,quantile,0.25,61.76117873765742
UMass-flusion_spatial2,31,2,2024-01-13,2023-12-30,wk inc flu hosp,quantile,0.3,67.47262161567023
UMass-flusion_spatial2,31,2,2024-01-13,2023-12-30,wk inc flu hosp,quantile,0.35,71.72638422271297
UMass-flusion_spatial2,31,2,2024-01-13,2023-12-30,wk inc flu hosp,quantile,0.4,76.06197788724198
UMass-flusion_spatial2,31,2,2024-01-13,2023-12-30,wk inc flu hosp,quantile,0.45,79.8552845761934
UMass-flusion_spatial2,31,2,2024-01-13,2023-12-30,wk inc flu hosp,quantile,0.5,84.29646321264465
UMass-flusion_spatial2,31,2,2024-01-13,2023-12-30,wk inc flu hosp,quantile,0.55,89.12206160591518
UMass-flusion_spatial2,31,2,2024-01-13,2023-12-30,wk inc flu hosp,quantile,0.6,94.00026074436695
UMass-flusion_spatial2,31,2,2024-01-13,2023-12-30,wk inc flu hosp,quantile,0.65,101.48684120876754
UMass-flusion_spatial2,31,2,2024-01-13,2023-12-30,wk inc flu hosp,quantile,0.7,107.03709259247898
UMass-flusion_spatial2,31,2,2024-01-13,2023-12-30,wk inc flu hosp,quantile,0.75,113.90681993869674
UMass-flusion_spatial2,31,2,2024-01-13,2023-12-30,wk inc flu hosp,quantile,0.8,122.37848163618465
UMass-flusion_spatial2,31,2,2024-01-13,2023-12-30,wk inc flu hosp,quantile,0.85,130.094211674017
UMass-flusion_spatial2,31,2,2024-01-13,2023-12-30,wk inc flu hosp,quantile,0.9,145.13962405114
UMass-flusion_spatial2,31,2,2024-01-13,2023-12-30,wk inc flu hosp,quantile,0.95,172.47596142381997
UMass-flusion_spatial2,31,2,2024-01-13,2023-12-30,wk inc flu hosp,quantile,0.975,189.6858855511708
UMass-flusion_spatial2,31,2,2024-01-13,2023-12-30,wk inc flu hosp,quantile,0.99,200.95357359208992
UMass-flusion_spatial2,31,3,2024-01-20,2023-12-30,wk inc flu hosp,quantile,0.01,15.476516506387899
UMass-flusion_spatial2,31,3,2024-01-20,2023-12-30,wk inc flu hosp,quantile,0.025,21.569189042958318
UMass-flusion_spatial2,31,3,2024-01-20,2023-12-30,wk inc flu hosp,quantile,0.05,30.107698596281494
UMass-flusion_spatial2,31,3,2024-01-20,2023-12-30,wk inc flu hosp,quantile,0.1,39.27208143688242
UMass-flusion_spatial2,31,3,2024-01-20,2023-12-30,wk inc flu hosp,quantile,0.15,48.24808168189053
UMass-flusion_spatial2,31,3,2024-01-20,2023-12-30,wk inc flu hosp,quantile,0.2,56.68509375444509
UMass-flusion_spatial2,31,3,2024-01-20,2023-12-30,wk inc flu hosp,quantile,0.25,62.30515629949373
UMass-flusion_spatial2,31,3,2024-01-20,2023-12-30,wk inc flu hosp,quantile,0.3,69.05088505262952
UMass-flusion_spatial2,31,3,2024-01-20,2023-12-30,wk inc flu hosp,quantile,0.35,72.69022476765721
UMass-flusion_spatial2,31,3,2024-01-20,2023-12-30,wk inc flu hosp,quantile,0.4,77.16908459197518
UMass-flusion_spatial2,31,3,2024-01-20,2023-12-30,wk inc flu hosp,quantile,0.45,81.72786411494718
UMass-flusion_spatial2,31,3,2024-01-20,2023-12-30,wk inc flu hosp,quantile,0.5,86.90783248047336
UMass-flusion_spatial2,31,3,2024-01-20,2023-12-30,wk inc flu hosp,quantile,0.55,93.42820243511778
UMass-flusion_spatial2,31,3,2024-01-20,2023-12-30,wk inc flu hosp,quantile,0.6,100.0068855992929
UMass-flusion_spatial2,31,3,2024-01-20,2023-12-30,wk inc flu hosp,quantile,0.65,108.55395057746699
UMass-flusion_spatial2,31,3,2024-01-20,2023-12-30,wk inc flu hosp,quantile,0.7,114.68316586686885
UMass-flusion_spatial2,31,3,2024-01-20,2023-12-30,wk inc flu hosp,quantile,0.75,124.10576613445762
UMass-flusion_spatial2,31,3,2024-01-20,2023-12-30,wk inc flu hosp,quantile,0.8,134.37110164177358
UMass-flusion_spatial2,31,3,2024-01-20,2023-12-30,wk inc flu hosp,quantile,0.85,147.05407893253755
UMass-flusion_spatial2,31,3,2024-01-20,2023-12-30,wk inc flu hosp,quantile,0.9,166.4052142630971
UMass-flusion_spatial2,31,3,2024-01-20,2023-12-30,wk inc flu hosp,quantile,0.95,201.7090483651
UMass-flusion_spatial2,31,3,2024-01-20,2023-12-30,wk inc flu hosp,quantile,0.975,222.7678054729738
UMass-flusion_spatial2,31,3,2024-01-20,2023-12-30,wk inc flu hosp,quantile,0.99,250.02247418977822
UMass-flusion_spatial2,32,0,2023-12-30,2023-12-30,wk inc flu hosp,quantile,0.01,102.3662222729005
UMass-flusion_spatial2,32,0,2023-12-30,2023-12-30,wk inc flu hosp,quantile,0.025,116.32904948765133
UMass-flusion_spatial2,32,0,2023-12-30,2023-12-30,wk inc flu hosp,quantile,0.05,127.66454804831777
UMass-flusion_spatial2,32,0,2023-12-30,2023-12-30,wk inc flu hosp,quantile,0.1,142.55650332275061
UMass-flusion_spatial2,32,0,2023-12-30,2023-12-30,wk inc flu hosp,quantile,0.15,153.7790773181813
UMass-flusion_spatial2,32,0,2023-12-30,2023-12-30,wk inc flu hosp,quantile,0.2,161.7399314822144
UMass-flusion_spatial2,32,0,2023-12-30,2023-12-30,wk inc flu hosp,quantile,0.25,167.20011257517092
UMass-flusion_spatial2,32,0,2023-12-30,2023-12-30,wk inc flu hosp,quantile,0.3,173.934646141748
UMass-flusion_spatial2,32,0,2023-12-30,2023-12-30,wk inc flu hosp,quantile,0.35,179.12539268954407
UMass-flusion_spatial2,32,0,2023-12-30,2023-12-30,wk inc flu hosp,quantile,0.4,182.52761091643703
UMass-flusion_spatial2,32,0,2023-12-30,2023-12-30,wk inc flu hosp,quantile,0.45,187.280775293874
UMass-flusion_spatial2,32,0,2023-12-30,2023-12-30,wk inc flu hosp,quantile,0.5,195.58434467978935
UMass-flusion_spatial2,32,0,2023-12-30,2023-12-30,wk inc flu hosp,quantile,0.55,203.5570171047794
UMass-flusion_spatial2,32,0,2023-12-30,2023-12-30,wk inc flu hosp,quantile,0.6,213.47619298920006
UMass-flusion_spatial2,32,0,2023-12-30,2023-12-30,wk inc flu hosp,quantile,0.65,223.9180915999795
UMass-flusion_spatial2,32,0,2023-12-30,2023-12-30,wk inc flu hosp,quantile,0.7,231.85392727442292
UMass-flusion_spatial2,32,0,2023-12-30,2023-12-30,wk inc flu hosp,quantile,0.75,240.75574092140022
UMass-flusion_spatial2,32,0,2023-12-30,2023-12-30,wk inc flu hosp,quantile,0.8,248.44247882402354
UMass-flusion_spatial2,32,0,2023-12-30,2023-12-30,wk inc flu hosp,quantile,0.85,255.14297766558894
UMass-flusion_spatial2,32,0,2023-12-30,2023-12-30,wk inc flu hosp,quantile,0.9,264.8346030899165
UMass-flusion_spatial2,32,0,2023-12-30,2023-12-30,wk inc flu hosp,quantile,0.95,283.3773774489717
UMass-flusion_spatial2,32,0,2023-12-30,2023-12-30,wk inc flu hosp,quantile,0.975,299.57324892274613
UMass-flusion_spatial2,32,0,2023-12-30,2023-12-30,wk inc flu hosp,quantile,0.99,333.22943794523735
UMass-flusion_spatial2,32,1,2024-01-06,2023-12-30,wk inc flu hosp,quantile,0.01,84.87475475069374
UMass-flusion_spatial2,32,1,2024-01-06,2023-12-30,wk inc flu hosp,quantile,0.025,98.2328810082152
UMass-flusion_spatial2,32,1,2024-01-06,2023-12-30,wk inc flu hosp,quantile,0.05,110.53609009643586
UMass-flusion_spatial2,32,1,2024-01-06,2023-12-30,wk inc flu hosp,quantile,0.1,130.21258695595236
UMass-flusion_spatial2,32,1,2024-01-06,2023-12-30,wk inc flu hosp,quantile,0.15,143.42402106428545
UMass-flusion_spatial2,32,1,2024-01-06,2023-12-30,wk inc flu hosp,quantile,0.2,153.4211466322949
UMass-flusion_spatial2,32,1,2024-01-06,2023-12-30,wk inc flu hosp,quantile,0.25,158.99317313506498
UMass-flusion_spatial2,32,1,2024-01-06,2023-12-30,wk inc flu hosp,quantile,0.3,167.34995855685264
UMass-flusion_spatial2,32,1,2024-01-06,2023-12-30,wk inc flu hosp,quantile,0.35,174.48443891213947
UMass-flusion_spatial2,32,1,2024-01-06,2023-12-30,wk inc flu hosp,quantile,0.4,180.08293166057405
UMass-flusion_spatial2,32,1,2024-01-06,2023-12-30,wk inc flu hosp,quantile,0.45,186.10903909982375
UMass-flusion_spatial2,32,1,2024-01-06,2023-12-30,wk inc flu hosp,quantile,0.5,194.50270022376478
UMass-flusion_spatial2,32,1,2024-01-06,2023-12-30,wk inc flu hosp,quantile,0.55,203.09654173727688
UMass-flusion_spatial2,32,1,2024-01-06,2023-12-30,wk inc flu hosp,quantile,0.6,211.66806691104304
UMass-flusion_spatial2,32,1,2024-01-06,2023-12-30,wk inc flu hosp,quantile,0.65,225.08333603229653
UMass-flusion_spatial2,32,1,2024-01-06,2023-12-30,wk inc flu hosp,quantile,0.7,236.37545637765717
UMass-flusion_spatial2,32,1,2024-01-06,2023-12-30,wk inc flu hosp,quantile,0.75,247.89025563578525
UMass-flusion_spatial2,32,1,2024-01-06,2023-12-30,wk inc flu hosp,quantile,0.8,263.3451081073947
UMass-flusion_spatial2,32,1,2024-01-06,2023-12-30,wk inc flu hosp,quantile,0.85,279.2719083294767
UMass-flusion_spatial2,32,1,2024-01-06,2023-12-30,wk inc flu hosp,quantile,0.9,297.64864719493255
UMass-flusion_spatial2,32,1,2024-01-06,2023-12-30,wk inc flu hosp,quantile,0.95,331.47799224729124
UMass-flusion_spatial2,32,1,2024-01-06,2023-12-30,wk inc flu hosp,quantile,0.975,362.7364489045051
UMass-flusion_spatial2,32,1,2024-01-06,2023-12-30,wk inc flu hosp,quantile,0.99,413.67764029588875
UMass-flusion_spatial2,32,2,2024-01-13,2023-12-30,wk inc flu hosp,quantile,0.01,65.6130298493886
UMass-flusion_spatial2,32,2,2024-01-13,2023-12-30,wk inc flu hosp,quantile,0.025,78.08036225801828
UMass-flusion_spatial2,32,2,2024-01-13,2023-12-30,wk inc flu hosp,quantile,0.05,94.26429985874219
UMass-flusion_spatial2,32,2,2024-01-13,2023-12-30,wk inc flu hosp,quantile,0.1,112.41197055109419
UMass-flusion_spatial2,32,2,2024-01-13,2023-12-30,wk inc flu hosp,quantile,0.15,127.91591760438413
UMass-flusion_spatial2,32,2,2024-01-13,2023-12-30,wk inc flu hosp,quantile,0.2,138.96860795723666
UMass-flusion_spatial2,32,2,2024-01-13,2023-12-30,wk inc flu hosp,quantile,0.25,146.38796333003629
UMass-flusion_spatial2,32,2,2024-01-13,2023-12-30,wk inc flu hosp,quantile,0.3,154.6958225056672
UMass-flusion_spatial2,32,2,2024-01-13,2023-12-30,wk inc flu hosp,quantile,0.35,162.22660051966736
UMass-flusion_spatial2,32,2,2024-01-13,2023-12-30,wk inc flu hosp,quantile,0.4,170.52470784550346
UMass-flusion_spatial2,32,2,2024-01-13,2023-12-30,wk inc flu hosp,quantile,0.45,179.63772467330233
UMass-flusion_spatial2,32,2,2024-01-13,2023-12-30,wk inc flu hosp,quantile,0.5,187.4612848713337
UMass-flusion_spatial2,32,2,2024-01-13,2023-12-30,wk inc flu hosp,quantile,0.55,196.64190600709202
UMass-flusion_spatial2,32,2,2024-01-13,2023-12-30,wk inc flu hosp,quantile,0.6,207.17458591098887
UMass-flusion_spatial2,32,2,2024-01-13,2023-12-30,wk inc flu hosp,quantile,0.65,219.20405246130122
UMass-flusion_spatial2,32,2,2024-01-13,2023-12-30,wk inc flu hosp,quantile,0.7,229.8570134909574
UMass-flusion_spatial2,32,2,2024-01-13,2023-12-30,wk inc flu hosp,quantile,0.75,241.3946620782507
UMass-flusion_spatial2,32,2,2024-01-13,2023-12-30,wk inc flu hosp,quantile,0.8,260.8556904442309
UMass-flusion_spatial2,32,2,2024-01-13,2023-12-30,wk inc flu hosp,quantile,0.85,279.14253472252847
UMass-flusion_spatial2,32,2,2024-01-13,2023-12-30,wk inc flu hosp,quantile,0.9,305.42980276644334
UMass-flusion_spatial2,32,2,2024-01-13,2023-12-30,wk inc flu hosp,quantile,0.95,351.9109391733151
UMass-flusion_spatial2,32,2,2024-01-13,2023-12-30,wk inc flu hosp,quantile,0.975,400.8666768769501
UMass-flusion_spatial2,32,2,2024-01-13,2023-12-30,wk inc flu hosp,quantile,0.99,467.15213329411057
UMass-flusion_spatial2,32,3,2024-01-20,2023-12-30,wk inc flu hosp,quantile,0.01,50.885430660826756
UMass-flusion_spatial2,32,3,2024-01-20,2023-12-30,wk inc flu hosp,quantile,0.025,63.07438144148203
UMass-flusion_spatial2,32,3,2024-01-20,2023-12-30,wk inc flu hosp,quantile,0.05,77.90702850677988
UMass-flusion_spatial2,32,3,2024-01-20,2023-12-30,wk inc flu hosp,quantile,0.1,96.53674450567209
UMass-flusion_spatial2,32,3,2024-01-20,2023-12-30,wk inc flu hosp,quantile,0.15,110.89632825301769
UMass-flusion_spatial2,32,3,2024-01-20,2023-12-30,wk inc flu hosp,quantile,0.2,120.05957160857132
UMass-flusion_spatial2,32,3,2024-01-20,2023-12-30,wk inc flu hosp,quantile,0.25,127.90712042105122
UMass-flusion_spatial2,32,3,2024-01-20,2023-12-30,wk inc flu hosp,quantile,0.3,136.20546154880788
UMass-flusion_spatial2,32,3,2024-01-20,2023-12-30,wk inc flu hosp,quantile,0.35,144.77537161684717
UMass-flusion_spatial2,32,3,2024-01-20,2023-12-30,wk inc flu hosp,quantile,0.4,152.86943452398992
UMass-flusion_spatial2,32,3,2024-01-20,2023-12-30,wk inc flu hosp,quantile,0.45,162.09894239193818
UMass-flusion_spatial2,32,3,2024-01-20,2023-12-30,wk inc flu hosp,quantile,0.5,171.79149146286798
UMass-flusion_spatial2,32,3,2024-01-20,2023-12-30,wk inc flu hosp,quantile,0.55,181.48801513348621
UMass-flusion_spatial2,32,3,2024-01-20,2023-12-30,wk inc flu hosp,quantile,0.6,193.53162732691192
UMass-flusion_spatial2,32,3,2024-01-20,2023-12-30,wk inc flu hosp,quantile,0.65,206.32919141258932
UMass-flusion_spatial2,32,3,2024-01-20,2023-12-30,wk inc flu hosp,quantile,0.7,220.4106030430084
UMass-flusion_spatial2,32,3,2024-01-20,2023-12-30,wk inc flu hosp,quantile,0.75,232.94349532018467
UMass-flusion_spatial2,32,3,2024-01-20,2023-12-30,wk inc flu hosp,quantile,0.8,252.9660276950126
UMass-flusion_spatial2,32,3,2024-01-20,2023-12-30,wk inc flu hosp,quantile,0.85,278.5070995694907
UMass-flusion_spatial2,32,3,2024-01-20,2023-12-30,wk inc flu hosp,quantile,0.9,314.40713895988574
UMass-flusion_spatial2,32,3,2024-01-20,2023-12-30,wk inc flu hosp,quantile,0.95,366.9781969334051
UMass-flusion_spatial2,32,3,2024-01-20,2023-12-30,wk inc flu hosp,quantile,0.975,429.03403555489496
UMass-flusion_spatial2,32,3,2024-01-20,2023-12-30,wk inc flu hosp,quantile,0.99,512.1637026925712
UMass-flusion_spatial2,33,0,2023-12-30,2023-12-30,wk inc flu hosp,quantile,0.01,15.87059088483311
UMass-flusion_spatial2,33,0,2023-12-30,2023-12-30,wk inc flu hosp,quantile,0.025,19.500218378860016
UMass-flusion_spatial2,33,0,2023-12-30,2023-12-30,wk inc flu hosp,quantile,0.05,23.338294971735756
UMass-flusion_spatial2,33,0,2023-12-30,2023-12-30,wk inc flu hosp,quantile,0.1,27.210541398326576
UMass-flusion_spatial2,33,0,2023-12-30,2023-12-30,wk inc flu hosp,quantile,0.15,31.179996646699877
UMass-flusion_spatial2,33,0,2023-12-30,2023-12-30,wk inc flu hosp,quantile,0.2,34.539180650447356
UMass-flusion_spatial2,33,0,2023-12-30,2023-12-30,wk inc flu hosp,quantile,0.25,36.70787842791355
UMass-flusion_spatial2,33,0,2023-12-30,2023-12-30,wk inc flu hosp,quantile,0.3,39.25354485180762
UMass-flusion_spatial2,33,0,2023-12-30,2023-12-30,wk inc flu hosp,quantile,0.35,41.005137845073605
UMass-flusion_spatial2,33,0,2023-12-30,2023-12-30,wk inc flu hosp,quantile,0.4,42.83464710844893
UMass-flusion_spatial2,33,0,2023-12-30,2023-12-30,wk inc flu hosp,quantile,0.45,44.83068255885803
UMass-flusion_spatial2,33,0,2023-12-30,2023-12-30,wk inc flu hosp,quantile,0.5,46.71057972239427
UMass-flusion_spatial2,33,0,2023-12-30,2023-12-30,wk inc flu hosp,quantile,0.55,48.79484272097261
UMass-flusion_spatial2,33,0,2023-12-30,2023-12-30,wk inc flu hosp,quantile,0.6,50.92371671755248
UMass-flusion_spatial2,33,0,2023-12-30,2023-12-30,wk inc flu hosp,quantile,0.65,53.255696689506706
UMass-flusion_spatial2,33,0,2023-12-30,2023-12-30,wk inc flu hosp,quantile,0.7,55.605559553367726
UMass-flusion_spatial2,33,0,2023-12-30,2023-12-30,wk inc flu hosp,quantile,0.75,57.85621649793404
UMass-flusion_spatial2,33,0,2023-12-30,2023-12-30,wk inc flu hosp,quantile,0.8,60.25565866230052
UMass-flusion_spatial2,33,0,2023-12-30,2023-12-30,wk inc flu hosp,quantile,0.85,63.10930210507451
UMass-flusion_spatial2,33,0,2023-12-30,2023-12-30,wk inc flu hosp,quantile,0.9,67.1074776913028
UMass-flusion_spatial2,33,0,2023-12-30,2023-12-30,wk inc flu hosp,quantile,0.95,74.16968055769915
UMass-flusion_spatial2,33,0,2023-12-30,2023-12-30,wk inc flu hosp,quantile,0.975,78.41564677825934
UMass-flusion_spatial2,33,0,2023-12-30,2023-12-30,wk inc flu hosp,quantile,0.99,85.84140007390252
UMass-flusion_spatial2,33,1,2024-01-06,2023-12-30,wk inc flu hosp,quantile,0.01,10.793181917104754
UMass-flusion_spatial2,33,1,2024-01-06,2023-12-30,wk inc flu hosp,quantile,0.025,15.611884551593162
UMass-flusion_spatial2,33,1,2024-01-06,2023-12-30,wk inc flu hosp,quantile,0.05,19.76964923758018
UMass-flusion_spatial2,33,1,2024-01-06,2023-12-30,wk inc flu hosp,quantile,0.1,25.30531799730619
UMass-flusion_spatial2,33,1,2024-01-06,2023-12-30,wk inc flu hosp,quantile,0.15,30.111773373048493
UMass-flusion_spatial2,33,1,2024-01-06,2023-12-30,wk inc flu hosp,quantile,0.2,33.93551870417893
UMass-flusion_spatial2,33,1,2024-01-06,2023-12-30,wk inc flu hosp,quantile,0.25,36.73330568197762
UMass-flusion_spatial2,33,1,2024-01-06,2023-12-30,wk inc flu hosp,quantile,0.3,39.68794971429355
UMass-flusion_spatial2,33,1,2024-01-06,2023-12-30,wk inc flu hosp,quantile,0.35,42.11939418313426
UMass-flusion_spatial2,33,1,2024-01-06,2023-12-30,wk inc flu hosp,quantile,0.4,44.29616577107996
UMass-flusion_spatial2,33,1,2024-01-06,2023-12-30,wk inc flu hosp,quantile,0.45,47.19389391267167
UMass-flusion_spatial2,33,1,2024-01-06,2023-12-30,wk inc flu hosp,quantile,0.5,50.139218500708566
UMass-flusion_spatial2,33,1,2024-01-06,2023-12-30,wk inc flu hosp,quantile,0.55,52.83722851566638
UMass-flusion_spatial2,33,1,2024-01-06,2023-12-30,wk inc flu hosp,quantile,0.6,56.25789879087796
UMass-flusion_spatial2,33,1,2024-01-06,2023-12-30,wk inc flu hosp,quantile,0.65,60.73982409709487
UMass-flusion_spatial2,33,1,2024-01-06,2023-12-30,wk inc flu hosp,quantile,0.7,63.892005060925676
UMass-flusion_spatial2,33,1,2024-01-06,2023-12-30,wk inc flu hosp,quantile,0.75,66.66357065918318
UMass-flusion_spatial2,33,1,2024-01-06,2023-12-30,wk inc flu hosp,quantile,0.8,71.85902808616507
UMass-flusion_spatial2,33,1,2024-01-06,2023-12-30,wk inc flu hosp,quantile,0.85,77.28561157736704
UMass-flusion_spatial2,33,1,2024-01-06,2023-12-30,wk inc flu hosp,quantile,0.9,84.94251611620646
UMass-flusion_spatial2,33,1,2024-01-06,2023-12-30,wk inc flu hosp,quantile,0.95,98.02939065131235
UMass-flusion_spatial2,33,1,2024-01-06,2023-12-30,wk inc flu hosp,quantile,0.975,104.03877545518134
UMass-flusion_spatial2,33,1,2024-01-06,2023-12-30,wk inc flu hosp,quantile,0.99,118.49059049584378
UMass-flusion_spatial2,33,2,2024-01-13,2023-12-30,wk inc flu hosp,quantile,0.01,7.73315955364323
UMass-flusion_spatial2,33,2,2024-01-13,2023-12-30,wk inc flu hosp,quantile,0.025,12.166200575445544
UMass-flusion_spatial2,33,2,2024-01-13,2023-12-30,wk inc flu hosp,quantile,0.05,17.285341876364384
UMass-flusion_spatial2,33,2,2024-01-13,2023-12-30,wk inc flu hosp,quantile,0.1,22.684904741102386
UMass-flusion_spatial2,33,2,2024-01-13,2023-12-30,wk inc flu hosp,quantile,0.15,27.82088181038501
UMass-flusion_spatial2,33,2,2024-01-13,2023-12-30,wk inc flu hosp,quantile,0.2,30.9362832198796
UMass-flusion_spatial2,33,2,2024-01-13,2023-12-30,wk inc flu hosp,quantile,0.25,34.071968714351875
UMass-flusion_spatial2,33,2,2024-01-13,2023-12-30,wk inc flu hosp,quantile,0.3,37.657218685353286
UMass-flusion_spatial2,33,2,2024-01-13,2023-12-30,wk inc flu hosp,quantile,0.35,41.10523284482096
UMass-flusion_spatial2,33,2,2024-01-13,2023-12-30,wk inc flu hosp,quantile,0.4,43.9154251800655
UMass-flusion_spatial2,33,2,2024-01-13,2023-12-30,wk inc flu hosp,quantile,0.45,47.76693385823002
UMass-flusion_spatial2,33,2,2024-01-13,2023-12-30,wk inc flu hosp,quantile,0.5,51.96688267551963
UMass-flusion_spatial2,33,2,2024-01-13,2023-12-30,wk inc flu hosp,quantile,0.55,54.94864634356997
UMass-flusion_spatial2,33,2,2024-01-13,2023-12-30,wk inc flu hosp,quantile,0.6,58.98717815938664
UMass-flusion_spatial2,33,2,2024-01-13,2023-12-30,wk inc flu hosp,quantile,0.65,63.36411835770961
UMass-flusion_spatial2,33,2,2024-01-13,2023-12-30,wk inc flu hosp,quantile,0.7,67.75998554133847
UMass-flusion_spatial2,33,2,2024-01-13,2023-12-30,wk inc flu hosp,quantile,0.75,71.38038098174958
UMass-flusion_spatial2,33,2,2024-01-13,2023-12-30,wk inc flu hosp,quantile,0.8,77.07966207318813
UMass-flusion_spatial2,33,2,2024-01-13,2023-12-30,wk inc flu hosp,quantile,0.85,83.75074503508608
UMass-flusion_spatial2,33,2,2024-01-13,2023-12-30,wk inc flu hosp,quantile,0.9,94.91213089273677
UMass-flusion_spatial2,33,2,2024-01-13,2023-12-30,wk inc flu hosp,quantile,0.95,113.01776097350529
UMass-flusion_spatial2,33,2,2024-01-13,2023-12-30,wk inc flu hosp,quantile,0.975,128.1643079725032
UMass-flusion_spatial2,33,2,2024-01-13,2023-12-30,wk inc flu hosp,quantile,0.99,150.42739408299485
UMass-flusion_spatial2,33,3,2024-01-20,2023-12-30,wk inc flu hosp,quantile,0.01,5.470583235685689
UMass-flusion_spatial2,33,3,2024-01-20,2023-12-30,wk inc flu hosp,quantile,0.025,9.375394449425517
UMass-flusion_spatial2,33,3,2024-01-20,2023-12-30,wk inc flu hosp,quantile,0.05,14.140545899452087
UMass-flusion_spatial2,33,3,2024-01-20,2023-12-30,wk inc flu hosp,quantile,0.1,19.734462717193598
UMass-flusion_spatial2,33,3,2024-01-20,2023-12-30,wk inc flu hosp,quantile,0.15,24.18862587753928
UMass-flusion_spatial2,33,3,2024-01-20,2023-12-30,wk inc flu hosp,quantile,0.2,27.979877961699323
UMass-flusion_spatial2,33,3,2024-01-20,2023-12-30,wk inc flu hosp,quantile,0.25,31.00257892895641
UMass-flusion_spatial2,33,3,2024-01-20,2023-12-30,wk inc flu hosp,quantile,0.3,35.02779559871122
UMass-flusion_spatial2,33,3,2024-01-20,2023-12-30,wk inc flu hosp,quantile,0.35,38.46138180274762
UMass-flusion_spatial2,33,3,2024-01-20,2023-12-30,wk inc flu hosp,quantile,0.4,40.77034027013973
UMass-flusion_spatial2,33,3,2024-01-20,2023-12-30,wk inc flu hosp,quantile,0.45,45.21926476275195
UMass-flusion_spatial2,33,3,2024-01-20,2023-12-30,wk inc flu hosp,quantile,0.5,48.99495477239048
UMass-flusion_spatial2,33,3,2024-01-20,2023-12-30,wk inc flu hosp,quantile,0.55,52.135640288669165
UMass-flusion_spatial2,33,3,2024-01-20,2023-12-30,wk inc flu hosp,quantile,0.6,56.78442068830151
UMass-flusion_spatial2,33,3,2024-01-20,2023-12-30,wk inc flu hosp,quantile,0.65,61.43950547739094
UMass-flusion_spatial2,33,3,2024-01-20,2023-12-30,wk inc flu hosp,quantile,0.7,65.87014884354312
UMass-flusion_spatial2,33,3,2024-01-20,2023-12-30,wk inc flu hosp,quantile,0.75,71.73316764397819
UMass-flusion_spatial2,33,3,2024-01-20,2023-12-30,wk inc flu hosp,quantile,0.8,78.79994103403304
UMass-flusion_spatial2,33,3,2024-01-20,2023-12-30,wk inc flu hosp,quantile,0.85,87.9695687431252
UMass-flusion_spatial2,33,3,2024-01-20,2023-12-30,wk inc flu hosp,quantile,0.9,99.74211296454574
UMass-flusion_spatial2,33,3,2024-01-20,2023-12-30,wk inc flu hosp,quantile,0.95,123.64855655095175
UMass-flusion_spatial2,33,3,2024-01-20,2023-12-30,wk inc flu hosp,quantile,0.975,144.49567699430204
UMass-flusion_spatial2,33,3,2024-01-20,2023-12-30,wk inc flu hosp,quantile,0.99,168.96059722363532
UMass-flusion_spatial2,34,0,2023-12-30,2023-12-30,wk inc flu hosp,quantile,0.01,300.09489313913747
UMass-flusion_spatial2,34,0,2023-12-30,2023-12-30,wk inc flu hosp,quantile,0.025,336.1348229043997
UMass-flusion_spatial2,34,0,2023-12-30,2023-12-30,wk inc flu hosp,quantile,0.05,368.08822638703384
UMass-flusion_spatial2,34,0,2023-12-30,2023-12-30,wk inc flu hosp,quantile,0.1,407.0950042870861
UMass-flusion_spatial2,34,0,2023-12-30,2023-12-30,wk inc flu hosp,quantile,0.15,440.0441191741958
UMass-flusion_spatial2,34,0,2023-12-30,2023-12-30,wk inc flu hosp,quantile,0.2,464.00264048376164
UMass-flusion_spatial2,34,0,2023-12-30,2023-12-30,wk inc flu hosp,quantile,0.25,488.33069683834844
UMass-flusion_spatial2,34,0,2023-12-30,2023-12-30,wk inc flu hosp,quantile,0.3,507.05441538905364
UMass-flusion_spatial2,34,0,2023-12-30,2023-12-30,wk inc flu hosp,quantile,0.35,519.4872433000626
UMass-flusion_spatial2,34,0,2023-12-30,2023-12-30,wk inc flu hosp,quantile,0.4,531.707052210771
UMass-flusion_spatial2,34,0,2023-12-30,2023-12-30,wk inc flu hosp,quantile,0.45,545.785285335182
UMass-flusion_spatial2,34,0,2023-12-30,2023-12-30,wk inc flu hosp,quantile,0.5,557.6716414094874
UMass-flusion_spatial2,34,0,2023-12-30,2023-12-30,wk inc flu hosp,quantile,0.55,577.1839335189404
UMass-flusion_spatial2,34,0,2023-12-30,2023-12-30,wk inc flu hosp,quantile,0.6,600.654641476137
UMass-flusion_spatial2,34,0,2023-12-30,2023-12-30,wk inc flu hosp,quantile,0.65,627.4798480090628
UMass-flusion_spatial2,34,0,2023-12-30,2023-12-30,wk inc flu hosp,quantile,0.7,652.5643902278355
UMass-flusion_spatial2,34,0,2023-12-30,2023-12-30,wk inc flu hosp,quantile,0.75,667.2725894930238
UMass-flusion_spatial2,34,0,2023-12-30,2023-12-30,wk inc flu hosp,quantile,0.8,686.3253219193089
UMass-flusion_spatial2,34,0,2023-12-30,2023-12-30,wk inc flu hosp,quantile,0.85,705.4866524874565
UMass-flusion_spatial2,34,0,2023-12-30,2023-12-30,wk inc flu hosp,quantile,0.9,729.512973348792
UMass-flusion_spatial2,34,0,2023-12-30,2023-12-30,wk inc flu hosp,quantile,0.95,794.295734515634
UMass-flusion_spatial2,34,0,2023-12-30,2023-12-30,wk inc flu hosp,quantile,0.975,825.8485934641113
UMass-flusion_spatial2,34,0,2023-12-30,2023-12-30,wk inc flu hosp,quantile,0.99,891.5540192275489
UMass-flusion_spatial2,34,1,2024-01-06,2023-12-30,wk inc flu hosp,quantile,0.01,257.7322538663808
UMass-flusion_spatial2,34,1,2024-01-06,2023-12-30,wk inc flu hosp,quantile,0.025,293.5512709085834
UMass-flusion_spatial2,34,1,2024-01-06,2023-12-30,wk inc flu hosp,quantile,0.05,332.9506998385905
UMass-flusion_spatial2,34,1,2024-01-06,2023-12-30,wk inc flu hosp,quantile,0.1,386.18735195181966
UMass-flusion_spatial2,34,1,2024-01-06,2023-12-30,wk inc flu hosp,quantile,0.15,428.2802065158844
UMass-flusion_spatial2,34,1,2024-01-06,2023-12-30,wk inc flu hosp,quantile,0.2,453.64241763610596
UMass-flusion_spatial2,34,1,2024-01-06,2023-12-30,wk inc flu hosp,quantile,0.25,478.63088074866175
UMass-flusion_spatial2,34,1,2024-01-06,2023-12-30,wk inc flu hosp,quantile,0.3,498.54292431871306
UMass-flusion_spatial2,34,1,2024-01-06,2023-12-30,wk inc flu hosp,quantile,0.35,517.6246014900496
UMass-flusion_spatial2,34,1,2024-01-06,2023-12-30,wk inc flu hosp,quantile,0.4,530.6770401258663
UMass-flusion_spatial2,34,1,2024-01-06,2023-12-30,wk inc flu hosp,quantile,0.45,551.3490669240382
UMass-flusion_spatial2,34,1,2024-01-06,2023-12-30,wk inc flu hosp,quantile,0.5,572.9869181194174
UMass-flusion_spatial2,34,1,2024-01-06,2023-12-30,wk inc flu hosp,quantile,0.55,591.1225451121716
UMass-flusion_spatial2,34,1,2024-01-06,2023-12-30,wk inc flu hosp,quantile,0.6,620.1884077084158
UMass-flusion_spatial2,34,1,2024-01-06,2023-12-30,wk inc flu hosp,quantile,0.65,648.4077450080174
UMass-flusion_spatial2,34,1,2024-01-06,2023-12-30,wk inc flu hosp,quantile,0.7,678.2362923505495
UMass-flusion_spatial2,34,1,2024-01-06,2023-12-30,wk inc flu hosp,quantile,0.75,705.6624545794507
UMass-flusion_spatial2,34,1,2024-01-06,2023-12-30,wk inc flu hosp,quantile,0.8,752.58542134157
UMass-flusion_spatial2,34,1,2024-01-06,2023-12-30,wk inc flu hosp,quantile,0.85,793.5415663403968
UMass-flusion_spatial2,34,1,2024-01-06,2023-12-30,wk inc flu hosp,quantile,0.9,849.1333428704236
UMass-flusion_spatial2,34,1,2024-01-06,2023-12-30,wk inc flu hosp,quantile,0.95,931.3773991495948
UMass-flusion_spatial2,34,1,2024-01-06,2023-12-30,wk inc flu hosp,quantile,0.975,1000.7038396329885
UMass-flusion_spatial2,34,1,2024-01-06,2023-12-30,wk inc flu hosp,quantile,0.99,1096.0445882113172
UMass-flusion_spatial2,34,2,2024-01-13,2023-12-30,wk inc flu hosp,quantile,0.01,208.54189504201395
UMass-flusion_spatial2,34,2,2024-01-13,2023-12-30,wk inc flu hosp,quantile,0.025,253.61631030139955
UMass-flusion_spatial2,34,2,2024-01-13,2023-12-30,wk inc flu hosp,quantile,0.05,300.67943380889676
UMass-flusion_spatial2,34,2,2024-01-13,2023-12-30,wk inc flu hosp,quantile,0.1,354.10279208251563
UMass-flusion_spatial2,34,2,2024-01-13,2023-12-30,wk inc flu hosp,quantile,0.15,392.2963543172933
UMass-flusion_spatial2,34,2,2024-01-13,2023-12-30,wk inc flu hosp,quantile,0.2,422.766452362834
UMass-flusion_spatial2,34,2,2024-01-13,2023-12-30,wk inc flu hosp,quantile,0.25,453.9163387932306
UMass-flusion_spatial2,34,2,2024-01-13,2023-12-30,wk inc flu hosp,quantile,0.3,474.1574585866706
UMass-flusion_spatial2,34,2,2024-01-13,2023-12-30,wk inc flu hosp,quantile,0.35,491.61227007125586
UMass-flusion_spatial2,34,2,2024-01-13,2023-12-30,wk inc flu hosp,quantile,0.4,514.9021949157777
UMass-flusion_spatial2,34,2,2024-01-13,2023-12-30,wk inc flu hosp,quantile,0.45,543.7187140810505
UMass-flusion_spatial2,34,2,2024-01-13,2023-12-30,wk inc flu hosp,quantile,0.5,571.727439325233
UMass-flusion_spatial2,34,2,2024-01-13,2023-12-30,wk inc flu hosp,quantile,0.55,594.4719339892891
UMass-flusion_spatial2,34,2,2024-01-13,2023-12-30,wk inc flu hosp,quantile,0.6,615.9933587000596
UMass-flusion_spatial2,34,2,2024-01-13,2023-12-30,wk inc flu hosp,quantile,0.65,641.39581944048
UMass-flusion_spatial2,34,2,2024-01-13,2023-12-30,wk inc flu hosp,quantile,0.7,678.8797145074495
UMass-flusion_spatial2,34,2,2024-01-13,2023-12-30,wk inc flu hosp,quantile,0.75,703.474803807049
UMass-flusion_spatial2,34,2,2024-01-13,2023-12-30,wk inc flu hosp,quantile,0.8,759.5333453688936
UMass-flusion_spatial2,34,2,2024-01-13,2023-12-30,wk inc flu hosp,quantile,0.85,810.5885838162633
UMass-flusion_spatial2,34,2,2024-01-13,2023-12-30,wk inc flu hosp,quantile,0.9,895.2594225695295
UMass-flusion_spatial2,34,2,2024-01-13,2023-12-30,wk inc flu hosp,quantile,0.95,1034.4803886499271
UMass-flusion_spatial2,34,2,2024-01-13,2023-12-30,wk inc flu hosp,quantile,0.975,1134.363506781499
UMass-flusion_spatial2,34,2,2024-01-13,2023-12-30,wk inc flu hosp,quantile,0.99,1288.1383210741344
UMass-flusion_spatial2,34,3,2024-01-20,2023-12-30,wk inc flu hosp,quantile,0.01,171.0697389080249
UMass-flusion_spatial2,34,3,2024-01-20,2023-12-30,wk inc flu hosp,quantile,0.025,219.5133722994351
UMass-flusion_spatial2,34,3,2024-01-20,2023-12-30,wk inc flu hosp,quantile,0.05,257.6944155245664
UMass-flusion_spatial2,34,3,2024-01-20,2023-12-30,wk inc flu hosp,quantile,0.1,312.02142313401237
UMass-flusion_spatial2,34,3,2024-01-20,2023-12-30,wk inc flu hosp,quantile,0.15,355.2983806170338
UMass-flusion_spatial2,34,3,2024-01-20,2023-12-30,wk inc flu hosp,quantile,0.2,385.1796865794673
UMass-flusion_spatial2,34,3,2024-01-20,2023-12-30,wk inc flu hosp,quantile,0.25,418.026017015625
UMass-flusion_spatial2,34,3,2024-01-20,2023-12-30,wk inc flu hosp,quantile,0.3,440.27592428277546
UMass-flusion_spatial2,34,3,2024-01-20,2023-12-30,wk inc flu hosp,quantile,0.35,467.2769244026513
UMass-flusion_spatial2,34,3,2024-01-20,2023-12-30,wk inc flu hosp,quantile,0.4,488.62257266385893
UMass-flusion_spatial2,34,3,2024-01-20,2023-12-30,wk inc flu hosp,quantile,0.45,513.6757944757748
UMass-flusion_spatial2,34,3,2024-01-20,2023-12-30,wk inc flu hosp,quantile,0.5,534.0575036839957
UMass-flusion_spatial2,34,3,2024-01-20,2023-12-30,wk inc flu hosp,quantile,0.55,561.1620301147482
UMass-flusion_spatial2,34,3,2024-01-20,2023-12-30,wk inc flu hosp,quantile,0.6,588.7857112186334
UMass-flusion_spatial2,34,3,2024-01-20,2023-12-30,wk inc flu hosp,quantile,0.65,619.6895272961792
UMass-flusion_spatial2,34,3,2024-01-20,2023-12-30,wk inc flu hosp,quantile,0.7,653.366300581793
UMass-flusion_spatial2,34,3,2024-01-20,2023-12-30,wk inc flu hosp,quantile,0.75,685.9684129896432
UMass-flusion_spatial2,34,3,2024-01-20,2023-12-30,wk inc flu hosp,quantile,0.8,750.0642116946017
UMass-flusion_spatial2,34,3,2024-01-20,2023-12-30,wk inc flu hosp,quantile,0.85,820.8688538878497
UMass-flusion_spatial2,34,3,2024-01-20,2023-12-30,wk inc flu hosp,quantile,0.9,919.0481707831764
UMass-flusion_spatial2,34,3,2024-01-20,2023-12-30,wk inc flu hosp,quantile,0.95,1089.040722955768
UMass-flusion_spatial2,34,3,2024-01-20,2023-12-30,wk inc flu hosp,quantile,0.975,1216.3923693808815
UMass-flusion_spatial2,34,3,2024-01-20,2023-12-30,wk inc flu hosp,quantile,0.99,1401.450572647801
UMass-flusion_spatial2,35,0,2023-12-30,2023-12-30,wk inc flu hosp,quantile,0.01,134.33655477057692
UMass-flusion_spatial2,35,0,2023-12-30,2023-12-30,wk inc flu hosp,quantile,0.025,155.96869969353133
UMass-flusion_spatial2,35,0,2023-12-30,2023-12-30,wk inc flu hosp,quantile,0.05,171.07762869575723
UMass-flusion_spatial2,35,0,2023-12-30,2023-12-30,wk inc flu hosp,quantile,0.1,193.59984272801006
UMass-flusion_spatial2,35,0,2023-12-30,2023-12-30,wk inc flu hosp,quantile,0.15,210.2429300459607
UMass-flusion_spatial2,35,0,2023-12-30,2023-12-30,wk inc flu hosp,quantile,0.2,223.6532183491171
UMass-flusion_spatial2,35,0,2023-12-30,2023-12-30,wk inc flu hosp,quantile,0.25,235.0408903306909
UMass-flusion_spatial2,35,0,2023-12-30,2023-12-30,wk inc flu hosp,quantile,0.3,245.46303954922223
UMass-flusion_spatial2,35,0,2023-12-30,2023-12-30,wk inc flu hosp,quantile,0.35,253.67942663604288
UMass-flusion_spatial2,35,0,2023-12-30,2023-12-30,wk inc flu hosp,quantile,0.4,260.82721154415464
UMass-flusion_spatial2,35,0,2023-12-30,2023-12-30,wk inc flu hosp,quantile,0.45,268.5391824467816
UMass-flusion_spatial2,35,0,2023-12-30,2023-12-30,wk inc flu hosp,quantile,0.5,282.08327116050316
UMass-flusion_spatial2,35,0,2023-12-30,2023-12-30,wk inc flu hosp,quantile,0.55,291.9411682061966
UMass-flusion_spatial2,35,0,2023-12-30,2023-12-30,wk inc flu hosp,quantile,0.6,307.01119632659424
UMass-flusion_spatial2,35,0,2023-12-30,2023-12-30,wk inc flu hosp,quantile,0.65,322.98048776932677
UMass-flusion_spatial2,35,0,2023-12-30,2023-12-30,wk inc flu hosp,quantile,0.7,334.46689283052433
UMass-flusion_spatial2,35,0,2023-12-30,2023-12-30,wk inc flu hosp,quantile,0.75,345.8744543879501
UMass-flusion_spatial2,35,0,2023-12-30,2023-12-30,wk inc flu hosp,quantile,0.8,355.55415718164556
UMass-flusion_spatial2,35,0,2023-12-30,2023-12-30,wk inc flu hosp,quantile,0.85,363.96654308653444
UMass-flusion_spatial2,35,0,2023-12-30,2023-12-30,wk inc flu hosp,quantile,0.9,374.627099729135
UMass-flusion_spatial2,35,0,2023-12-30,2023-12-30,wk inc flu hosp,quantile,0.95,399.14028721364286
UMass-flusion_spatial2,35,0,2023-12-30,2023-12-30,wk inc flu hosp,quantile,0.975,416.3025610002057
UMass-flusion_spatial2,35,0,2023-12-30,2023-12-30,wk inc flu hosp,quantile,0.99,447.21892465059506
UMass-flusion_spatial2,35,1,2024-01-06,2023-12-30,wk inc flu hosp,quantile,0.01,113.64827235870361
UMass-flusion_spatial2,35,1,2024-01-06,2023-12-30,wk inc flu hosp,quantile,0.025,133.2980137935025
UMass-flusion_spatial2,35,1,2024-01-06,2023-12-30,wk inc flu hosp,quantile,0.05,152.5543067763865
UMass-flusion_spatial2,35,1,2024-01-06,2023-12-30,wk inc flu hosp,quantile,0.1,184.99865133904632
UMass-flusion_spatial2,35,1,2024-01-06,2023-12-30,wk inc flu hosp,quantile,0.15,201.32657136795245
UMass-flusion_spatial2,35,1,2024-01-06,2023-12-30,wk inc flu hosp,quantile,0.2,218.37896384307896
UMass-flusion_spatial2,35,1,2024-01-06,2023-12-30,wk inc flu hosp,quantile,0.25,232.1137821664757
UMass-flusion_spatial2,35,1,2024-01-06,2023-12-30,wk inc flu hosp,quantile,0.3,244.3929261984818
UMass-flusion_spatial2,35,1,2024-01-06,2023-12-30,wk inc flu hosp,quantile,0.35,254.16173264096017
UMass-flusion_spatial2,35,1,2024-01-06,2023-12-30,wk inc flu hosp,quantile,0.4,264.44477316283866
UMass-flusion_spatial2,35,1,2024-01-06,2023-12-30,wk inc flu hosp,quantile,0.45,274.3525389570118
UMass-flusion_spatial2,35,1,2024-01-06,2023-12-30,wk inc flu hosp,quantile,0.5,286.88475017663785
UMass-flusion_spatial2,35,1,2024-01-06,2023-12-30,wk inc flu hosp,quantile,0.55,298.33374984134656
UMass-flusion_spatial2,35,1,2024-01-06,2023-12-30,wk inc flu hosp,quantile,0.6,314.00257905410285
UMass-flusion_spatial2,35,1,2024-01-06,2023-12-30,wk inc flu hosp,quantile,0.65,329.61085758191695
UMass-flusion_spatial2,35,1,2024-01-06,2023-12-30,wk inc flu hosp,quantile,0.7,349.1269196265145
UMass-flusion_spatial2,35,1,2024-01-06,2023-12-30,wk inc flu hosp,quantile,0.75,367.93716808926024
UMass-flusion_spatial2,35,1,2024-01-06,2023-12-30,wk inc flu hosp,quantile,0.8,386.89007993025973
UMass-flusion_spatial2,35,1,2024-01-06,2023-12-30,wk inc flu hosp,quantile,0.85,406.14817292511157
UMass-flusion_spatial2,35,1,2024-01-06,2023-12-30,wk inc flu hosp,quantile,0.9,436.3623935211999
UMass-flusion_spatial2,35,1,2024-01-06,2023-12-30,wk inc flu hosp,quantile,0.95,477.29432175500307
UMass-flusion_spatial2,35,1,2024-01-06,2023-12-30,wk inc flu hosp,quantile,0.975,505.3697111337032
UMass-flusion_spatial2,35,1,2024-01-06,2023-12-30,wk inc flu hosp,quantile,0.99,556.7639564780285
UMass-flusion_spatial2,35,2,2024-01-13,2023-12-30,wk inc flu hosp,quantile,0.01,85.71034387592856
UMass-flusion_spatial2,35,2,2024-01-13,2023-12-30,wk inc flu hosp,quantile,0.025,109.17828030341148
UMass-flusion_spatial2,35,2,2024-01-13,2023-12-30,wk inc flu hosp,quantile,0.05,128.68042760144888
UMass-flusion_spatial2,35,2,2024-01-13,2023-12-30,wk inc flu hosp,quantile,0.1,158.8119124386237
UMass-flusion_spatial2,35,2,2024-01-13,2023-12-30,wk inc flu hosp,quantile,0.15,179.83138662063703
UMass-flusion_spatial2,35,2,2024-01-13,2023-12-30,wk inc flu hosp,quantile,0.2,198.28112246800566
UMass-flusion_spatial2,35,2,2024-01-13,2023-12-30,wk inc flu hosp,quantile,0.25,213.64240032865075
UMass-flusion_spatial2,35,2,2024-01-13,2023-12-30,wk inc flu hosp,quantile,0.3,226.23638755098972
UMass-flusion_spatial2,35,2,2024-01-13,2023-12-30,wk inc flu hosp,quantile,0.35,236.3523927690954
UMass-flusion_spatial2,35,2,2024-01-13,2023-12-30,wk inc flu hosp,quantile,0.4,249.82259172988284
UMass-flusion_spatial2,35,2,2024-01-13,2023-12-30,wk inc flu hosp,quantile,0.45,262.938282487795
UMass-flusion_spatial2,35,2,2024-01-13,2023-12-30,wk inc flu hosp,quantile,0.5,275.51159240336233
UMass-flusion_spatial2,35,2,2024-01-13,2023-12-30,wk inc flu hosp,quantile,0.55,290.8986508439253
UMass-flusion_spatial2,35,2,2024-01-13,2023-12-30,wk inc flu hosp,quantile,0.6,306.486577747663
UMass-flusion_spatial2,35,2,2024-01-13,2023-12-30,wk inc flu hosp,quantile,0.65,321.5960078519538
UMass-flusion_spatial2,35,2,2024-01-13,2023-12-30,wk inc flu hosp,quantile,0.7,342.1928522752495
UMass-flusion_spatial2,35,2,2024-01-13,2023-12-30,wk inc flu hosp,quantile,0.75,360.2287608763288
UMass-flusion_spatial2,35,2,2024-01-13,2023-12-30,wk inc flu hosp,quantile,0.8,385.8558678486712
UMass-flusion_spatial2,35,2,2024-01-13,2023-12-30,wk inc flu hosp,quantile,0.85,413.142109695223
UMass-flusion_spatial2,35,2,2024-01-13,2023-12-30,wk inc flu hosp,quantile,0.9,454.8801860518233
UMass-flusion_spatial2,35,2,2024-01-13,2023-12-30,wk inc flu hosp,quantile,0.95,520.4344896782986
UMass-flusion_spatial2,35,2,2024-01-13,2023-12-30,wk inc flu hosp,quantile,0.975,587.6117184222543
UMass-flusion_spatial2,35,2,2024-01-13,2023-12-30,wk inc flu hosp,quantile,0.99,653.1778157440638
UMass-flusion_spatial2,35,3,2024-01-20,2023-12-30,wk inc flu hosp,quantile,0.01,68.55450775593815
UMass-flusion_spatial2,35,3,2024-01-20,2023-12-30,wk inc flu hosp,quantile,0.025,85.53156054588219
UMass-flusion_spatial2,35,3,2024-01-20,2023-12-30,wk inc flu hosp,quantile,0.05,104.63765929178518
UMass-flusion_spatial2,35,3,2024-01-20,2023-12-30,wk inc flu hosp,quantile,0.1,134.86139623606684
UMass-flusion_spatial2,35,3,2024-01-20,2023-12-30,wk inc flu hosp,quantile,0.15,152.8229037999934
UMass-flusion_spatial2,35,3,2024-01-20,2023-12-30,wk inc flu hosp,quantile,0.2,173.1180199568031
UMass-flusion_spatial2,35,3,2024-01-20,2023-12-30,wk inc flu hosp,quantile,0.25,188.29384260619616
UMass-flusion_spatial2,35,3,2024-01-20,2023-12-30,wk inc flu hosp,quantile,0.3,201.75249503645227
UMass-flusion_spatial2,35,3,2024-01-20,2023-12-30,wk inc flu hosp,quantile,0.35,211.50013800894737
UMass-flusion_spatial2,35,3,2024-01-20,2023-12-30,wk inc flu hosp,quantile,0.4,226.37336245331045
UMass-flusion_spatial2,35,3,2024-01-20,2023-12-30,wk inc flu hosp,quantile,0.45,241.9634205681732
UMass-flusion_spatial2,35,3,2024-01-20,2023-12-30,wk inc flu hosp,quantile,0.5,253.8736069477735
UMass-flusion_spatial2,35,3,2024-01-20,2023-12-30,wk inc flu hosp,quantile,0.55,271.30507199161303
UMass-flusion_spatial2,35,3,2024-01-20,2023-12-30,wk inc flu hosp,quantile,0.6,283.36074659614656
UMass-flusion_spatial2,35,3,2024-01-20,2023-12-30,wk inc flu hosp,quantile,0.65,300.5788350207731
UMass-flusion_spatial2,35,3,2024-01-20,2023-12-30,wk inc flu hosp,quantile,0.7,320.1353307365418
UMass-flusion_spatial2,35,3,2024-01-20,2023-12-30,wk inc flu hosp,quantile,0.75,340.1408373388668
UMass-flusion_spatial2,35,3,2024-01-20,2023-12-30,wk inc flu hosp,quantile,0.8,372.6804407854722
UMass-flusion_spatial2,35,3,2024-01-20,2023-12-30,wk inc flu hosp,quantile,0.85,412.843284810591
UMass-flusion_spatial2,35,3,2024-01-20,2023-12-30,wk inc flu hosp,quantile,0.9,468.149475774531
UMass-flusion_spatial2,35,3,2024-01-20,2023-12-30,wk inc flu hosp,quantile,0.95,554.6978011151223
UMass-flusion_spatial2,35,3,2024-01-20,2023-12-30,wk inc flu hosp,quantile,0.975,636.4866788186644
UMass-flusion_spatial2,35,3,2024-01-20,2023-12-30,wk inc flu hosp,quantile,0.99,741.5374669806752
UMass-flusion_spatial2,36,0,2023-12-30,2023-12-30,wk inc flu hosp,quantile,0.01,598.656473461901
UMass-flusion_spatial2,36,0,2023-12-30,2023-12-30,wk inc flu hosp,quantile,0.025,665.3869774239367
UMass-flusion_spatial2,36,0,2023-12-30,2023-12-30,wk inc flu hosp,quantile,0.05,731.3652353549496
UMass-flusion_spatial2,36,0,2023-12-30,2023-12-30,wk inc flu hosp,quantile,0.1,796.145228180817
UMass-flusion_spatial2,36,0,2023-12-30,2023-12-30,wk inc flu hosp,quantile,0.15,847.2023102188703
UMass-flusion_spatial2,36,0,2023-12-30,2023-12-30,wk inc flu hosp,quantile,0.2,888.191300132026
UMass-flusion_spatial2,36,0,2023-12-30,2023-12-30,wk inc flu hosp,quantile,0.25,925.7556785107317
UMass-flusion_spatial2,36,0,2023-12-30,2023-12-30,wk inc flu hosp,quantile,0.3,961.1390378731169
UMass-flusion_spatial2,36,0,2023-12-30,2023-12-30,wk inc flu hosp,quantile,0.35,983.607783641039
UMass-flusion_spatial2,36,0,2023-12-30,2023-12-30,wk inc flu hosp,quantile,0.4,1015.9535453969352
UMass-flusion_spatial2,36,0,2023-12-30,2023-12-30,wk inc flu hosp,quantile,0.45,1046.5287456174453
UMass-flusion_spatial2,36,0,2023-12-30,2023-12-30,wk inc flu hosp,quantile,0.5,1073.406887771141
UMass-flusion_spatial2,36,0,2023-12-30,2023-12-30,wk inc flu hosp,quantile,0.55,1109.419680534349
UMass-flusion_spatial2,36,0,2023-12-30,2023-12-30,wk inc flu hosp,quantile,0.6,1162.6515410821294
UMass-flusion_spatial2,36,0,2023-12-30,2023-12-30,wk inc flu hosp,quantile,0.65,1216.3949213478606
UMass-flusion_spatial2,36,0,2023-12-30,2023-12-30,wk inc flu hosp,quantile,0.7,1245.917413391588
UMass-flusion_spatial2,36,0,2023-12-30,2023-12-30,wk inc flu hosp,quantile,0.75,1273.0598099111946
UMass-flusion_spatial2,36,0,2023-12-30,2023-12-30,wk inc flu hosp,quantile,0.8,1295.1096193348533
UMass-flusion_spatial2,36,0,2023-12-30,2023-12-30,wk inc flu hosp,quantile,0.85,1312.4680425402642
UMass-flusion_spatial2,36,0,2023-12-30,2023-12-30,wk inc flu hosp,quantile,0.9,1350.1333923731484
UMass-flusion_spatial2,36,0,2023-12-30,2023-12-30,wk inc flu hosp,quantile,0.95,1405.1476304331031
UMass-flusion_spatial2,36,0,2023-12-30,2023-12-30,wk inc flu hosp,quantile,0.975,1447.0109990768174
UMass-flusion_spatial2,36,0,2023-12-30,2023-12-30,wk inc flu hosp,quantile,0.99,1572.8320314451862
UMass-flusion_spatial2,36,1,2024-01-06,2023-12-30,wk inc flu hosp,quantile,0.01,516.6377766125356
UMass-flusion_spatial2,36,1,2024-01-06,2023-12-30,wk inc flu hosp,quantile,0.025,579.9871923679876
UMass-flusion_spatial2,36,1,2024-01-06,2023-12-30,wk inc flu hosp,quantile,0.05,654.3948157353952
UMass-flusion_spatial2,36,1,2024-01-06,2023-12-30,wk inc flu hosp,quantile,0.1,743.5259796826097
UMass-flusion_spatial2,36,1,2024-01-06,2023-12-30,wk inc flu hosp,quantile,0.15,808.7674689279681
UMass-flusion_spatial2,36,1,2024-01-06,2023-12-30,wk inc flu hosp,quantile,0.2,853.0893885589801
UMass-flusion_spatial2,36,1,2024-01-06,2023-12-30,wk inc flu hosp,quantile,0.25,888.2558291760602
UMass-flusion_spatial2,36,1,2024-01-06,2023-12-30,wk inc flu hosp,quantile,0.3,929.989982539586
UMass-flusion_spatial2,36,1,2024-01-06,2023-12-30,wk inc flu hosp,quantile,0.35,958.0787751169962
UMass-flusion_spatial2,36,1,2024-01-06,2023-12-30,wk inc flu hosp,quantile,0.4,991.4273413572341
UMass-flusion_spatial2,36,1,2024-01-06,2023-12-30,wk inc flu hosp,quantile,0.45,1023.8280728324868
UMass-flusion_spatial2,36,1,2024-01-06,2023-12-30,wk inc flu hosp,quantile,0.5,1057.5195674656723
UMass-flusion_spatial2,36,1,2024-01-06,2023-12-30,wk inc flu hosp,quantile,0.55,1098.8221572254695
UMass-flusion_spatial2,36,1,2024-01-06,2023-12-30,wk inc flu hosp,quantile,0.6,1150.8571435047202
UMass-flusion_spatial2,36,1,2024-01-06,2023-12-30,wk inc flu hosp,quantile,0.65,1216.4091773805835
UMass-flusion_spatial2,36,1,2024-01-06,2023-12-30,wk inc flu hosp,quantile,0.7,1269.2273818772749
UMass-flusion_spatial2,36,1,2024-01-06,2023-12-30,wk inc flu hosp,quantile,0.75,1307.5347346079543
UMass-flusion_spatial2,36,1,2024-01-06,2023-12-30,wk inc flu hosp,quantile,0.8,1362.4847957594973
UMass-flusion_spatial2,36,1,2024-01-06,2023-12-30,wk inc flu hosp,quantile,0.85,1421.523626225196
UMass-flusion_spatial2,36,1,2024-01-06,2023-12-30,wk inc flu hosp,quantile,0.9,1502.4444621459666
UMass-flusion_spatial2,36,1,2024-01-06,2023-12-30,wk inc flu hosp,quantile,0.95,1610.2166036910403
UMass-flusion_spatial2,36,1,2024-01-06,2023-12-30,wk inc flu hosp,quantile,0.975,1690.0556890142407
UMass-flusion_spatial2,36,1,2024-01-06,2023-12-30,wk inc flu hosp,quantile,0.99,1852.136749627118
UMass-flusion_spatial2,36,2,2024-01-13,2023-12-30,wk inc flu hosp,quantile,0.01,422.9864594869357
UMass-flusion_spatial2,36,2,2024-01-13,2023-12-30,wk inc flu hosp,quantile,0.025,493.40537889929556
UMass-flusion_spatial2,36,2,2024-01-13,2023-12-30,wk inc flu hosp,quantile,0.05,574.8127701618158
UMass-flusion_spatial2,36,2,2024-01-13,2023-12-30,wk inc flu hosp,quantile,0.1,668.2339360894573
UMass-flusion_spatial2,36,2,2024-01-13,2023-12-30,wk inc flu hosp,quantile,0.15,729.0286214065866
UMass-flusion_spatial2,36,2,2024-01-13,2023-12-30,wk inc flu hosp,quantile,0.2,770.8775098397887
UMass-flusion_spatial2,36,2,2024-01-13,2023-12-30,wk inc flu hosp,quantile,0.25,820.5909862932635
UMass-flusion_spatial2,36,2,2024-01-13,2023-12-30,wk inc flu hosp,quantile,0.3,859.4368924923335
UMass-flusion_spatial2,36,2,2024-01-13,2023-12-30,wk inc flu hosp,quantile,0.35,887.6013635405538
UMass-flusion_spatial2,36,2,2024-01-13,2023-12-30,wk inc flu hosp,quantile,0.4,929.1229901833212
UMass-flusion_spatial2,36,2,2024-01-13,2023-12-30,wk inc flu hosp,quantile,0.45,969.4291193064533
UMass-flusion_spatial2,36,2,2024-01-13,2023-12-30,wk inc flu hosp,quantile,0.5,1004.8780895688919
UMass-flusion_spatial2,36,2,2024-01-13,2023-12-30,wk inc flu hosp,quantile,0.55,1051.9842871240814
UMass-flusion_spatial2,36,2,2024-01-13,2023-12-30,wk inc flu hosp,quantile,0.6,1093.0444315741345
UMass-flusion_spatial2,36,2,2024-01-13,2023-12-30,wk inc flu hosp,quantile,0.65,1150.854483846907
UMass-flusion_spatial2,36,2,2024-01-13,2023-12-30,wk inc flu hosp,quantile,0.7,1207.1909469834754
UMass-flusion_spatial2,36,2,2024-01-13,2023-12-30,wk inc flu hosp,quantile,0.75,1256.6786903730867
UMass-flusion_spatial2,36,2,2024-01-13,2023-12-30,wk inc flu hosp,quantile,0.8,1303.6170340481954
UMass-flusion_spatial2,36,2,2024-01-13,2023-12-30,wk inc flu hosp,quantile,0.85,1390.3571312200909
UMass-flusion_spatial2,36,2,2024-01-13,2023-12-30,wk inc flu hosp,quantile,0.9,1505.4545666835354
UMass-flusion_spatial2,36,2,2024-01-13,2023-12-30,wk inc flu hosp,quantile,0.95,1646.9154087202212
UMass-flusion_spatial2,36,2,2024-01-13,2023-12-30,wk inc flu hosp,quantile,0.975,1805.6439267939604
UMass-flusion_spatial2,36,2,2024-01-13,2023-12-30,wk inc flu hosp,quantile,0.99,2069.2468657636064
UMass-flusion_spatial2,36,3,2024-01-20,2023-12-30,wk inc flu hosp,quantile,0.01,348.0470214669126
UMass-flusion_spatial2,36,3,2024-01-20,2023-12-30,wk inc flu hosp,quantile,0.025,404.2062723862931
UMass-flusion_spatial2,36,3,2024-01-20,2023-12-30,wk inc flu hosp,quantile,0.05,487.4215899267894
UMass-flusion_spatial2,36,3,2024-01-20,2023-12-30,wk inc flu hosp,quantile,0.1,575.5675592492942
UMass-flusion_spatial2,36,3,2024-01-20,2023-12-30,wk inc flu hosp,quantile,0.15,635.8197852099142
UMass-flusion_spatial2,36,3,2024-01-20,2023-12-30,wk inc flu hosp,quantile,0.2,680.0351963608011
UMass-flusion_spatial2,36,3,2024-01-20,2023-12-30,wk inc flu hosp,quantile,0.25,731.9443669253515
UMass-flusion_spatial2,36,3,2024-01-20,2023-12-30,wk inc flu hosp,quantile,0.3,767.5420516437944
UMass-flusion_spatial2,36,3,2024-01-20,2023-12-30,wk inc flu hosp,quantile,0.35,801.8646490139763
UMass-flusion_spatial2,36,3,2024-01-20,2023-12-30,wk inc flu hosp,quantile,0.4,842.8190241376858
UMass-flusion_spatial2,36,3,2024-01-20,2023-12-30,wk inc flu hosp,quantile,0.45,893.2639088534264
UMass-flusion_spatial2,36,3,2024-01-20,2023-12-30,wk inc flu hosp,quantile,0.5,922.122910875986
UMass-flusion_spatial2,36,3,2024-01-20,2023-12-30,wk inc flu hosp,quantile,0.55,952.8458539002182
UMass-flusion_spatial2,36,3,2024-01-20,2023-12-30,wk inc flu hosp,quantile,0.6,1006.4503627748567
UMass-flusion_spatial2,36,3,2024-01-20,2023-12-30,wk inc flu hosp,quantile,0.65,1047.0133504066725
UMass-flusion_spatial2,36,3,2024-01-20,2023-12-30,wk inc flu hosp,quantile,0.7,1097.266637384946
UMass-flusion_spatial2,36,3,2024-01-20,2023-12-30,wk inc flu hosp,quantile,0.75,1151.451741719149
UMass-flusion_spatial2,36,3,2024-01-20,2023-12-30,wk inc flu hosp,quantile,0.8,1232.1643799822273
UMass-flusion_spatial2,36,3,2024-01-20,2023-12-30,wk inc flu hosp,quantile,0.85,1324.160265400415
UMass-flusion_spatial2,36,3,2024-01-20,2023-12-30,wk inc flu hosp,quantile,0.9,1485.7673081560438
UMass-flusion_spatial2,36,3,2024-01-20,2023-12-30,wk inc flu hosp,quantile,0.95,1691.4238287571811
UMass-flusion_spatial2,36,3,2024-01-20,2023-12-30,wk inc flu hosp,quantile,0.975,1872.5048599557813
UMass-flusion_spatial2,36,3,2024-01-20,2023-12-30,wk inc flu hosp,quantile,0.99,2118.2488596440435
UMass-flusion_spatial2,37,0,2023-12-30,2023-12-30,wk inc flu hosp,quantile,0.01,465.164404345266
UMass-flusion_spatial2,37,0,2023-12-30,2023-12-30,wk inc flu hosp,quantile,0.025,503.3519269545245
UMass-flusion_spatial2,37,0,2023-12-30,2023-12-30,wk inc flu hosp,quantile,0.05,555.0220291477735
UMass-flusion_spatial2,37,0,2023-12-30,2023-12-30,wk inc flu hosp,quantile,0.1,604.7110603308381
UMass-flusion_spatial2,37,0,2023-12-30,2023-12-30,wk inc flu hosp,quantile,0.15,631.5360476065857
UMass-flusion_spatial2,37,0,2023-12-30,2023-12-30,wk inc flu hosp,quantile,0.2,654.9317480969421
UMass-flusion_spatial2,37,0,2023-12-30,2023-12-30,wk inc flu hosp,quantile,0.25,677.9103718339802
UMass-flusion_spatial2,37,0,2023-12-30,2023-12-30,wk inc flu hosp,quantile,0.3,697.701210323353
UMass-flusion_spatial2,37,0,2023-12-30,2023-12-30,wk inc flu hosp,quantile,0.35,716.1829755095587
UMass-flusion_spatial2,37,0,2023-12-30,2023-12-30,wk inc flu hosp,quantile,0.4,730.8561318320715
UMass-flusion_spatial2,37,0,2023-12-30,2023-12-30,wk inc flu hosp,quantile,0.45,743.8467068781297
UMass-flusion_spatial2,37,0,2023-12-30,2023-12-30,wk inc flu hosp,quantile,0.5,755.8479007739661
UMass-flusion_spatial2,37,0,2023-12-30,2023-12-30,wk inc flu hosp,quantile,0.55,778.4857448564528
UMass-flusion_spatial2,37,0,2023-12-30,2023-12-30,wk inc flu hosp,quantile,0.6,809.0138680141522
UMass-flusion_spatial2,37,0,2023-12-30,2023-12-30,wk inc flu hosp,quantile,0.65,849.0523884318598
UMass-flusion_spatial2,37,0,2023-12-30,2023-12-30,wk inc flu hosp,quantile,0.7,878.5141941187205
UMass-flusion_spatial2,37,0,2023-12-30,2023-12-30,wk inc flu hosp,quantile,0.75,896.6074413988003
UMass-flusion_spatial2,37,0,2023-12-30,2023-12-30,wk inc flu hosp,quantile,0.8,924.6788198518043
UMass-flusion_spatial2,37,0,2023-12-30,2023-12-30,wk inc flu hosp,quantile,0.85,943.2204938197729
UMass-flusion_spatial2,37,0,2023-12-30,2023-12-30,wk inc flu hosp,quantile,0.9,979.17280857778
UMass-flusion_spatial2,37,0,2023-12-30,2023-12-30,wk inc flu hosp,quantile,0.95,1036.053153332478
UMass-flusion_spatial2,37,0,2023-12-30,2023-12-30,wk inc flu hosp,quantile,0.975,1086.6060703002515
UMass-flusion_spatial2,37,0,2023-12-30,2023-12-30,wk inc flu hosp,quantile,0.99,1164.15924015287
UMass-flusion_spatial2,37,1,2024-01-06,2023-12-30,wk inc flu hosp,quantile,0.01,408.07616846526986
UMass-flusion_spatial2,37,1,2024-01-06,2023-12-30,wk inc flu hosp,quantile,0.025,442.27991600287396
UMass-flusion_spatial2,37,1,2024-01-06,2023-12-30,wk inc flu hosp,quantile,0.05,498.753359588889
UMass-flusion_spatial2,37,1,2024-01-06,2023-12-30,wk inc flu hosp,quantile,0.1,550.1073839622113
UMass-flusion_spatial2,37,1,2024-01-06,2023-12-30,wk inc flu hosp,quantile,0.15,582.6860964829341
UMass-flusion_spatial2,37,1,2024-01-06,2023-12-30,wk inc flu hosp,quantile,0.2,613.1660683472563
UMass-flusion_spatial2,37,1,2024-01-06,2023-12-30,wk inc flu hosp,quantile,0.25,636.2483304622789
UMass-flusion_spatial2,37,1,2024-01-06,2023-12-30,wk inc flu hosp,quantile,0.3,657.9301658348636
UMass-flusion_spatial2,37,1,2024-01-06,2023-12-30,wk inc flu hosp,quantile,0.35,678.990992776687
UMass-flusion_spatial2,37,1,2024-01-06,2023-12-30,wk inc flu hosp,quantile,0.4,700.1594690930926
UMass-flusion_spatial2,37,1,2024-01-06,2023-12-30,wk inc flu hosp,quantile,0.45,723.3463540047428
UMass-flusion_spatial2,37,1,2024-01-06,2023-12-30,wk inc flu hosp,quantile,0.5,745.546772807917
UMass-flusion_spatial2,37,1,2024-01-06,2023-12-30,wk inc flu hosp,quantile,0.55,772.2082244592737
UMass-flusion_spatial2,37,1,2024-01-06,2023-12-30,wk inc flu hosp,quantile,0.6,798.5169446240893
UMass-flusion_spatial2,37,1,2024-01-06,2023-12-30,wk inc flu hosp,quantile,0.65,841.6026338805461
UMass-flusion_spatial2,37,1,2024-01-06,2023-12-30,wk inc flu hosp,quantile,0.7,875.9183420604719
UMass-flusion_spatial2,37,1,2024-01-06,2023-12-30,wk inc flu hosp,quantile,0.75,915.7391452627171
UMass-flusion_spatial2,37,1,2024-01-06,2023-12-30,wk inc flu hosp,quantile,0.8,958.1363761832895
UMass-flusion_spatial2,37,1,2024-01-06,2023-12-30,wk inc flu hosp,quantile,0.85,996.5347533859529
UMass-flusion_spatial2,37,1,2024-01-06,2023-12-30,wk inc flu hosp,quantile,0.9,1066.2886423869536
UMass-flusion_spatial2,37,1,2024-01-06,2023-12-30,wk inc flu hosp,quantile,0.95,1163.906235329512
UMass-flusion_spatial2,37,1,2024-01-06,2023-12-30,wk inc flu hosp,quantile,0.975,1248.9474668433786
UMass-flusion_spatial2,37,1,2024-01-06,2023-12-30,wk inc flu hosp,quantile,0.99,1356.5818417743885
UMass-flusion_spatial2,37,2,2024-01-13,2023-12-30,wk inc flu hosp,quantile,0.01,327.5234975690012
UMass-flusion_spatial2,37,2,2024-01-13,2023-12-30,wk inc flu hosp,quantile,0.025,363.15610166776696
UMass-flusion_spatial2,37,2,2024-01-13,2023-12-30,wk inc flu hosp,quantile,0.05,418.5917628949783
UMass-flusion_spatial2,37,2,2024-01-13,2023-12-30,wk inc flu hosp,quantile,0.1,474.5695488711757
UMass-flusion_spatial2,37,2,2024-01-13,2023-12-30,wk inc flu hosp,quantile,0.15,508.16452118728427
UMass-flusion_spatial2,37,2,2024-01-13,2023-12-30,wk inc flu hosp,quantile,0.2,541.4380502391967
UMass-flusion_spatial2,37,2,2024-01-13,2023-12-30,wk inc flu hosp,quantile,0.25,565.7242135823723
UMass-flusion_spatial2,37,2,2024-01-13,2023-12-30,wk inc flu hosp,quantile,0.3,589.745377323855
UMass-flusion_spatial2,37,2,2024-01-13,2023-12-30,wk inc flu hosp,quantile,0.35,616.4976349395706
UMass-flusion_spatial2,37,2,2024-01-13,2023-12-30,wk inc flu hosp,quantile,0.4,641.1558699001699
UMass-flusion_spatial2,37,2,2024-01-13,2023-12-30,wk inc flu hosp,quantile,0.45,669.069128727378
UMass-flusion_spatial2,37,2,2024-01-13,2023-12-30,wk inc flu hosp,quantile,0.5,686.6531704351194
UMass-flusion_spatial2,37,2,2024-01-13,2023-12-30,wk inc flu hosp,quantile,0.55,715.1299120548895
UMass-flusion_spatial2,37,2,2024-01-13,2023-12-30,wk inc flu hosp,quantile,0.6,753.8713758244844
UMass-flusion_spatial2,37,2,2024-01-13,2023-12-30,wk inc flu hosp,quantile,0.65,792.7092246680237
UMass-flusion_spatial2,37,2,2024-01-13,2023-12-30,wk inc flu hosp,quantile,0.7,826.9007714208128
UMass-flusion_spatial2,37,2,2024-01-13,2023-12-30,wk inc flu hosp,quantile,0.75,868.0150005769909
UMass-flusion_spatial2,37,2,2024-01-13,2023-12-30,wk inc flu hosp,quantile,0.8,932.7076852414476
UMass-flusion_spatial2,37,2,2024-01-13,2023-12-30,wk inc flu hosp,quantile,0.85,983.7686995774911
UMass-flusion_spatial2,37,2,2024-01-13,2023-12-30,wk inc flu hosp,quantile,0.9,1069.8250567148082
UMass-flusion_spatial2,37,2,2024-01-13,2023-12-30,wk inc flu hosp,quantile,0.95,1198.9560529775922
UMass-flusion_spatial2,37,2,2024-01-13,2023-12-30,wk inc flu hosp,quantile,0.975,1324.5210731755042
UMass-flusion_spatial2,37,2,2024-01-13,2023-12-30,wk inc flu hosp,quantile,0.99,1477.1168361111172
UMass-flusion_spatial2,37,3,2024-01-20,2023-12-30,wk inc flu hosp,quantile,0.01,262.52720111604117
UMass-flusion_spatial2,37,3,2024-01-20,2023-12-30,wk inc flu hosp,quantile,0.025,302.5916545992196
UMass-flusion_spatial2,37,3,2024-01-20,2023-12-30,wk inc flu hosp,quantile,0.05,350.65301562016805
UMass-flusion_spatial2,37,3,2024-01-20,2023-12-30,wk inc flu hosp,quantile,0.1,405.5410725466568
UMass-flusion_spatial2,37,3,2024-01-20,2023-12-30,wk inc flu hosp,quantile,0.15,438.62284787873534
UMass-flusion_spatial2,37,3,2024-01-20,2023-12-30,wk inc flu hosp,quantile,0.2,467.9960759248594
UMass-flusion_spatial2,37,3,2024-01-20,2023-12-30,wk inc flu hosp,quantile,0.25,495.89487061374916
UMass-flusion_spatial2,37,3,2024-01-20,2023-12-30,wk inc flu hosp,quantile,0.3,528.8597343902356
UMass-flusion_spatial2,37,3,2024-01-20,2023-12-30,wk inc flu hosp,quantile,0.35,548.8484788375779
UMass-flusion_spatial2,37,3,2024-01-20,2023-12-30,wk inc flu hosp,quantile,0.4,581.537674821686
UMass-flusion_spatial2,37,3,2024-01-20,2023-12-30,wk inc flu hosp,quantile,0.45,610.1126309348285
UMass-flusion_spatial2,37,3,2024-01-20,2023-12-30,wk inc flu hosp,quantile,0.5,630.6322147059169
UMass-flusion_spatial2,37,3,2024-01-20,2023-12-30,wk inc flu hosp,quantile,0.55,659.9501766637909
UMass-flusion_spatial2,37,3,2024-01-20,2023-12-30,wk inc flu hosp,quantile,0.6,696.5573319177859
UMass-flusion_spatial2,37,3,2024-01-20,2023-12-30,wk inc flu hosp,quantile,0.65,746.7949481296316
UMass-flusion_spatial2,37,3,2024-01-20,2023-12-30,wk inc flu hosp,quantile,0.7,783.2241495168239
UMass-flusion_spatial2,37,3,2024-01-20,2023-12-30,wk inc flu hosp,quantile,0.75,825.6682767378306
UMass-flusion_spatial2,37,3,2024-01-20,2023-12-30,wk inc flu hosp,quantile,0.8,889.8647307222154
UMass-flusion_spatial2,37,3,2024-01-20,2023-12-30,wk inc flu hosp,quantile,0.85,961.56977269854
UMass-flusion_spatial2,37,3,2024-01-20,2023-12-30,wk inc flu hosp,quantile,0.9,1083.739648432811
UMass-flusion_spatial2,37,3,2024-01-20,2023-12-30,wk inc flu hosp,quantile,0.95,1231.2692022670944
UMass-flusion_spatial2,37,3,2024-01-20,2023-12-30,wk inc flu hosp,quantile,0.975,1374.2251357661476
UMass-flusion_spatial2,37,3,2024-01-20,2023-12-30,wk inc flu hosp,quantile,0.99,1558.0455155148
UMass-flusion_spatial2,38,0,2023-12-30,2023-12-30,wk inc flu hosp,quantile,0.01,8.044893280133682
UMass-flusion_spatial2,38,0,2023-12-30,2023-12-30,wk inc flu hosp,quantile,0.025,11.020930807580378
UMass-flusion_spatial2,38,0,2023-12-30,2023-12-30,wk inc flu hosp,quantile,0.05,13.65507773174209
UMass-flusion_spatial2,38,0,2023-12-30,2023-12-30,wk inc flu hosp,quantile,0.1,17.139817864245142
UMass-flusion_spatial2,38,0,2023-12-30,2023-12-30,wk inc flu hosp,quantile,0.15,20.483900512297865
UMass-flusion_spatial2,38,0,2023-12-30,2023-12-30,wk inc flu hosp,quantile,0.2,22.951922288642706
UMass-flusion_spatial2,38,0,2023-12-30,2023-12-30,wk inc flu hosp,quantile,0.25,25.464974336124982
UMass-flusion_spatial2,38,0,2023-12-30,2023-12-30,wk inc flu hosp,quantile,0.3,27.209928840635907
UMass-flusion_spatial2,38,0,2023-12-30,2023-12-30,wk inc flu hosp,quantile,0.35,28.652307330567226
UMass-flusion_spatial2,38,0,2023-12-30,2023-12-30,wk inc flu hosp,quantile,0.4,29.48093653414795
UMass-flusion_spatial2,38,0,2023-12-30,2023-12-30,wk inc flu hosp,quantile,0.45,31.209661991605383
UMass-flusion_spatial2,38,0,2023-12-30,2023-12-30,wk inc flu hosp,quantile,0.5,32.66000349762661
UMass-flusion_spatial2,38,0,2023-12-30,2023-12-30,wk inc flu hosp,quantile,0.55,33.95691523018741
UMass-flusion_spatial2,38,0,2023-12-30,2023-12-30,wk inc flu hosp,quantile,0.6,35.2983403807918
UMass-flusion_spatial2,38,0,2023-12-30,2023-12-30,wk inc flu hosp,quantile,0.65,37.1882465411883
UMass-flusion_spatial2,38,0,2023-12-30,2023-12-30,wk inc flu hosp,quantile,0.7,38.64927071379485
UMass-flusion_spatial2,38,0,2023-12-30,2023-12-30,wk inc flu hosp,quantile,0.75,40.56678870916117
UMass-flusion_spatial2,38,0,2023-12-30,2023-12-30,wk inc flu hosp,quantile,0.8,42.518702340673784
UMass-flusion_spatial2,38,0,2023-12-30,2023-12-30,wk inc flu hosp,quantile,0.85,44.5999644030256
UMass-flusion_spatial2,38,0,2023-12-30,2023-12-30,wk inc flu hosp,quantile,0.9,47.988862822428636
UMass-flusion_spatial2,38,0,2023-12-30,2023-12-30,wk inc flu hosp,quantile,0.95,54.05086287753208
UMass-flusion_spatial2,38,0,2023-12-30,2023-12-30,wk inc flu hosp,quantile,0.975,58.88036635048192
UMass-flusion_spatial2,38,0,2023-12-30,2023-12-30,wk inc flu hosp,quantile,0.99,65.4943098773769
UMass-flusion_spatial2,38,1,2024-01-06,2023-12-30,wk inc flu hosp,quantile,0.01,5.069512895045909
UMass-flusion_spatial2,38,1,2024-01-06,2023-12-30,wk inc flu hosp,quantile,0.025,8.20894930007157
UMass-flusion_spatial2,38,1,2024-01-06,2023-12-30,wk inc flu hosp,quantile,0.05,10.7629460057139
UMass-flusion_spatial2,38,1,2024-01-06,2023-12-30,wk inc flu hosp,quantile,0.1,15.118137739707237
UMass-flusion_spatial2,38,1,2024-01-06,2023-12-30,wk inc flu hosp,quantile,0.15,19.018192294732682
UMass-flusion_spatial2,38,1,2024-01-06,2023-12-30,wk inc flu hosp,quantile,0.2,22.129772447650666
UMass-flusion_spatial2,38,1,2024-01-06,2023-12-30,wk inc flu hosp,quantile,0.25,25.064100625482386
UMass-flusion_spatial2,38,1,2024-01-06,2023-12-30,wk inc flu hosp,quantile,0.3,27.30256504020293
UMass-flusion_spatial2,38,1,2024-01-06,2023-12-30,wk inc flu hosp,quantile,0.35,29.208007590861282
UMass-flusion_spatial2,38,1,2024-01-06,2023-12-30,wk inc flu hosp,quantile,0.4,30.49406181475662
UMass-flusion_spatial2,38,1,2024-01-06,2023-12-30,wk inc flu hosp,quantile,0.45,32.74285513825349
UMass-flusion_spatial2,38,1,2024-01-06,2023-12-30,wk inc flu hosp,quantile,0.5,35.386703938064024
UMass-flusion_spatial2,38,1,2024-01-06,2023-12-30,wk inc flu hosp,quantile,0.55,37.367187560754545
UMass-flusion_spatial2,38,1,2024-01-06,2023-12-30,wk inc flu hosp,quantile,0.6,39.83920866269949
UMass-flusion_spatial2,38,1,2024-01-06,2023-12-30,wk inc flu hosp,quantile,0.65,42.36176886082454
UMass-flusion_spatial2,38,1,2024-01-06,2023-12-30,wk inc flu hosp,quantile,0.7,45.04901646486291
UMass-flusion_spatial2,38,1,2024-01-06,2023-12-30,wk inc flu hosp,quantile,0.75,48.2489585880795
UMass-flusion_spatial2,38,1,2024-01-06,2023-12-30,wk inc flu hosp,quantile,0.8,51.38380326005576
UMass-flusion_spatial2,38,1,2024-01-06,2023-12-30,wk inc flu hosp,quantile,0.85,55.41101132034991
UMass-flusion_spatial2,38,1,2024-01-06,2023-12-30,wk inc flu hosp,quantile,0.9,61.256997912276155
UMass-flusion_spatial2,38,1,2024-01-06,2023-12-30,wk inc flu hosp,quantile,0.95,71.39475697849588
UMass-flusion_spatial2,38,1,2024-01-06,2023-12-30,wk inc flu hosp,quantile,0.975,76.9259793432726
UMass-flusion_spatial2,38,1,2024-01-06,2023-12-30,wk inc flu hosp,quantile,0.99,88.83013963140866
UMass-flusion_spatial2,38,2,2024-01-13,2023-12-30,wk inc flu hosp,quantile,0.01,3.2868392491226412
UMass-flusion_spatial2,38,2,2024-01-13,2023-12-30,wk inc flu hosp,quantile,0.025,5.9159833596119
UMass-flusion_spatial2,38,2,2024-01-13,2023-12-30,wk inc flu hosp,quantile,0.05,8.99814463590695
UMass-flusion_spatial2,38,2,2024-01-13,2023-12-30,wk inc flu hosp,quantile,0.1,13.305613946453665
UMass-flusion_spatial2,38,2,2024-01-13,2023-12-30,wk inc flu hosp,quantile,0.15,17.231308023036135
UMass-flusion_spatial2,38,2,2024-01-13,2023-12-30,wk inc flu hosp,quantile,0.2,20.56565231601771
UMass-flusion_spatial2,38,2,2024-01-13,2023-12-30,wk inc flu hosp,quantile,0.25,23.65612381286418
UMass-flusion_spatial2,38,2,2024-01-13,2023-12-30,wk inc flu hosp,quantile,0.3,26.009367923349238
UMass-flusion_spatial2,38,2,2024-01-13,2023-12-30,wk inc flu hosp,quantile,0.35,28.48952067513644
UMass-flusion_spatial2,38,2,2024-01-13,2023-12-30,wk inc flu hosp,quantile,0.4,30.822165434374952
UMass-flusion_spatial2,38,2,2024-01-13,2023-12-30,wk inc flu hosp,quantile,0.45,33.583669593890505
UMass-flusion_spatial2,38,2,2024-01-13,2023-12-30,wk inc flu hosp,quantile,0.5,35.93210588885303
UMass-flusion_spatial2,38,2,2024-01-13,2023-12-30,wk inc flu hosp,quantile,0.55,38.41919306862896
UMass-flusion_spatial2,38,2,2024-01-13,2023-12-30,wk inc flu hosp,quantile,0.6,41.15028793656434
UMass-flusion_spatial2,38,2,2024-01-13,2023-12-30,wk inc flu hosp,quantile,0.65,45.15384076279098
UMass-flusion_spatial2,38,2,2024-01-13,2023-12-30,wk inc flu hosp,quantile,0.7,48.337308616083234
UMass-flusion_spatial2,38,2,2024-01-13,2023-12-30,wk inc flu hosp,quantile,0.75,52.26905241457726
UMass-flusion_spatial2,38,2,2024-01-13,2023-12-30,wk inc flu hosp,quantile,0.8,57.461275323298224
UMass-flusion_spatial2,38,2,2024-01-13,2023-12-30,wk inc flu hosp,quantile,0.85,62.35261135187632
UMass-flusion_spatial2,38,2,2024-01-13,2023-12-30,wk inc flu hosp,quantile,0.9,71.65461200812379
UMass-flusion_spatial2,38,2,2024-01-13,2023-12-30,wk inc flu hosp,quantile,0.95,84.84482858289661
UMass-flusion_spatial2,38,2,2024-01-13,2023-12-30,wk inc flu hosp,quantile,0.975,96.6645885276144
UMass-flusion_spatial2,38,2,2024-01-13,2023-12-30,wk inc flu hosp,quantile,0.99,113.80748110427622
UMass-flusion_spatial2,38,3,2024-01-20,2023-12-30,wk inc flu hosp,quantile,0.01,2.830016799276182
UMass-flusion_spatial2,38,3,2024-01-20,2023-12-30,wk inc flu hosp,quantile,0.025,4.925812051559132
UMass-flusion_spatial2,38,3,2024-01-20,2023-12-30,wk inc flu hosp,quantile,0.05,7.586319238220053
UMass-flusion_spatial2,38,3,2024-01-20,2023-12-30,wk inc flu hosp,quantile,0.1,11.71187190375777
UMass-flusion_spatial2,38,3,2024-01-20,2023-12-30,wk inc flu hosp,quantile,0.15,15.753605062644201
UMass-flusion_spatial2,38,3,2024-01-20,2023-12-30,wk inc flu hosp,quantile,0.2,19.070369014356544
UMass-flusion_spatial2,38,3,2024-01-20,2023-12-30,wk inc flu hosp,quantile,0.25,21.99478377535327
UMass-flusion_spatial2,38,3,2024-01-20,2023-12-30,wk inc flu hosp,quantile,0.3,24.679552658758766
UMass-flusion_spatial2,38,3,2024-01-20,2023-12-30,wk inc flu hosp,quantile,0.35,26.87391430317219
UMass-flusion_spatial2,38,3,2024-01-20,2023-12-30,wk inc flu hosp,quantile,0.4,29.583349160679063
UMass-flusion_spatial2,38,3,2024-01-20,2023-12-30,wk inc flu hosp,quantile,0.45,32.71826243094524
UMass-flusion_spatial2,38,3,2024-01-20,2023-12-30,wk inc flu hosp,quantile,0.5,35.8523275359899
UMass-flusion_spatial2,38,3,2024-01-20,2023-12-30,wk inc flu hosp,quantile,0.55,38.648173086443386
UMass-flusion_spatial2,38,3,2024-01-20,2023-12-30,wk inc flu hosp,quantile,0.6,42.42165611167739
UMass-flusion_spatial2,38,3,2024-01-20,2023-12-30,wk inc flu hosp,quantile,0.65,47.101055747942056
UMass-flusion_spatial2,38,3,2024-01-20,2023-12-30,wk inc flu hosp,quantile,0.7,50.35357885552557
UMass-flusion_spatial2,38,3,2024-01-20,2023-12-30,wk inc flu hosp,quantile,0.75,55.842887712247816
UMass-flusion_spatial2,38,3,2024-01-20,2023-12-30,wk inc flu hosp,quantile,0.8,61.15633281454642
UMass-flusion_spatial2,38,3,2024-01-20,2023-12-30,wk inc flu hosp,quantile,0.85,68.61697912044792
UMass-flusion_spatial2,38,3,2024-01-20,2023-12-30,wk inc flu hosp,quantile,0.9,80.84542494315292
UMass-flusion_spatial2,38,3,2024-01-20,2023-12-30,wk inc flu hosp,quantile,0.95,95.60301257842595
UMass-flusion_spatial2,38,3,2024-01-20,2023-12-30,wk inc flu hosp,quantile,0.975,112.69866549541587
UMass-flusion_spatial2,38,3,2024-01-20,2023-12-30,wk inc flu hosp,quantile,0.99,137.43130220915666
UMass-flusion_spatial2,39,0,2023-12-30,2023-12-30,wk inc flu hosp,quantile,0.01,263.42719389748953
UMass-flusion_spatial2,39,0,2023-12-30,2023-12-30,wk inc flu hosp,quantile,0.025,293.4636898850215
UMass-flusion_spatial2,39,0,2023-12-30,2023-12-30,wk inc flu hosp,quantile,0.05,326.36797801611306
UMass-flusion_spatial2,39,0,2023-12-30,2023-12-30,wk inc flu hosp,quantile,0.1,362.8892566930865
UMass-flusion_spatial2,39,0,2023-12-30,2023-12-30,wk inc flu hosp,quantile,0.15,394.337084280526
UMass-flusion_spatial2,39,0,2023-12-30,2023-12-30,wk inc flu hosp,quantile,0.2,423.3215027877767
UMass-flusion_spatial2,39,0,2023-12-30,2023-12-30,wk inc flu hosp,quantile,0.25,446.4052818699462
UMass-flusion_spatial2,39,0,2023-12-30,2023-12-30,wk inc flu hosp,quantile,0.3,464.4610300949309
UMass-flusion_spatial2,39,0,2023-12-30,2023-12-30,wk inc flu hosp,quantile,0.35,474.9696755990532
UMass-flusion_spatial2,39,0,2023-12-30,2023-12-30,wk inc flu hosp,quantile,0.4,480.6318156743557
UMass-flusion_spatial2,39,0,2023-12-30,2023-12-30,wk inc flu hosp,quantile,0.45,503.4076323261486
UMass-flusion_spatial2,39,0,2023-12-30,2023-12-30,wk inc flu hosp,quantile,0.5,518.906576493002
UMass-flusion_spatial2,39,0,2023-12-30,2023-12-30,wk inc flu hosp,quantile,0.55,533.7770749427891
UMass-flusion_spatial2,39,0,2023-12-30,2023-12-30,wk inc flu hosp,quantile,0.6,554.0575377103587
UMass-flusion_spatial2,39,0,2023-12-30,2023-12-30,wk inc flu hosp,quantile,0.65,573.0280593406478
UMass-flusion_spatial2,39,0,2023-12-30,2023-12-30,wk inc flu hosp,quantile,0.7,582.6635011505642
UMass-flusion_spatial2,39,0,2023-12-30,2023-12-30,wk inc flu hosp,quantile,0.75,588.552784884741
UMass-flusion_spatial2,39,0,2023-12-30,2023-12-30,wk inc flu hosp,quantile,0.8,599.8189873476355
UMass-flusion_spatial2,39,0,2023-12-30,2023-12-30,wk inc flu hosp,quantile,0.85,612.6247214976574
UMass-flusion_spatial2,39,0,2023-12-30,2023-12-30,wk inc flu hosp,quantile,0.9,624.5516979422421
UMass-flusion_spatial2,39,0,2023-12-30,2023-12-30,wk inc flu hosp,quantile,0.95,660.710951957754
UMass-flusion_spatial2,39,0,2023-12-30,2023-12-30,wk inc flu hosp,quantile,0.975,696.5568965301538
UMass-flusion_spatial2,39,0,2023-12-30,2023-12-30,wk inc flu hosp,quantile,0.99,756.5035453923817
UMass-flusion_spatial2,39,1,2024-01-06,2023-12-30,wk inc flu hosp,quantile,0.01,226.1461017184804
UMass-flusion_spatial2,39,1,2024-01-06,2023-12-30,wk inc flu hosp,quantile,0.025,263.0298792444662
UMass-flusion_spatial2,39,1,2024-01-06,2023-12-30,wk inc flu hosp,quantile,0.05,296.934593795614
UMass-flusion_spatial2,39,1,2024-01-06,2023-12-30,wk inc flu hosp,quantile,0.1,348.67711701461195
UMass-flusion_spatial2,39,1,2024-01-06,2023-12-30,wk inc flu hosp,quantile,0.15,388.50619193641285
UMass-flusion_spatial2,39,1,2024-01-06,2023-12-30,wk inc flu hosp,quantile,0.2,417.46287570157165
UMass-flusion_spatial2,39,1,2024-01-06,2023-12-30,wk inc flu hosp,quantile,0.25,445.0029726371163
UMass-flusion_spatial2,39,1,2024-01-06,2023-12-30,wk inc flu hosp,quantile,0.3,464.40523112750054
UMass-flusion_spatial2,39,1,2024-01-06,2023-12-30,wk inc flu hosp,quantile,0.35,479.02300343618685
UMass-flusion_spatial2,39,1,2024-01-06,2023-12-30,wk inc flu hosp,quantile,0.4,491.5853544540528
UMass-flusion_spatial2,39,1,2024-01-06,2023-12-30,wk inc flu hosp,quantile,0.45,519.1394972278622
UMass-flusion_spatial2,39,1,2024-01-06,2023-12-30,wk inc flu hosp,quantile,0.5,540.9786962295419
UMass-flusion_spatial2,39,1,2024-01-06,2023-12-30,wk inc flu hosp,quantile,0.55,568.6123877524665
UMass-flusion_spatial2,39,1,2024-01-06,2023-12-30,wk inc flu hosp,quantile,0.6,594.0835850549528
UMass-flusion_spatial2,39,1,2024-01-06,2023-12-30,wk inc flu hosp,quantile,0.65,617.1141535658608
UMass-flusion_spatial2,39,1,2024-01-06,2023-12-30,wk inc flu hosp,quantile,0.7,635.1129121360241
UMass-flusion_spatial2,39,1,2024-01-06,2023-12-30,wk inc flu hosp,quantile,0.75,646.4802729079747
UMass-flusion_spatial2,39,1,2024-01-06,2023-12-30,wk inc flu hosp,quantile,0.8,671.4858566720972
UMass-flusion_spatial2,39,1,2024-01-06,2023-12-30,wk inc flu hosp,quantile,0.85,692.9629253283816
UMass-flusion_spatial2,39,1,2024-01-06,2023-12-30,wk inc flu hosp,quantile,0.9,740.577649062365
UMass-flusion_spatial2,39,1,2024-01-06,2023-12-30,wk inc flu hosp,quantile,0.95,804.291407866435
UMass-flusion_spatial2,39,1,2024-01-06,2023-12-30,wk inc flu hosp,quantile,0.975,856.8626000712934
UMass-flusion_spatial2,39,1,2024-01-06,2023-12-30,wk inc flu hosp,quantile,0.99,955.8000356198793
UMass-flusion_spatial2,39,2,2024-01-13,2023-12-30,wk inc flu hosp,quantile,0.01,195.52890060881737
UMass-flusion_spatial2,39,2,2024-01-13,2023-12-30,wk inc flu hosp,quantile,0.025,231.09058613908599
UMass-flusion_spatial2,39,2,2024-01-13,2023-12-30,wk inc flu hosp,quantile,0.05,272.3520758371378
UMass-flusion_spatial2,39,2,2024-01-13,2023-12-30,wk inc flu hosp,quantile,0.1,324.5574013763969
UMass-flusion_spatial2,39,2,2024-01-13,2023-12-30,wk inc flu hosp,quantile,0.15,360.99273941789363
UMass-flusion_spatial2,39,2,2024-01-13,2023-12-30,wk inc flu hosp,quantile,0.2,396.1413621960067
UMass-flusion_spatial2,39,2,2024-01-13,2023-12-30,wk inc flu hosp,quantile,0.25,417.9689503754921
UMass-flusion_spatial2,39,2,2024-01-13,2023-12-30,wk inc flu hosp,quantile,0.3,442.9011549347356
UMass-flusion_spatial2,39,2,2024-01-13,2023-12-30,wk inc flu hosp,quantile,0.35,461.87289878623585
UMass-flusion_spatial2,39,2,2024-01-13,2023-12-30,wk inc flu hosp,quantile,0.4,481.9505638164586
UMass-flusion_spatial2,39,2,2024-01-13,2023-12-30,wk inc flu hosp,quantile,0.45,509.8541061057092
UMass-flusion_spatial2,39,2,2024-01-13,2023-12-30,wk inc flu hosp,quantile,0.5,538.1017146088956
UMass-flusion_spatial2,39,2,2024-01-13,2023-12-30,wk inc flu hosp,quantile,0.55,565.7691792991141
UMass-flusion_spatial2,39,2,2024-01-13,2023-12-30,wk inc flu hosp,quantile,0.6,599.4906543007405
UMass-flusion_spatial2,39,2,2024-01-13,2023-12-30,wk inc flu hosp,quantile,0.65,624.0435378155291
UMass-flusion_spatial2,39,2,2024-01-13,2023-12-30,wk inc flu hosp,quantile,0.7,637.3403970768366
UMass-flusion_spatial2,39,2,2024-01-13,2023-12-30,wk inc flu hosp,quantile,0.75,653.6478200867723
UMass-flusion_spatial2,39,2,2024-01-13,2023-12-30,wk inc flu hosp,quantile,0.8,677.581745578058
UMass-flusion_spatial2,39,2,2024-01-13,2023-12-30,wk inc flu hosp,quantile,0.85,716.0007397708669
UMass-flusion_spatial2,39,2,2024-01-13,2023-12-30,wk inc flu hosp,quantile,0.9,789.4865691731547
UMass-flusion_spatial2,39,2,2024-01-13,2023-12-30,wk inc flu hosp,quantile,0.95,875.7255987975719
UMass-flusion_spatial2,39,2,2024-01-13,2023-12-30,wk inc flu hosp,quantile,0.975,973.8027550992304
UMass-flusion_spatial2,39,2,2024-01-13,2023-12-30,wk inc flu hosp,quantile,0.99,1106.952016016341
UMass-flusion_spatial2,39,3,2024-01-20,2023-12-30,wk inc flu hosp,quantile,0.01,171.9263508312742
UMass-flusion_spatial2,39,3,2024-01-20,2023-12-30,wk inc flu hosp,quantile,0.025,207.03308823132073
UMass-flusion_spatial2,39,3,2024-01-20,2023-12-30,wk inc flu hosp,quantile,0.05,247.06617812159126
UMass-flusion_spatial2,39,3,2024-01-20,2023-12-30,wk inc flu hosp,quantile,0.1,301.4714120493677
UMass-flusion_spatial2,39,3,2024-01-20,2023-12-30,wk inc flu hosp,quantile,0.15,334.1961265294716
UMass-flusion_spatial2,39,3,2024-01-20,2023-12-30,wk inc flu hosp,quantile,0.2,364.61113119731385
UMass-flusion_spatial2,39,3,2024-01-20,2023-12-30,wk inc flu hosp,quantile,0.25,392.5765672843679
UMass-flusion_spatial2,39,3,2024-01-20,2023-12-30,wk inc flu hosp,quantile,0.3,419.03238416878025
UMass-flusion_spatial2,39,3,2024-01-20,2023-12-30,wk inc flu hosp,quantile,0.35,434.13611725330185
UMass-flusion_spatial2,39,3,2024-01-20,2023-12-30,wk inc flu hosp,quantile,0.4,455.09669404282806
UMass-flusion_spatial2,39,3,2024-01-20,2023-12-30,wk inc flu hosp,quantile,0.45,484.7271539760918
UMass-flusion_spatial2,39,3,2024-01-20,2023-12-30,wk inc flu hosp,quantile,0.5,514.3477685863656
UMass-flusion_spatial2,39,3,2024-01-20,2023-12-30,wk inc flu hosp,quantile,0.55,546.7860865059483
UMass-flusion_spatial2,39,3,2024-01-20,2023-12-30,wk inc flu hosp,quantile,0.6,579.2829758274794
UMass-flusion_spatial2,39,3,2024-01-20,2023-12-30,wk inc flu hosp,quantile,0.65,596.5277115823401
UMass-flusion_spatial2,39,3,2024-01-20,2023-12-30,wk inc flu hosp,quantile,0.7,619.8388953436059
UMass-flusion_spatial2,39,3,2024-01-20,2023-12-30,wk inc flu hosp,quantile,0.75,642.2075177745078
UMass-flusion_spatial2,39,3,2024-01-20,2023-12-30,wk inc flu hosp,quantile,0.8,680.7882376420613
UMass-flusion_spatial2,39,3,2024-01-20,2023-12-30,wk inc flu hosp,quantile,0.85,723.3643635493881
UMass-flusion_spatial2,39,3,2024-01-20,2023-12-30,wk inc flu hosp,quantile,0.9,816.2172062123168
UMass-flusion_spatial2,39,3,2024-01-20,2023-12-30,wk inc flu hosp,quantile,0.95,921.1363358746466
UMass-flusion_spatial2,39,3,2024-01-20,2023-12-30,wk inc flu hosp,quantile,0.975,1039.7560511808942
UMass-flusion_spatial2,39,3,2024-01-20,2023-12-30,wk inc flu hosp,quantile,0.99,1210.4631231940534
UMass-flusion_spatial2,40,0,2023-12-30,2023-12-30,wk inc flu hosp,quantile,0.01,94.10816447725784
UMass-flusion_spatial2,40,0,2023-12-30,2023-12-30,wk inc flu hosp,quantile,0.025,114.7466015897748
UMass-flusion_spatial2,40,0,2023-12-30,2023-12-30,wk inc flu hosp,quantile,0.05,133.73352078728522
UMass-flusion_spatial2,40,0,2023-12-30,2023-12-30,wk inc flu hosp,quantile,0.1,153.50933405547607
UMass-flusion_spatial2,40,0,2023-12-30,2023-12-30,wk inc flu hosp,quantile,0.15,176.13508302562417
UMass-flusion_spatial2,40,0,2023-12-30,2023-12-30,wk inc flu hosp,quantile,0.2,192.4636656304541
UMass-flusion_spatial2,40,0,2023-12-30,2023-12-30,wk inc flu hosp,quantile,0.25,209.4108444751732
UMass-flusion_spatial2,40,0,2023-12-30,2023-12-30,wk inc flu hosp,quantile,0.3,220.26426703939796
UMass-flusion_spatial2,40,0,2023-12-30,2023-12-30,wk inc flu hosp,quantile,0.35,228.11165222547606
UMass-flusion_spatial2,40,0,2023-12-30,2023-12-30,wk inc flu hosp,quantile,0.4,234.70860539211486
UMass-flusion_spatial2,40,0,2023-12-30,2023-12-30,wk inc flu hosp,quantile,0.45,242.01195924066863
UMass-flusion_spatial2,40,0,2023-12-30,2023-12-30,wk inc flu hosp,quantile,0.5,251.27099453154904
UMass-flusion_spatial2,40,0,2023-12-30,2023-12-30,wk inc flu hosp,quantile,0.55,257.4114027559374
UMass-flusion_spatial2,40,0,2023-12-30,2023-12-30,wk inc flu hosp,quantile,0.6,265.5299484545336
UMass-flusion_spatial2,40,0,2023-12-30,2023-12-30,wk inc flu hosp,quantile,0.65,276.391386280218
UMass-flusion_spatial2,40,0,2023-12-30,2023-12-30,wk inc flu hosp,quantile,0.7,283.54788306882483
UMass-flusion_spatial2,40,0,2023-12-30,2023-12-30,wk inc flu hosp,quantile,0.75,293.3026986194703
UMass-flusion_spatial2,40,0,2023-12-30,2023-12-30,wk inc flu hosp,quantile,0.8,300.58170630335394
UMass-flusion_spatial2,40,0,2023-12-30,2023-12-30,wk inc flu hosp,quantile,0.85,311.7317388721881
UMass-flusion_spatial2,40,0,2023-12-30,2023-12-30,wk inc flu hosp,quantile,0.9,325.0995824065755
UMass-flusion_spatial2,40,0,2023-12-30,2023-12-30,wk inc flu hosp,quantile,0.95,347.0482798426091
UMass-flusion_spatial2,40,0,2023-12-30,2023-12-30,wk inc flu hosp,quantile,0.975,377.7745680596246
UMass-flusion_spatial2,40,0,2023-12-30,2023-12-30,wk inc flu hosp,quantile,0.99,407.7244787046758
UMass-flusion_spatial2,40,1,2024-01-06,2023-12-30,wk inc flu hosp,quantile,0.01,75.48129136638748
UMass-flusion_spatial2,40,1,2024-01-06,2023-12-30,wk inc flu hosp,quantile,0.025,100.79374821161676
UMass-flusion_spatial2,40,1,2024-01-06,2023-12-30,wk inc flu hosp,quantile,0.05,123.13559060641538
UMass-flusion_spatial2,40,1,2024-01-06,2023-12-30,wk inc flu hosp,quantile,0.1,148.59732682050452
UMass-flusion_spatial2,40,1,2024-01-06,2023-12-30,wk inc flu hosp,quantile,0.15,175.45956295838238
UMass-flusion_spatial2,40,1,2024-01-06,2023-12-30,wk inc flu hosp,quantile,0.2,197.32907887993045
UMass-flusion_spatial2,40,1,2024-01-06,2023-12-30,wk inc flu hosp,quantile,0.25,216.99358094801892
UMass-flusion_spatial2,40,1,2024-01-06,2023-12-30,wk inc flu hosp,quantile,0.3,232.4188737159385
UMass-flusion_spatial2,40,1,2024-01-06,2023-12-30,wk inc flu hosp,quantile,0.35,243.30448873596424
UMass-flusion_spatial2,40,1,2024-01-06,2023-12-30,wk inc flu hosp,quantile,0.4,255.1581130423063
UMass-flusion_spatial2,40,1,2024-01-06,2023-12-30,wk inc flu hosp,quantile,0.45,265.6270100134535
UMass-flusion_spatial2,40,1,2024-01-06,2023-12-30,wk inc flu hosp,quantile,0.5,279.46751010529994
UMass-flusion_spatial2,40,1,2024-01-06,2023-12-30,wk inc flu hosp,quantile,0.55,293.0642970469653
UMass-flusion_spatial2,40,1,2024-01-06,2023-12-30,wk inc flu hosp,quantile,0.6,305.9902669087964
UMass-flusion_spatial2,40,1,2024-01-06,2023-12-30,wk inc flu hosp,quantile,0.65,323.537035402499
UMass-flusion_spatial2,40,1,2024-01-06,2023-12-30,wk inc flu hosp,quantile,0.7,336.3615216955255
UMass-flusion_spatial2,40,1,2024-01-06,2023-12-30,wk inc flu hosp,quantile,0.75,351.03381370175066
UMass-flusion_spatial2,40,1,2024-01-06,2023-12-30,wk inc flu hosp,quantile,0.8,366.1587074793059
UMass-flusion_spatial2,40,1,2024-01-06,2023-12-30,wk inc flu hosp,quantile,0.85,383.77393533394877
UMass-flusion_spatial2,40,1,2024-01-06,2023-12-30,wk inc flu hosp,quantile,0.9,415.0306044032342
UMass-flusion_spatial2,40,1,2024-01-06,2023-12-30,wk inc flu hosp,quantile,0.95,462.602572408878
UMass-flusion_spatial2,40,1,2024-01-06,2023-12-30,wk inc flu hosp,quantile,0.975,497.2286086371172
UMass-flusion_spatial2,40,1,2024-01-06,2023-12-30,wk inc flu hosp,quantile,0.99,563.542534037641
UMass-flusion_spatial2,40,2,2024-01-13,2023-12-30,wk inc flu hosp,quantile,0.01,63.328298975974434
UMass-flusion_spatial2,40,2,2024-01-13,2023-12-30,wk inc flu hosp,quantile,0.025,87.36666496696284
UMass-flusion_spatial2,40,2,2024-01-13,2023-12-30,wk inc flu hosp,quantile,0.05,112.52834804460474
UMass-flusion_spatial2,40,2,2024-01-13,2023-12-30,wk inc flu hosp,quantile,0.1,142.4408082292457
UMass-flusion_spatial2,40,2,2024-01-13,2023-12-30,wk inc flu hosp,quantile,0.15,169.31815342932538
UMass-flusion_spatial2,40,2,2024-01-13,2023-12-30,wk inc flu hosp,quantile,0.2,193.2704269018157
UMass-flusion_spatial2,40,2,2024-01-13,2023-12-30,wk inc flu hosp,quantile,0.25,215.04655402747147
UMass-flusion_spatial2,40,2,2024-01-13,2023-12-30,wk inc flu hosp,quantile,0.3,236.43372166868892
UMass-flusion_spatial2,40,2,2024-01-13,2023-12-30,wk inc flu hosp,quantile,0.35,250.80766405580815
UMass-flusion_spatial2,40,2,2024-01-13,2023-12-30,wk inc flu hosp,quantile,0.4,266.9938080614928
UMass-flusion_spatial2,40,2,2024-01-13,2023-12-30,wk inc flu hosp,quantile,0.45,280.35994630091204
UMass-flusion_spatial2,40,2,2024-01-13,2023-12-30,wk inc flu hosp,quantile,0.5,291.8919715965021
UMass-flusion_spatial2,40,2,2024-01-13,2023-12-30,wk inc flu hosp,quantile,0.55,307.8210480449101
UMass-flusion_spatial2,40,2,2024-01-13,2023-12-30,wk inc flu hosp,quantile,0.6,323.0020832014858
UMass-flusion_spatial2,40,2,2024-01-13,2023-12-30,wk inc flu hosp,quantile,0.65,343.18575309662555
UMass-flusion_spatial2,40,2,2024-01-13,2023-12-30,wk inc flu hosp,quantile,0.7,364.69692157637564
UMass-flusion_spatial2,40,2,2024-01-13,2023-12-30,wk inc flu hosp,quantile,0.75,389.17127034860476
UMass-flusion_spatial2,40,2,2024-01-13,2023-12-30,wk inc flu hosp,quantile,0.8,407.8785531009936
UMass-flusion_spatial2,40,2,2024-01-13,2023-12-30,wk inc flu hosp,quantile,0.85,426.15772247252045
UMass-flusion_spatial2,40,2,2024-01-13,2023-12-30,wk inc flu hosp,quantile,0.9,477.0637544244566
UMass-flusion_spatial2,40,2,2024-01-13,2023-12-30,wk inc flu hosp,quantile,0.95,555.6724911908409
UMass-flusion_spatial2,40,2,2024-01-13,2023-12-30,wk inc flu hosp,quantile,0.975,635.2458878883675
UMass-flusion_spatial2,40,2,2024-01-13,2023-12-30,wk inc flu hosp,quantile,0.99,704.5314771567355
UMass-flusion_spatial2,40,3,2024-01-20,2023-12-30,wk inc flu hosp,quantile,0.01,54.5219032641845
UMass-flusion_spatial2,40,3,2024-01-20,2023-12-30,wk inc flu hosp,quantile,0.025,76.17212286741305
UMass-flusion_spatial2,40,3,2024-01-20,2023-12-30,wk inc flu hosp,quantile,0.05,103.84956871837878
UMass-flusion_spatial2,40,3,2024-01-20,2023-12-30,wk inc flu hosp,quantile,0.1,135.26540811966183
UMass-flusion_spatial2,40,3,2024-01-20,2023-12-30,wk inc flu hosp,quantile,0.15,163.94673823687845
UMass-flusion_spatial2,40,3,2024-01-20,2023-12-30,wk inc flu hosp,quantile,0.2,187.59278740946144
UMass-flusion_spatial2,40,3,2024-01-20,2023-12-30,wk inc flu hosp,quantile,0.25,211.32771060846792
UMass-flusion_spatial2,40,3,2024-01-20,2023-12-30,wk inc flu hosp,quantile,0.3,234.6483284755442
UMass-flusion_spatial2,40,3,2024-01-20,2023-12-30,wk inc flu hosp,quantile,0.35,246.73489353665246
UMass-flusion_spatial2,40,3,2024-01-20,2023-12-30,wk inc flu hosp,quantile,0.4,267.3034934908155
UMass-flusion_spatial2,40,3,2024-01-20,2023-12-30,wk inc flu hosp,quantile,0.45,280.25413588068454
UMass-flusion_spatial2,40,3,2024-01-20,2023-12-30,wk inc flu hosp,quantile,0.5,296.8419760209738
UMass-flusion_spatial2,40,3,2024-01-20,2023-12-30,wk inc flu hosp,quantile,0.55,312.02972099897454
UMass-flusion_spatial2,40,3,2024-01-20,2023-12-30,wk inc flu hosp,quantile,0.6,337.09434237072617
UMass-flusion_spatial2,40,3,2024-01-20,2023-12-30,wk inc flu hosp,quantile,0.65,359.38293710553
UMass-flusion_spatial2,40,3,2024-01-20,2023-12-30,wk inc flu hosp,quantile,0.7,377.38320508792935
UMass-flusion_spatial2,40,3,2024-01-20,2023-12-30,wk inc flu hosp,quantile,0.75,415.2005365089732
UMass-flusion_spatial2,40,3,2024-01-20,2023-12-30,wk inc flu hosp,quantile,0.8,436.42683386184615
UMass-flusion_spatial2,40,3,2024-01-20,2023-12-30,wk inc flu hosp,quantile,0.85,466.15716453399966
UMass-flusion_spatial2,40,3,2024-01-20,2023-12-30,wk inc flu hosp,quantile,0.9,534.9070160289768
UMass-flusion_spatial2,40,3,2024-01-20,2023-12-30,wk inc flu hosp,quantile,0.95,632.2874969721929
UMass-flusion_spatial2,40,3,2024-01-20,2023-12-30,wk inc flu hosp,quantile,0.975,722.8233226079024
UMass-flusion_spatial2,40,3,2024-01-20,2023-12-30,wk inc flu hosp,quantile,0.99,831.992921497189
UMass-flusion_spatial2,41,0,2023-12-30,2023-12-30,wk inc flu hosp,quantile,0.01,36.51487278172409
UMass-flusion_spatial2,41,0,2023-12-30,2023-12-30,wk inc flu hosp,quantile,0.025,47.1318421960805
UMass-flusion_spatial2,41,0,2023-12-30,2023-12-30,wk inc flu hosp,quantile,0.05,55.46014484036386
UMass-flusion_spatial2,41,0,2023-12-30,2023-12-30,wk inc flu hosp,quantile,0.1,65.94037371777745
UMass-flusion_spatial2,41,0,2023-12-30,2023-12-30,wk inc flu hosp,quantile,0.15,74.94210779748536
UMass-flusion_spatial2,41,0,2023-12-30,2023-12-30,wk inc flu hosp,quantile,0.2,82.1395192171405
UMass-flusion_spatial2,41,0,2023-12-30,2023-12-30,wk inc flu hosp,quantile,0.25,89.56885783778276
UMass-flusion_spatial2,41,0,2023-12-30,2023-12-30,wk inc flu hosp,quantile,0.3,94.712391245673615
UMass-flusion_spatial2,41,0,2023-12-30,2023-12-30,wk inc flu hosp,quantile,0.35,98.98346407483766
UMass-flusion_spatial2,41,0,2023-12-30,2023-12-30,wk inc flu hosp,quantile,0.4,102.50461957160861
UMass-flusion_spatial2,41,0,2023-12-30,2023-12-30,wk inc flu hosp,quantile,0.45,107.82325334195218
UMass-flusion_spatial2,41,0,2023-12-30,2023-12-30,wk inc flu hosp,quantile,0.5,112.55616929140001
UMass-flusion_spatial2,41,0,2023-12-30,2023-12-30,wk inc flu hosp,quantile,0.55,117.14477686428285
UMass-flusion_spatial2,41,0,2023-12-30,2023-12-30,wk inc flu hosp,quantile,0.6,121.48743262659745
UMass-flusion_spatial2,41,0,2023-12-30,2023-12-30,wk inc flu hosp,quantile,0.65,127.44145453110204
UMass-flusion_spatial2,41,0,2023-12-30,2023-12-30,wk inc flu hosp,quantile,0.7,131.0015840761015
UMass-flusion_spatial2,41,0,2023-12-30,2023-12-30,wk inc flu hosp,quantile,0.75,137.02046481744642
UMass-flusion_spatial2,41,0,2023-12-30,2023-12-30,wk inc flu hosp,quantile,0.8,142.711396704663
UMass-flusion_spatial2,41,0,2023-12-30,2023-12-30,wk inc flu hosp,quantile,0.85,147.3175042802739
UMass-flusion_spatial2,41,0,2023-12-30,2023-12-30,wk inc flu hosp,quantile,0.9,153.88130815461517
UMass-flusion_spatial2,41,0,2023-12-30,2023-12-30,wk inc flu hosp,quantile,0.95,167.64250987696917
UMass-flusion_spatial2,41,0,2023-12-30,2023-12-30,wk inc flu hosp,quantile,0.975,178.88960611185064
UMass-flusion_spatial2,41,0,2023-12-30,2023-12-30,wk inc flu hosp,quantile,0.99,203.57890295747643
UMass-flusion_spatial2,41,1,2024-01-06,2023-12-30,wk inc flu hosp,quantile,0.01,27.462790462361255
UMass-flusion_spatial2,41,1,2024-01-06,2023-12-30,wk inc flu hosp,quantile,0.025,38.624215650396465
UMass-flusion_spatial2,41,1,2024-01-06,2023-12-30,wk inc flu hosp,quantile,0.05,48.67211550151878
UMass-flusion_spatial2,41,1,2024-01-06,2023-12-30,wk inc flu hosp,quantile,0.1,62.766280394017244
UMass-flusion_spatial2,41,1,2024-01-06,2023-12-30,wk inc flu hosp,quantile,0.15,74.17019336114055
UMass-flusion_spatial2,41,1,2024-01-06,2023-12-30,wk inc flu hosp,quantile,0.2,83.60371255059295
UMass-flusion_spatial2,41,1,2024-01-06,2023-12-30,wk inc flu hosp,quantile,0.25,92.60283257535858
UMass-flusion_spatial2,41,1,2024-01-06,2023-12-30,wk inc flu hosp,quantile,0.3,100.33691536079671
UMass-flusion_spatial2,41,1,2024-01-06,2023-12-30,wk inc flu hosp,quantile,0.35,108.10940067974354
UMass-flusion_spatial2,41,1,2024-01-06,2023-12-30,wk inc flu hosp,quantile,0.4,114.51920638983142
UMass-flusion_spatial2,41,1,2024-01-06,2023-12-30,wk inc flu hosp,quantile,0.45,119.05878595951658
UMass-flusion_spatial2,41,1,2024-01-06,2023-12-30,wk inc flu hosp,quantile,0.5,124.37063240402664
UMass-flusion_spatial2,41,1,2024-01-06,2023-12-30,wk inc flu hosp,quantile,0.55,132.15901923531953
UMass-flusion_spatial2,41,1,2024-01-06,2023-12-30,wk inc flu hosp,quantile,0.6,139.01932522165268
UMass-flusion_spatial2,41,1,2024-01-06,2023-12-30,wk inc flu hosp,quantile,0.65,146.92776444852248
UMass-flusion_spatial2,41,1,2024-01-06,2023-12-30,wk inc flu hosp,quantile,0.7,153.90659120743052
UMass-flusion_spatial2,41,1,2024-01-06,2023-12-30,wk inc flu hosp,quantile,0.75,161.7121078511248
UMass-flusion_spatial2,41,1,2024-01-06,2023-12-30,wk inc flu hosp,quantile,0.8,172.49868204714892
UMass-flusion_spatial2,41,1,2024-01-06,2023-12-30,wk inc flu hosp,quantile,0.85,181.26541275947028
UMass-flusion_spatial2,41,1,2024-01-06,2023-12-30,wk inc flu hosp,quantile,0.9,195.0050660860834
UMass-flusion_spatial2,41,1,2024-01-06,2023-12-30,wk inc flu hosp,quantile,0.95,222.92895045663505
UMass-flusion_spatial2,41,1,2024-01-06,2023-12-30,wk inc flu hosp,quantile,0.975,240.5414446692484
UMass-flusion_spatial2,41,1,2024-01-06,2023-12-30,wk inc flu hosp,quantile,0.99,276.74862168502193
UMass-flusion_spatial2,41,2,2024-01-13,2023-12-30,wk inc flu hosp,quantile,0.01,21.71362062503514
UMass-flusion_spatial2,41,2,2024-01-13,2023-12-30,wk inc flu hosp,quantile,0.025,31.948478586676124
UMass-flusion_spatial2,41,2,2024-01-13,2023-12-30,wk inc flu hosp,quantile,0.05,42.606150109040044
UMass-flusion_spatial2,41,2,2024-01-13,2023-12-30,wk inc flu hosp,quantile,0.1,56.27124475149904
UMass-flusion_spatial2,41,2,2024-01-13,2023-12-30,wk inc flu hosp,quantile,0.15,68.11733435942415
UMass-flusion_spatial2,41,2,2024-01-13,2023-12-30,wk inc flu hosp,quantile,0.2,80.0886133589259
UMass-flusion_spatial2,41,2,2024-01-13,2023-12-30,wk inc flu hosp,quantile,0.25,90.6834546196154
UMass-flusion_spatial2,41,2,2024-01-13,2023-12-30,wk inc flu hosp,quantile,0.3,98.51588977330265
UMass-flusion_spatial2,41,2,2024-01-13,2023-12-30,wk inc flu hosp,quantile,0.35,106.81847339672441
UMass-flusion_spatial2,41,2,2024-01-13,2023-12-30,wk inc flu hosp,quantile,0.4,115.5572573642172
UMass-flusion_spatial2,41,2,2024-01-13,2023-12-30,wk inc flu hosp,quantile,0.45,122.04688676787124
UMass-flusion_spatial2,41,2,2024-01-13,2023-12-30,wk inc flu hosp,quantile,0.5,129.75484810925633
UMass-flusion_spatial2,41,2,2024-01-13,2023-12-30,wk inc flu hosp,quantile,0.55,137.31931446230791
UMass-flusion_spatial2,41,2,2024-01-13,2023-12-30,wk inc flu hosp,quantile,0.6,145.63797696036346
UMass-flusion_spatial2,41,2,2024-01-13,2023-12-30,wk inc flu hosp,quantile,0.65,155.68829774522936
UMass-flusion_spatial2,41,2,2024-01-13,2023-12-30,wk inc flu hosp,quantile,0.7,163.91251310737414
UMass-flusion_spatial2,41,2,2024-01-13,2023-12-30,wk inc flu hosp,quantile,0.75,172.83449368451045
UMass-flusion_spatial2,41,2,2024-01-13,2023-12-30,wk inc flu hosp,quantile,0.8,186.27868113307454
UMass-flusion_spatial2,41,2,2024-01-13,2023-12-30,wk inc flu hosp,quantile,0.85,197.71024206522293
UMass-flusion_spatial2,41,2,2024-01-13,2023-12-30,wk inc flu hosp,quantile,0.9,221.02150981935097
UMass-flusion_spatial2,41,2,2024-01-13,2023-12-30,wk inc flu hosp,quantile,0.95,256.5438947135417
UMass-flusion_spatial2,41,2,2024-01-13,2023-12-30,wk inc flu hosp,quantile,0.975,296.3115096697746
UMass-flusion_spatial2,41,2,2024-01-13,2023-12-30,wk inc flu hosp,quantile,0.99,347.8557537718667
UMass-flusion_spatial2,41,3,2024-01-20,2023-12-30,wk inc flu hosp,quantile,0.01,15.810039721727996
UMass-flusion_spatial2,41,3,2024-01-20,2023-12-30,wk inc flu hosp,quantile,0.025,26.96488275300889
UMass-flusion_spatial2,41,3,2024-01-20,2023-12-30,wk inc flu hosp,quantile,0.05,36.871603954383325
UMass-flusion_spatial2,41,3,2024-01-20,2023-12-30,wk inc flu hosp,quantile,0.1,52.246375094832786
UMass-flusion_spatial2,41,3,2024-01-20,2023-12-30,wk inc flu hosp,quantile,0.15,64.69853800202934
UMass-flusion_spatial2,41,3,2024-01-20,2023-12-30,wk inc flu hosp,quantile,0.2,75.60435610989023
UMass-flusion_spatial2,41,3,2024-01-20,2023-12-30,wk inc flu hosp,quantile,0.25,85.32683885692919
UMass-flusion_spatial2,41,3,2024-01-20,2023-12-30,wk inc flu hosp,quantile,0.3,95.07115358187579
UMass-flusion_spatial2,41,3,2024-01-20,2023-12-30,wk inc flu hosp,quantile,0.35,103.32115808791458
UMass-flusion_spatial2,41,3,2024-01-20,2023-12-30,wk inc flu hosp,quantile,0.4,112.38504534414348
UMass-flusion_spatial2,41,3,2024-01-20,2023-12-30,wk inc flu hosp,quantile,0.45,119.33021244181609
UMass-flusion_spatial2,41,3,2024-01-20,2023-12-30,wk inc flu hosp,quantile,0.5,127.57837652737798
UMass-flusion_spatial2,41,3,2024-01-20,2023-12-30,wk inc flu hosp,quantile,0.55,137.03368536676572
UMass-flusion_spatial2,41,3,2024-01-20,2023-12-30,wk inc flu hosp,quantile,0.6,146.83540623713793
UMass-flusion_spatial2,41,3,2024-01-20,2023-12-30,wk inc flu hosp,quantile,0.65,158.10924185780652
UMass-flusion_spatial2,41,3,2024-01-20,2023-12-30,wk inc flu hosp,quantile,0.7,167.3938636879492
UMass-flusion_spatial2,41,3,2024-01-20,2023-12-30,wk inc flu hosp,quantile,0.75,180.05914322389953
UMass-flusion_spatial2,41,3,2024-01-20,2023-12-30,wk inc flu hosp,quantile,0.8,194.99270700756864
UMass-flusion_spatial2,41,3,2024-01-20,2023-12-30,wk inc flu hosp,quantile,0.85,211.48094658868877
UMass-flusion_spatial2,41,3,2024-01-20,2023-12-30,wk inc flu hosp,quantile,0.9,245.39152400255833
UMass-flusion_spatial2,41,3,2024-01-20,2023-12-30,wk inc flu hosp,quantile,0.95,293.34988080556946
UMass-flusion_spatial2,41,3,2024-01-20,2023-12-30,wk inc flu hosp,quantile,0.975,337.5080704863449
UMass-flusion_spatial2,41,3,2024-01-20,2023-12-30,wk inc flu hosp,quantile,0.99,399.3130568889595
UMass-flusion_spatial2,42,0,2023-12-30,2023-12-30,wk inc flu hosp,quantile,0.01,487.1259703049524
UMass-flusion_spatial2,42,0,2023-12-30,2023-12-30,wk inc flu hosp,quantile,0.025,551.7284525376282
UMass-flusion_spatial2,42,0,2023-12-30,2023-12-30,wk inc flu hosp,quantile,0.05,600.7189061298569
UMass-flusion_spatial2,42,0,2023-12-30,2023-12-30,wk inc flu hosp,quantile,0.1,651.786501019497
UMass-flusion_spatial2,42,0,2023-12-30,2023-12-30,wk inc flu hosp,quantile,0.15,709.2315423874816
UMass-flusion_spatial2,42,0,2023-12-30,2023-12-30,wk inc flu hosp,quantile,0.2,760.8167126001929
UMass-flusion_spatial2,42,0,2023-12-30,2023-12-30,wk inc flu hosp,quantile,0.25,802.9977003372136
UMass-flusion_spatial2,42,0,2023-12-30,2023-12-30,wk inc flu hosp,quantile,0.3,834.7065519947391
UMass-flusion_spatial2,42,0,2023-12-30,2023-12-30,wk inc flu hosp,quantile,0.35,849.2612792577332
UMass-flusion_spatial2,42,0,2023-12-30,2023-12-30,wk inc flu hosp,quantile,0.4,864.3208465664611
UMass-flusion_spatial2,42,0,2023-12-30,2023-12-30,wk inc flu hosp,quantile,0.45,886.9217444484982
UMass-flusion_spatial2,42,0,2023-12-30,2023-12-30,wk inc flu hosp,quantile,0.5,910.8510203153554
UMass-flusion_spatial2,42,0,2023-12-30,2023-12-30,wk inc flu hosp,quantile,0.55,925.9435411019547
UMass-flusion_spatial2,42,0,2023-12-30,2023-12-30,wk inc flu hosp,quantile,0.6,962.115794554996
UMass-flusion_spatial2,42,0,2023-12-30,2023-12-30,wk inc flu hosp,quantile,0.65,992.5398202302297
UMass-flusion_spatial2,42,0,2023-12-30,2023-12-30,wk inc flu hosp,quantile,0.7,1006.0275709206114
UMass-flusion_spatial2,42,0,2023-12-30,2023-12-30,wk inc flu hosp,quantile,0.75,1025.8242128714917
UMass-flusion_spatial2,42,0,2023-12-30,2023-12-30,wk inc flu hosp,quantile,0.8,1038.1754310663675
UMass-flusion_spatial2,42,0,2023-12-30,2023-12-30,wk inc flu hosp,quantile,0.85,1062.8642347550392
UMass-flusion_spatial2,42,0,2023-12-30,2023-12-30,wk inc flu hosp,quantile,0.9,1089.6865810498427
UMass-flusion_spatial2,42,0,2023-12-30,2023-12-30,wk inc flu hosp,quantile,0.95,1160.3711944805477
UMass-flusion_spatial2,42,0,2023-12-30,2023-12-30,wk inc flu hosp,quantile,0.975,1214.274086272665
UMass-flusion_spatial2,42,0,2023-12-30,2023-12-30,wk inc flu hosp,quantile,0.99,1304.9030556822106
UMass-flusion_spatial2,42,1,2024-01-06,2023-12-30,wk inc flu hosp,quantile,0.01,443.96743072034036
UMass-flusion_spatial2,42,1,2024-01-06,2023-12-30,wk inc flu hosp,quantile,0.025,505.61171145833055
UMass-flusion_spatial2,42,1,2024-01-06,2023-12-30,wk inc flu hosp,quantile,0.05,565.9884638248775
UMass-flusion_spatial2,42,1,2024-01-06,2023-12-30,wk inc flu hosp,quantile,0.1,644.4125870687911
UMass-flusion_spatial2,42,1,2024-01-06,2023-12-30,wk inc flu hosp,quantile,0.15,707.6149246073198
UMass-flusion_spatial2,42,1,2024-01-06,2023-12-30,wk inc flu hosp,quantile,0.2,761.5137774190041
UMass-flusion_spatial2,42,1,2024-01-06,2023-12-30,wk inc flu hosp,quantile,0.25,809.0337762549038
UMass-flusion_spatial2,42,1,2024-01-06,2023-12-30,wk inc flu hosp,quantile,0.3,853.0843359225787
UMass-flusion_spatial2,42,1,2024-01-06,2023-12-30,wk inc flu hosp,quantile,0.35,878.9720887456633
UMass-flusion_spatial2,42,1,2024-01-06,2023-12-30,wk inc flu hosp,quantile,0.4,897.8016804282012
UMass-flusion_spatial2,42,1,2024-01-06,2023-12-30,wk inc flu hosp,quantile,0.45,936.7141093870284
UMass-flusion_spatial2,42,1,2024-01-06,2023-12-30,wk inc flu hosp,quantile,0.5,967.9040152921336
UMass-flusion_spatial2,42,1,2024-01-06,2023-12-30,wk inc flu hosp,quantile,0.55,991.3702766260303
UMass-flusion_spatial2,42,1,2024-01-06,2023-12-30,wk inc flu hosp,quantile,0.6,1039.8822746198905
UMass-flusion_spatial2,42,1,2024-01-06,2023-12-30,wk inc flu hosp,quantile,0.65,1076.445820602177
UMass-flusion_spatial2,42,1,2024-01-06,2023-12-30,wk inc flu hosp,quantile,0.7,1114.7370678744928
UMass-flusion_spatial2,42,1,2024-01-06,2023-12-30,wk inc flu hosp,quantile,0.75,1136.149847572578
UMass-flusion_spatial2,42,1,2024-01-06,2023-12-30,wk inc flu hosp,quantile,0.8,1168.647786774833
UMass-flusion_spatial2,42,1,2024-01-06,2023-12-30,wk inc flu hosp,quantile,0.85,1212.0572612705246
UMass-flusion_spatial2,42,1,2024-01-06,2023-12-30,wk inc flu hosp,quantile,0.9,1292.285921979876
UMass-flusion_spatial2,42,1,2024-01-06,2023-12-30,wk inc flu hosp,quantile,0.95,1422.874905706646
UMass-flusion_spatial2,42,1,2024-01-06,2023-12-30,wk inc flu hosp,quantile,0.975,1493.5903858463996
UMass-flusion_spatial2,42,1,2024-01-06,2023-12-30,wk inc flu hosp,quantile,0.99,1652.5473271300816
UMass-flusion_spatial2,42,2,2024-01-13,2023-12-30,wk inc flu hosp,quantile,0.01,391.6176182764344
UMass-flusion_spatial2,42,2,2024-01-13,2023-12-30,wk inc flu hosp,quantile,0.025,457.55849021993475
UMass-flusion_spatial2,42,2,2024-01-13,2023-12-30,wk inc flu hosp,quantile,0.05,527.5534866363382
UMass-flusion_spatial2,42,2,2024-01-13,2023-12-30,wk inc flu hosp,quantile,0.1,614.2396638268436
UMass-flusion_spatial2,42,2,2024-01-13,2023-12-30,wk inc flu hosp,quantile,0.15,677.2235699194457
UMass-flusion_spatial2,42,2,2024-01-13,2023-12-30,wk inc flu hosp,quantile,0.2,737.993570205279
UMass-flusion_spatial2,42,2,2024-01-13,2023-12-30,wk inc flu hosp,quantile,0.25,779.4626274236002
UMass-flusion_spatial2,42,2,2024-01-13,2023-12-30,wk inc flu hosp,quantile,0.3,824.8634381827486
UMass-flusion_spatial2,42,2,2024-01-13,2023-12-30,wk inc flu hosp,quantile,0.35,865.6819848956911
UMass-flusion_spatial2,42,2,2024-01-13,2023-12-30,wk inc flu hosp,quantile,0.4,895.7368172918168
UMass-flusion_spatial2,42,2,2024-01-13,2023-12-30,wk inc flu hosp,quantile,0.45,936.7272359720878
UMass-flusion_spatial2,42,2,2024-01-13,2023-12-30,wk inc flu hosp,quantile,0.5,973.5301304791117
UMass-flusion_spatial2,42,2,2024-01-13,2023-12-30,wk inc flu hosp,quantile,0.55,1009.7660780670649
UMass-flusion_spatial2,42,2,2024-01-13,2023-12-30,wk inc flu hosp,quantile,0.6,1060.3934479082318
UMass-flusion_spatial2,42,2,2024-01-13,2023-12-30,wk inc flu hosp,quantile,0.65,1095.765625458781
UMass-flusion_spatial2,42,2,2024-01-13,2023-12-30,wk inc flu hosp,quantile,0.7,1116.6654393342224
UMass-flusion_spatial2,42,2,2024-01-13,2023-12-30,wk inc flu hosp,quantile,0.75,1166.247798106182
UMass-flusion_spatial2,42,2,2024-01-13,2023-12-30,wk inc flu hosp,quantile,0.8,1204.5635747469425
UMass-flusion_spatial2,42,2,2024-01-13,2023-12-30,wk inc flu hosp,quantile,0.85,1255.3592938700372
UMass-flusion_spatial2,42,2,2024-01-13,2023-12-30,wk inc flu hosp,quantile,0.9,1385.44979768401
UMass-flusion_spatial2,42,2,2024-01-13,2023-12-30,wk inc flu hosp,quantile,0.95,1558.7373153290732
UMass-flusion_spatial2,42,2,2024-01-13,2023-12-30,wk inc flu hosp,quantile,0.975,1726.3294743593392
UMass-flusion_spatial2,42,2,2024-01-13,2023-12-30,wk inc flu hosp,quantile,0.99,1874.9489792779311
UMass-flusion_spatial2,42,3,2024-01-20,2023-12-30,wk inc flu hosp,quantile,0.01,340.873450984535
UMass-flusion_spatial2,42,3,2024-01-20,2023-12-30,wk inc flu hosp,quantile,0.025,409.1504065912137
UMass-flusion_spatial2,42,3,2024-01-20,2023-12-30,wk inc flu hosp,quantile,0.05,487.8553082848879
UMass-flusion_spatial2,42,3,2024-01-20,2023-12-30,wk inc flu hosp,quantile,0.1,573.0756138707488
UMass-flusion_spatial2,42,3,2024-01-20,2023-12-30,wk inc flu hosp,quantile,0.15,639.7975557985656
UMass-flusion_spatial2,42,3,2024-01-20,2023-12-30,wk inc flu hosp,quantile,0.2,695.8056517074892
UMass-flusion_spatial2,42,3,2024-01-20,2023-12-30,wk inc flu hosp,quantile,0.25,743.3487972896053
UMass-flusion_spatial2,42,3,2024-01-20,2023-12-30,wk inc flu hosp,quantile,0.3,791.1031396458907
UMass-flusion_spatial2,42,3,2024-01-20,2023-12-30,wk inc flu hosp,quantile,0.35,824.5156042590253
UMass-flusion_spatial2,42,3,2024-01-20,2023-12-30,wk inc flu hosp,quantile,0.4,851.6847971669395
UMass-flusion_spatial2,42,3,2024-01-20,2023-12-30,wk inc flu hosp,quantile,0.45,898.4960838242457
UMass-flusion_spatial2,42,3,2024-01-20,2023-12-30,wk inc flu hosp,quantile,0.5,941.9154962073324
UMass-flusion_spatial2,42,3,2024-01-20,2023-12-30,wk inc flu hosp,quantile,0.55,978.262704378026
UMass-flusion_spatial2,42,3,2024-01-20,2023-12-30,wk inc flu hosp,quantile,0.6,1043.2618431709975
UMass-flusion_spatial2,42,3,2024-01-20,2023-12-30,wk inc flu hosp,quantile,0.65,1081.5542670618274
UMass-flusion_spatial2,42,3,2024-01-20,2023-12-30,wk inc flu hosp,quantile,0.7,1112.4119860795595
UMass-flusion_spatial2,42,3,2024-01-20,2023-12-30,wk inc flu hosp,quantile,0.75,1148.2135470639032
UMass-flusion_spatial2,42,3,2024-01-20,2023-12-30,wk inc flu hosp,quantile,0.8,1199.9949926060215
UMass-flusion_spatial2,42,3,2024-01-20,2023-12-30,wk inc flu hosp,quantile,0.85,1279.2757282853063
UMass-flusion_spatial2,42,3,2024-01-20,2023-12-30,wk inc flu hosp,quantile,0.9,1438.9467647080066
UMass-flusion_spatial2,42,3,2024-01-20,2023-12-30,wk inc flu hosp,quantile,0.95,1634.1465651155095
UMass-flusion_spatial2,42,3,2024-01-20,2023-12-30,wk inc flu hosp,quantile,0.975,1834.8895215905588
UMass-flusion_spatial2,42,3,2024-01-20,2023-12-30,wk inc flu hosp,quantile,0.99,2090.2534139808495
UMass-flusion_spatial2,44,0,2023-12-30,2023-12-30,wk inc flu hosp,quantile,0.01,6.634349113212014
UMass-flusion_spatial2,44,0,2023-12-30,2023-12-30,wk inc flu hosp,quantile,0.025,9.187368040428229
UMass-flusion_spatial2,44,0,2023-12-30,2023-12-30,wk inc flu hosp,quantile,0.05,11.081018682120945
UMass-flusion_spatial2,44,0,2023-12-30,2023-12-30,wk inc flu hosp,quantile,0.1,13.52629661969598
UMass-flusion_spatial2,44,0,2023-12-30,2023-12-30,wk inc flu hosp,quantile,0.15,15.251402925353865
UMass-flusion_spatial2,44,0,2023-12-30,2023-12-30,wk inc flu hosp,quantile,0.2,16.880005177131917
UMass-flusion_spatial2,44,0,2023-12-30,2023-12-30,wk inc flu hosp,quantile,0.25,18.040230647302103
UMass-flusion_spatial2,44,0,2023-12-30,2023-12-30,wk inc flu hosp,quantile,0.3,19.197763342750136
UMass-flusion_spatial2,44,0,2023-12-30,2023-12-30,wk inc flu hosp,quantile,0.35,20.24997331830703
UMass-flusion_spatial2,44,0,2023-12-30,2023-12-30,wk inc flu hosp,quantile,0.4,21.47755455838869
UMass-flusion_spatial2,44,0,2023-12-30,2023-12-30,wk inc flu hosp,quantile,0.45,22.499086228478625
UMass-flusion_spatial2,44,0,2023-12-30,2023-12-30,wk inc flu hosp,quantile,0.5,23.844242879804522
UMass-flusion_spatial2,44,0,2023-12-30,2023-12-30,wk inc flu hosp,quantile,0.55,25.248490534134028
UMass-flusion_spatial2,44,0,2023-12-30,2023-12-30,wk inc flu hosp,quantile,0.6,26.87641522392117
UMass-flusion_spatial2,44,0,2023-12-30,2023-12-30,wk inc flu hosp,quantile,0.65,28.454949977750964
UMass-flusion_spatial2,44,0,2023-12-30,2023-12-30,wk inc flu hosp,quantile,0.7,30.101857330124734
UMass-flusion_spatial2,44,0,2023-12-30,2023-12-30,wk inc flu hosp,quantile,0.75,31.74391564699743
UMass-flusion_spatial2,44,0,2023-12-30,2023-12-30,wk inc flu hosp,quantile,0.8,32.594400519999176
UMass-flusion_spatial2,44,0,2023-12-30,2023-12-30,wk inc flu hosp,quantile,0.85,34.25657309678322
UMass-flusion_spatial2,44,0,2023-12-30,2023-12-30,wk inc flu hosp,quantile,0.9,36.514477124662406
UMass-flusion_spatial2,44,0,2023-12-30,2023-12-30,wk inc flu hosp,quantile,0.95,40.64987270367833
UMass-flusion_spatial2,44,0,2023-12-30,2023-12-30,wk inc flu hosp,quantile,0.975,43.22970680690331
UMass-flusion_spatial2,44,0,2023-12-30,2023-12-30,wk inc flu hosp,quantile,0.99,47.77558189799774
UMass-flusion_spatial2,44,1,2024-01-06,2023-12-30,wk inc flu hosp,quantile,0.01,4.063892404150291
UMass-flusion_spatial2,44,1,2024-01-06,2023-12-30,wk inc flu hosp,quantile,0.025,6.045689164225229
UMass-flusion_spatial2,44,1,2024-01-06,2023-12-30,wk inc flu hosp,quantile,0.05,8.458706671839465
UMass-flusion_spatial2,44,1,2024-01-06,2023-12-30,wk inc flu hosp,quantile,0.1,11.39176175520998
UMass-flusion_spatial2,44,1,2024-01-06,2023-12-30,wk inc flu hosp,quantile,0.15,13.381348671049334
UMass-flusion_spatial2,44,1,2024-01-06,2023-12-30,wk inc flu hosp,quantile,0.2,15.369437167916171
UMass-flusion_spatial2,44,1,2024-01-06,2023-12-30,wk inc flu hosp,quantile,0.25,17.10555162395834
UMass-flusion_spatial2,44,1,2024-01-06,2023-12-30,wk inc flu hosp,quantile,0.3,18.397718011549678
UMass-flusion_spatial2,44,1,2024-01-06,2023-12-30,wk inc flu hosp,quantile,0.35,19.60804101349313
UMass-flusion_spatial2,44,1,2024-01-06,2023-12-30,wk inc flu hosp,quantile,0.4,21.22413690417281
UMass-flusion_spatial2,44,1,2024-01-06,2023-12-30,wk inc flu hosp,quantile,0.45,22.60650149486699
UMass-flusion_spatial2,44,1,2024-01-06,2023-12-30,wk inc flu hosp,quantile,0.5,24.422225100771882
UMass-flusion_spatial2,44,1,2024-01-06,2023-12-30,wk inc flu hosp,quantile,0.55,26.09871905295052
UMass-flusion_spatial2,44,1,2024-01-06,2023-12-30,wk inc flu hosp,quantile,0.6,28.42854095359584
UMass-flusion_spatial2,44,1,2024-01-06,2023-12-30,wk inc flu hosp,quantile,0.65,30.835816215200605
UMass-flusion_spatial2,44,1,2024-01-06,2023-12-30,wk inc flu hosp,quantile,0.7,33.363371690487675
UMass-flusion_spatial2,44,1,2024-01-06,2023-12-30,wk inc flu hosp,quantile,0.75,35.9321856467848
UMass-flusion_spatial2,44,1,2024-01-06,2023-12-30,wk inc flu hosp,quantile,0.8,38.17677612883794
UMass-flusion_spatial2,44,1,2024-01-06,2023-12-30,wk inc flu hosp,quantile,0.85,40.84909241554277
UMass-flusion_spatial2,44,1,2024-01-06,2023-12-30,wk inc flu hosp,quantile,0.9,45.343233320745185
UMass-flusion_spatial2,44,1,2024-01-06,2023-12-30,wk inc flu hosp,quantile,0.95,52.121916161745816
UMass-flusion_spatial2,44,1,2024-01-06,2023-12-30,wk inc flu hosp,quantile,0.975,56.16864216987756
UMass-flusion_spatial2,44,1,2024-01-06,2023-12-30,wk inc flu hosp,quantile,0.99,63.860265379997486
UMass-flusion_spatial2,44,2,2024-01-13,2023-12-30,wk inc flu hosp,quantile,0.01,2.501665667578448
UMass-flusion_spatial2,44,2,2024-01-13,2023-12-30,wk inc flu hosp,quantile,0.025,4.3024491664922255
UMass-flusion_spatial2,44,2,2024-01-13,2023-12-30,wk inc flu hosp,quantile,0.05,6.832533781435937
UMass-flusion_spatial2,44,2,2024-01-13,2023-12-30,wk inc flu hosp,quantile,0.1,9.726136872890219
UMass-flusion_spatial2,44,2,2024-01-13,2023-12-30,wk inc flu hosp,quantile,0.15,11.79528678824181
UMass-flusion_spatial2,44,2,2024-01-13,2023-12-30,wk inc flu hosp,quantile,0.2,13.786369496195299
UMass-flusion_spatial2,44,2,2024-01-13,2023-12-30,wk inc flu hosp,quantile,0.25,15.277383048331409
UMass-flusion_spatial2,44,2,2024-01-13,2023-12-30,wk inc flu hosp,quantile,0.3,17.028815305069198
UMass-flusion_spatial2,44,2,2024-01-13,2023-12-30,wk inc flu hosp,quantile,0.35,18.461000671436636
UMass-flusion_spatial2,44,2,2024-01-13,2023-12-30,wk inc flu hosp,quantile,0.4,20.44597541471805
UMass-flusion_spatial2,44,2,2024-01-13,2023-12-30,wk inc flu hosp,quantile,0.45,22.335585290924445
UMass-flusion_spatial2,44,2,2024-01-13,2023-12-30,wk inc flu hosp,quantile,0.5,24.708743762491192
UMass-flusion_spatial2,44,2,2024-01-13,2023-12-30,wk inc flu hosp,quantile,0.55,26.453994407912848
UMass-flusion_spatial2,44,2,2024-01-13,2023-12-30,wk inc flu hosp,quantile,0.6,29.158677315592854
UMass-flusion_spatial2,44,2,2024-01-13,2023-12-30,wk inc flu hosp,quantile,0.65,31.766130495263187
UMass-flusion_spatial2,44,2,2024-01-13,2023-12-30,wk inc flu hosp,quantile,0.7,34.76179210967335
UMass-flusion_spatial2,44,2,2024-01-13,2023-12-30,wk inc flu hosp,quantile,0.75,37.21727768649242
UMass-flusion_spatial2,44,2,2024-01-13,2023-12-30,wk inc flu hosp,quantile,0.8,40.944696301164946
UMass-flusion_spatial2,44,2,2024-01-13,2023-12-30,wk inc flu hosp,quantile,0.85,44.6015820223115
UMass-flusion_spatial2,44,2,2024-01-13,2023-12-30,wk inc flu hosp,quantile,0.9,52.38324355309057
UMass-flusion_spatial2,44,2,2024-01-13,2023-12-30,wk inc flu hosp,quantile,0.95,62.789281681598496
UMass-flusion_spatial2,44,2,2024-01-13,2023-12-30,wk inc flu hosp,quantile,0.975,70.98630160245862
UMass-flusion_spatial2,44,2,2024-01-13,2023-12-30,wk inc flu hosp,quantile,0.99,82.15845588636677
UMass-flusion_spatial2,44,3,2024-01-20,2023-12-30,wk inc flu hosp,quantile,0.01,2.226811773357003
UMass-flusion_spatial2,44,3,2024-01-20,2023-12-30,wk inc flu hosp,quantile,0.025,3.486770467614269
UMass-flusion_spatial2,44,3,2024-01-20,2023-12-30,wk inc flu hosp,quantile,0.05,5.40865674263838
UMass-flusion_spatial2,44,3,2024-01-20,2023-12-30,wk inc flu hosp,quantile,0.1,8.108109863804213
UMass-flusion_spatial2,44,3,2024-01-20,2023-12-30,wk inc flu hosp,quantile,0.15,10.25751884583514
UMass-flusion_spatial2,44,3,2024-01-20,2023-12-30,wk inc flu hosp,quantile,0.2,11.899222570760866
UMass-flusion_spatial2,44,3,2024-01-20,2023-12-30,wk inc flu hosp,quantile,0.25,13.553503727903045
UMass-flusion_spatial2,44,3,2024-01-20,2023-12-30,wk inc flu hosp,quantile,0.3,14.871227333479645
UMass-flusion_spatial2,44,3,2024-01-20,2023-12-30,wk inc flu hosp,quantile,0.35,16.488003577559596
UMass-flusion_spatial2,44,3,2024-01-20,2023-12-30,wk inc flu hosp,quantile,0.4,18.640204417954045
UMass-flusion_spatial2,44,3,2024-01-20,2023-12-30,wk inc flu hosp,quantile,0.45,20.42696702087717
UMass-flusion_spatial2,44,3,2024-01-20,2023-12-30,wk inc flu hosp,quantile,0.5,22.615175786611033
UMass-flusion_spatial2,44,3,2024-01-20,2023-12-30,wk inc flu hosp,quantile,0.55,24.86416119008131
UMass-flusion_spatial2,44,3,2024-01-20,2023-12-30,wk inc flu hosp,quantile,0.6,28.046201725800035
UMass-flusion_spatial2,44,3,2024-01-20,2023-12-30,wk inc flu hosp,quantile,0.65,30.514540750908417
UMass-flusion_spatial2,44,3,2024-01-20,2023-12-30,wk inc flu hosp,quantile,0.7,33.22951001480456
UMass-flusion_spatial2,44,3,2024-01-20,2023-12-30,wk inc flu hosp,quantile,0.75,36.630764195673265
UMass-flusion_spatial2,44,3,2024-01-20,2023-12-30,wk inc flu hosp,quantile,0.8,41.08062428986915
UMass-flusion_spatial2,44,3,2024-01-20,2023-12-30,wk inc flu hosp,quantile,0.85,46.45905975241238
UMass-flusion_spatial2,44,3,2024-01-20,2023-12-30,wk inc flu hosp,quantile,0.9,56.22502106507787
UMass-flusion_spatial2,44,3,2024-01-20,2023-12-30,wk inc flu hosp,quantile,0.95,70.51842541988452
UMass-flusion_spatial2,44,3,2024-01-20,2023-12-30,wk inc flu hosp,quantile,0.975,82.41223875648237
UMass-flusion_spatial2,44,3,2024-01-20,2023-12-30,wk inc flu hosp,quantile,0.99,97.21348790523705
UMass-flusion_spatial2,45,0,2023-12-30,2023-12-30,wk inc flu hosp,quantile,0.01,253.11621712137057
UMass-flusion_spatial2,45,0,2023-12-30,2023-12-30,wk inc flu hosp,quantile,0.025,280.83103953924933
UMass-flusion_spatial2,45,0,2023-12-30,2023-12-30,wk inc flu hosp,quantile,0.05,302.3186567862483
UMass-flusion_spatial2,45,0,2023-12-30,2023-12-30,wk inc flu hosp,quantile,0.1,333.36642591860186
UMass-flusion_spatial2,45,0,2023-12-30,2023-12-30,wk inc flu hosp,quantile,0.15,353.3530781385696
UMass-flusion_spatial2,45,0,2023-12-30,2023-12-30,wk inc flu hosp,quantile,0.2,366.9975949232181
UMass-flusion_spatial2,45,0,2023-12-30,2023-12-30,wk inc flu hosp,quantile,0.25,377.8868463154834
UMass-flusion_spatial2,45,0,2023-12-30,2023-12-30,wk inc flu hosp,quantile,0.3,387.6770593584073
UMass-flusion_spatial2,45,0,2023-12-30,2023-12-30,wk inc flu hosp,quantile,0.35,401.5358549466446
UMass-flusion_spatial2,45,0,2023-12-30,2023-12-30,wk inc flu hosp,quantile,0.4,415.2857277772546
UMass-flusion_spatial2,45,0,2023-12-30,2023-12-30,wk inc flu hosp,quantile,0.45,426.62468695705195
UMass-flusion_spatial2,45,0,2023-12-30,2023-12-30,wk inc flu hosp,quantile,0.5,440.3957771982617
UMass-flusion_spatial2,45,0,2023-12-30,2023-12-30,wk inc flu hosp,quantile,0.55,451.7119510249783
UMass-flusion_spatial2,45,0,2023-12-30,2023-12-30,wk inc flu hosp,quantile,0.6,470.82665204103745
UMass-flusion_spatial2,45,0,2023-12-30,2023-12-30,wk inc flu hosp,quantile,0.65,489.7351768797058
UMass-flusion_spatial2,45,0,2023-12-30,2023-12-30,wk inc flu hosp,quantile,0.7,501.3328324369178
UMass-flusion_spatial2,45,0,2023-12-30,2023-12-30,wk inc flu hosp,quantile,0.75,509.4201014406632
UMass-flusion_spatial2,45,0,2023-12-30,2023-12-30,wk inc flu hosp,quantile,0.8,522.0374141509876
UMass-flusion_spatial2,45,0,2023-12-30,2023-12-30,wk inc flu hosp,quantile,0.85,531.0713386780608
UMass-flusion_spatial2,45,0,2023-12-30,2023-12-30,wk inc flu hosp,quantile,0.9,546.1314096819237
UMass-flusion_spatial2,45,0,2023-12-30,2023-12-30,wk inc flu hosp,quantile,0.95,575.8047668868111
UMass-flusion_spatial2,45,0,2023-12-30,2023-12-30,wk inc flu hosp,quantile,0.975,601.9059767138122
UMass-flusion_spatial2,45,0,2023-12-30,2023-12-30,wk inc flu hosp,quantile,0.99,649.8692586057194
UMass-flusion_spatial2,45,1,2024-01-06,2023-12-30,wk inc flu hosp,quantile,0.01,219.59745067279113
UMass-flusion_spatial2,45,1,2024-01-06,2023-12-30,wk inc flu hosp,quantile,0.025,244.30187582091514
UMass-flusion_spatial2,45,1,2024-01-06,2023-12-30,wk inc flu hosp,quantile,0.05,268.50436289073815
UMass-flusion_spatial2,45,1,2024-01-06,2023-12-30,wk inc flu hosp,quantile,0.1,307.17746503138073
UMass-flusion_spatial2,45,1,2024-01-06,2023-12-30,wk inc flu hosp,quantile,0.15,330.3279886994628
UMass-flusion_spatial2,45,1,2024-01-06,2023-12-30,wk inc flu hosp,quantile,0.2,345.84844846379707
UMass-flusion_spatial2,45,1,2024-01-06,2023-12-30,wk inc flu hosp,quantile,0.25,360.599556472986
UMass-flusion_spatial2,45,1,2024-01-06,2023-12-30,wk inc flu hosp,quantile,0.3,372.8498421084748
UMass-flusion_spatial2,45,1,2024-01-06,2023-12-30,wk inc flu hosp,quantile,0.35,389.247333457733
UMass-flusion_spatial2,45,1,2024-01-06,2023-12-30,wk inc flu hosp,quantile,0.4,403.56807983382623
UMass-flusion_spatial2,45,1,2024-01-06,2023-12-30,wk inc flu hosp,quantile,0.45,419.4623492392088
UMass-flusion_spatial2,45,1,2024-01-06,2023-12-30,wk inc flu hosp,quantile,0.5,435.5010178847232
UMass-flusion_spatial2,45,1,2024-01-06,2023-12-30,wk inc flu hosp,quantile,0.55,451.20706105135923
UMass-flusion_spatial2,45,1,2024-01-06,2023-12-30,wk inc flu hosp,quantile,0.6,465.77091413020224
UMass-flusion_spatial2,45,1,2024-01-06,2023-12-30,wk inc flu hosp,quantile,0.65,483.8003328616297
UMass-flusion_spatial2,45,1,2024-01-06,2023-12-30,wk inc flu hosp,quantile,0.7,500.00631252600596
UMass-flusion_spatial2,45,1,2024-01-06,2023-12-30,wk inc flu hosp,quantile,0.75,518.5233218189321
UMass-flusion_spatial2,45,1,2024-01-06,2023-12-30,wk inc flu hosp,quantile,0.8,542.4823751061515
UMass-flusion_spatial2,45,1,2024-01-06,2023-12-30,wk inc flu hosp,quantile,0.85,563.9631545992561
UMass-flusion_spatial2,45,1,2024-01-06,2023-12-30,wk inc flu hosp,quantile,0.9,592.5016123640177
UMass-flusion_spatial2,45,1,2024-01-06,2023-12-30,wk inc flu hosp,quantile,0.95,650.2344272762077
UMass-flusion_spatial2,45,1,2024-01-06,2023-12-30,wk inc flu hosp,quantile,0.975,694.3530458216151
UMass-flusion_spatial2,45,1,2024-01-06,2023-12-30,wk inc flu hosp,quantile,0.99,760.0935308250067
UMass-flusion_spatial2,45,2,2024-01-13,2023-12-30,wk inc flu hosp,quantile,0.01,179.89877458536245
UMass-flusion_spatial2,45,2,2024-01-13,2023-12-30,wk inc flu hosp,quantile,0.025,203.42978609111785
UMass-flusion_spatial2,45,2,2024-01-13,2023-12-30,wk inc flu hosp,quantile,0.05,230.64015382774306
UMass-flusion_spatial2,45,2,2024-01-13,2023-12-30,wk inc flu hosp,quantile,0.1,263.37943316303034
UMass-flusion_spatial2,45,2,2024-01-13,2023-12-30,wk inc flu hosp,quantile,0.15,292.80751404895125
UMass-flusion_spatial2,45,2,2024-01-13,2023-12-30,wk inc flu hosp,quantile,0.2,310.5054347357169
UMass-flusion_spatial2,45,2,2024-01-13,2023-12-30,wk inc flu hosp,quantile,0.25,324.43696202401657
UMass-flusion_spatial2,45,2,2024-01-13,2023-12-30,wk inc flu hosp,quantile,0.3,339.3800835573439
UMass-flusion_spatial2,45,2,2024-01-13,2023-12-30,wk inc flu hosp,quantile,0.35,357.0993689394985
UMass-flusion_spatial2,45,2,2024-01-13,2023-12-30,wk inc flu hosp,quantile,0.4,377.7340722570331
UMass-flusion_spatial2,45,2,2024-01-13,2023-12-30,wk inc flu hosp,quantile,0.45,393.7078562637321
UMass-flusion_spatial2,45,2,2024-01-13,2023-12-30,wk inc flu hosp,quantile,0.5,410.90274870747936
UMass-flusion_spatial2,45,2,2024-01-13,2023-12-30,wk inc flu hosp,quantile,0.55,427.5518890050825
UMass-flusion_spatial2,45,2,2024-01-13,2023-12-30,wk inc flu hosp,quantile,0.6,445.3143953403389
UMass-flusion_spatial2,45,2,2024-01-13,2023-12-30,wk inc flu hosp,quantile,0.65,462.48074747494195
UMass-flusion_spatial2,45,2,2024-01-13,2023-12-30,wk inc flu hosp,quantile,0.7,479.73965495379025
UMass-flusion_spatial2,45,2,2024-01-13,2023-12-30,wk inc flu hosp,quantile,0.75,501.7983561682356
UMass-flusion_spatial2,45,2,2024-01-13,2023-12-30,wk inc flu hosp,quantile,0.8,534.8529629658708
UMass-flusion_spatial2,45,2,2024-01-13,2023-12-30,wk inc flu hosp,quantile,0.85,561.6081651367908
UMass-flusion_spatial2,45,2,2024-01-13,2023-12-30,wk inc flu hosp,quantile,0.9,604.4833437739486
UMass-flusion_spatial2,45,2,2024-01-13,2023-12-30,wk inc flu hosp,quantile,0.95,673.0186971059715
UMass-flusion_spatial2,45,2,2024-01-13,2023-12-30,wk inc flu hosp,quantile,0.975,751.098643824002
UMass-flusion_spatial2,45,2,2024-01-13,2023-12-30,wk inc flu hosp,quantile,0.99,850.6906933453429
UMass-flusion_spatial2,45,3,2024-01-20,2023-12-30,wk inc flu hosp,quantile,0.01,143.67063076364056
UMass-flusion_spatial2,45,3,2024-01-20,2023-12-30,wk inc flu hosp,quantile,0.025,167.75208819656365
UMass-flusion_spatial2,45,3,2024-01-20,2023-12-30,wk inc flu hosp,quantile,0.05,190.48407140523983
UMass-flusion_spatial2,45,3,2024-01-20,2023-12-30,wk inc flu hosp,quantile,0.1,227.72035382042043
UMass-flusion_spatial2,45,3,2024-01-20,2023-12-30,wk inc flu hosp,quantile,0.15,254.40404022824495
UMass-flusion_spatial2,45,3,2024-01-20,2023-12-30,wk inc flu hosp,quantile,0.2,273.09902005805293
UMass-flusion_spatial2,45,3,2024-01-20,2023-12-30,wk inc flu hosp,quantile,0.25,292.4151125840507
UMass-flusion_spatial2,45,3,2024-01-20,2023-12-30,wk inc flu hosp,quantile,0.3,301.90029821383735
UMass-flusion_spatial2,45,3,2024-01-20,2023-12-30,wk inc flu hosp,quantile,0.35,320.32698949828404
UMass-flusion_spatial2,45,3,2024-01-20,2023-12-30,wk inc flu hosp,quantile,0.4,341.5561626919281
UMass-flusion_spatial2,45,3,2024-01-20,2023-12-30,wk inc flu hosp,quantile,0.45,357.90543133597566
UMass-flusion_spatial2,45,3,2024-01-20,2023-12-30,wk inc flu hosp,quantile,0.5,376.49428683257975
UMass-flusion_spatial2,45,3,2024-01-20,2023-12-30,wk inc flu hosp,quantile,0.55,394.1380294551816
UMass-flusion_spatial2,45,3,2024-01-20,2023-12-30,wk inc flu hosp,quantile,0.6,416.6624015233223
UMass-flusion_spatial2,45,3,2024-01-20,2023-12-30,wk inc flu hosp,quantile,0.65,435.0568510883021
UMass-flusion_spatial2,45,3,2024-01-20,2023-12-30,wk inc flu hosp,quantile,0.7,453.32298977869425
UMass-flusion_spatial2,45,3,2024-01-20,2023-12-30,wk inc flu hosp,quantile,0.75,474.7750071581069
UMass-flusion_spatial2,45,3,2024-01-20,2023-12-30,wk inc flu hosp,quantile,0.8,511.12661548990167
UMass-flusion_spatial2,45,3,2024-01-20,2023-12-30,wk inc flu hosp,quantile,0.85,551.4354059792599
UMass-flusion_spatial2,45,3,2024-01-20,2023-12-30,wk inc flu hosp,quantile,0.9,613.421443624685
UMass-flusion_spatial2,45,3,2024-01-20,2023-12-30,wk inc flu hosp,quantile,0.95,699.5123362020333
UMass-flusion_spatial2,45,3,2024-01-20,2023-12-30,wk inc flu hosp,quantile,0.975,774.2602903291299
UMass-flusion_spatial2,45,3,2024-01-20,2023-12-30,wk inc flu hosp,quantile,0.99,886.6916533980793
UMass-flusion_spatial2,46,0,2023-12-30,2023-12-30,wk inc flu hosp,quantile,0.01,13.1582756378738
UMass-flusion_spatial2,46,0,2023-12-30,2023-12-30,wk inc flu hosp,quantile,0.025,16.52714049135004
UMass-flusion_spatial2,46,0,2023-12-30,2023-12-30,wk inc flu hosp,quantile,0.05,21.234141479994623
UMass-flusion_spatial2,46,0,2023-12-30,2023-12-30,wk inc flu hosp,quantile,0.1,25.798235899133456
UMass-flusion_spatial2,46,0,2023-12-30,2023-12-30,wk inc flu hosp,quantile,0.15,30.369967899030005
UMass-flusion_spatial2,46,0,2023-12-30,2023-12-30,wk inc flu hosp,quantile,0.2,34.172625699773036
UMass-flusion_spatial2,46,0,2023-12-30,2023-12-30,wk inc flu hosp,quantile,0.25,37.32378824291387
UMass-flusion_spatial2,46,0,2023-12-30,2023-12-30,wk inc flu hosp,quantile,0.3,39.60364661281874
UMass-flusion_spatial2,46,0,2023-12-30,2023-12-30,wk inc flu hosp,quantile,0.35,41.801260485893664
UMass-flusion_spatial2,46,0,2023-12-30,2023-12-30,wk inc flu hosp,quantile,0.4,43.19196254721395
UMass-flusion_spatial2,46,0,2023-12-30,2023-12-30,wk inc flu hosp,quantile,0.45,45.14548829222325
UMass-flusion_spatial2,46,0,2023-12-30,2023-12-30,wk inc flu hosp,quantile,0.5,46.928947526377804
UMass-flusion_spatial2,46,0,2023-12-30,2023-12-30,wk inc flu hosp,quantile,0.55,48.62875263019578
UMass-flusion_spatial2,46,0,2023-12-30,2023-12-30,wk inc flu hosp,quantile,0.6,50.28115074812375
UMass-flusion_spatial2,46,0,2023-12-30,2023-12-30,wk inc flu hosp,quantile,0.65,52.944263894534934
UMass-flusion_spatial2,46,0,2023-12-30,2023-12-30,wk inc flu hosp,quantile,0.7,55.51390530656391
UMass-flusion_spatial2,46,0,2023-12-30,2023-12-30,wk inc flu hosp,quantile,0.75,56.789188536474185
UMass-flusion_spatial2,46,0,2023-12-30,2023-12-30,wk inc flu hosp,quantile,0.8,58.37112249289514
UMass-flusion_spatial2,46,0,2023-12-30,2023-12-30,wk inc flu hosp,quantile,0.85,61.10584317472386
UMass-flusion_spatial2,46,0,2023-12-30,2023-12-30,wk inc flu hosp,quantile,0.9,64.32844685062659
UMass-flusion_spatial2,46,0,2023-12-30,2023-12-30,wk inc flu hosp,quantile,0.95,70.20554315746755
UMass-flusion_spatial2,46,0,2023-12-30,2023-12-30,wk inc flu hosp,quantile,0.975,76.74421487107652
UMass-flusion_spatial2,46,0,2023-12-30,2023-12-30,wk inc flu hosp,quantile,0.99,89.84304551964065
UMass-flusion_spatial2,46,1,2024-01-06,2023-12-30,wk inc flu hosp,quantile,0.01,10.298799583110968
UMass-flusion_spatial2,46,1,2024-01-06,2023-12-30,wk inc flu hosp,quantile,0.025,14.195640502670342
UMass-flusion_spatial2,46,1,2024-01-06,2023-12-30,wk inc flu hosp,quantile,0.05,19.414171891844816
UMass-flusion_spatial2,46,1,2024-01-06,2023-12-30,wk inc flu hosp,quantile,0.1,25.271656478662067
UMass-flusion_spatial2,46,1,2024-01-06,2023-12-30,wk inc flu hosp,quantile,0.15,31.24527857307906
UMass-flusion_spatial2,46,1,2024-01-06,2023-12-30,wk inc flu hosp,quantile,0.2,35.81536913319074
UMass-flusion_spatial2,46,1,2024-01-06,2023-12-30,wk inc flu hosp,quantile,0.25,39.7053592535114
UMass-flusion_spatial2,46,1,2024-01-06,2023-12-30,wk inc flu hosp,quantile,0.3,43.29779047752662
UMass-flusion_spatial2,46,1,2024-01-06,2023-12-30,wk inc flu hosp,quantile,0.35,45.807082297372084
UMass-flusion_spatial2,46,1,2024-01-06,2023-12-30,wk inc flu hosp,quantile,0.4,48.81273209122638
UMass-flusion_spatial2,46,1,2024-01-06,2023-12-30,wk inc flu hosp,quantile,0.45,51.04101016260362
UMass-flusion_spatial2,46,1,2024-01-06,2023-12-30,wk inc flu hosp,quantile,0.5,54.4537419898146
UMass-flusion_spatial2,46,1,2024-01-06,2023-12-30,wk inc flu hosp,quantile,0.55,57.157269250771186
UMass-flusion_spatial2,46,1,2024-01-06,2023-12-30,wk inc flu hosp,quantile,0.6,60.69713522429806
UMass-flusion_spatial2,46,1,2024-01-06,2023-12-30,wk inc flu hosp,quantile,0.65,65.109855667376
UMass-flusion_spatial2,46,1,2024-01-06,2023-12-30,wk inc flu hosp,quantile,0.7,70.04628536373471
UMass-flusion_spatial2,46,1,2024-01-06,2023-12-30,wk inc flu hosp,quantile,0.75,73.92448584389527
UMass-flusion_spatial2,46,1,2024-01-06,2023-12-30,wk inc flu hosp,quantile,0.8,78.19183796340427
UMass-flusion_spatial2,46,1,2024-01-06,2023-12-30,wk inc flu hosp,quantile,0.85,82.40413072194838
UMass-flusion_spatial2,46,1,2024-01-06,2023-12-30,wk inc flu hosp,quantile,0.9,89.76462643344883
UMass-flusion_spatial2,46,1,2024-01-06,2023-12-30,wk inc flu hosp,quantile,0.95,102.2537108713843
UMass-flusion_spatial2,46,1,2024-01-06,2023-12-30,wk inc flu hosp,quantile,0.975,111.41792567845043
UMass-flusion_spatial2,46,1,2024-01-06,2023-12-30,wk inc flu hosp,quantile,0.99,128.40166884580586
UMass-flusion_spatial2,46,2,2024-01-13,2023-12-30,wk inc flu hosp,quantile,0.01,7.84706518004826
UMass-flusion_spatial2,46,2,2024-01-13,2023-12-30,wk inc flu hosp,quantile,0.025,11.60223457346601
UMass-flusion_spatial2,46,2,2024-01-13,2023-12-30,wk inc flu hosp,quantile,0.05,16.888284260710577
UMass-flusion_spatial2,46,2,2024-01-13,2023-12-30,wk inc flu hosp,quantile,0.1,24.040184177802296
UMass-flusion_spatial2,46,2,2024-01-13,2023-12-30,wk inc flu hosp,quantile,0.15,30.33317814447784
UMass-flusion_spatial2,46,2,2024-01-13,2023-12-30,wk inc flu hosp,quantile,0.2,35.76880069119126
UMass-flusion_spatial2,46,2,2024-01-13,2023-12-30,wk inc flu hosp,quantile,0.25,40.40387014440843
UMass-flusion_spatial2,46,2,2024-01-13,2023-12-30,wk inc flu hosp,quantile,0.3,45.112996293861784
UMass-flusion_spatial2,46,2,2024-01-13,2023-12-30,wk inc flu hosp,quantile,0.35,48.14643034638869
UMass-flusion_spatial2,46,2,2024-01-13,2023-12-30,wk inc flu hosp,quantile,0.4,51.698828321869044
UMass-flusion_spatial2,46,2,2024-01-13,2023-12-30,wk inc flu hosp,quantile,0.45,55.5979744739291
UMass-flusion_spatial2,46,2,2024-01-13,2023-12-30,wk inc flu hosp,quantile,0.5,59.653049316139665
UMass-flusion_spatial2,46,2,2024-01-13,2023-12-30,wk inc flu hosp,quantile,0.55,63.93858245018242
UMass-flusion_spatial2,46,2,2024-01-13,2023-12-30,wk inc flu hosp,quantile,0.6,68.62984980669418
UMass-flusion_spatial2,46,2,2024-01-13,2023-12-30,wk inc flu hosp,quantile,0.65,74.98230330832452
UMass-flusion_spatial2,46,2,2024-01-13,2023-12-30,wk inc flu hosp,quantile,0.7,81.21027709499037
UMass-flusion_spatial2,46,2,2024-01-13,2023-12-30,wk inc flu hosp,quantile,0.75,88.01245953222076
UMass-flusion_spatial2,46,2,2024-01-13,2023-12-30,wk inc flu hosp,quantile,0.8,94.09661479827503
UMass-flusion_spatial2,46,2,2024-01-13,2023-12-30,wk inc flu hosp,quantile,0.85,101.6380609409915
UMass-flusion_spatial2,46,2,2024-01-13,2023-12-30,wk inc flu hosp,quantile,0.9,113.54679175467278
UMass-flusion_spatial2,46,2,2024-01-13,2023-12-30,wk inc flu hosp,quantile,0.95,134.75325705235662
UMass-flusion_spatial2,46,2,2024-01-13,2023-12-30,wk inc flu hosp,quantile,0.975,151.85308079520638
UMass-flusion_spatial2,46,2,2024-01-13,2023-12-30,wk inc flu hosp,quantile,0.99,180.37900572170057
UMass-flusion_spatial2,46,3,2024-01-20,2023-12-30,wk inc flu hosp,quantile,0.01,6.237407295051724
UMass-flusion_spatial2,46,3,2024-01-20,2023-12-30,wk inc flu hosp,quantile,0.025,9.902823962406146
UMass-flusion_spatial2,46,3,2024-01-20,2023-12-30,wk inc flu hosp,quantile,0.05,15.192407540069635
UMass-flusion_spatial2,46,3,2024-01-20,2023-12-30,wk inc flu hosp,quantile,0.1,22.266603679030222
UMass-flusion_spatial2,46,3,2024-01-20,2023-12-30,wk inc flu hosp,quantile,0.15,28.94056855780513
UMass-flusion_spatial2,46,3,2024-01-20,2023-12-30,wk inc flu hosp,quantile,0.2,34.77782926601711
UMass-flusion_spatial2,46,3,2024-01-20,2023-12-30,wk inc flu hosp,quantile,0.25,39.46401434836599
UMass-flusion_spatial2,46,3,2024-01-20,2023-12-30,wk inc flu hosp,quantile,0.3,44.40928048054059
UMass-flusion_spatial2,46,3,2024-01-20,2023-12-30,wk inc flu hosp,quantile,0.35,48.460977741367785
UMass-flusion_spatial2,46,3,2024-01-20,2023-12-30,wk inc flu hosp,quantile,0.4,52.676023720547846
UMass-flusion_spatial2,46,3,2024-01-20,2023-12-30,wk inc flu hosp,quantile,0.45,56.9738496538136
UMass-flusion_spatial2,46,3,2024-01-20,2023-12-30,wk inc flu hosp,quantile,0.5,61.37682202855156
UMass-flusion_spatial2,46,3,2024-01-20,2023-12-30,wk inc flu hosp,quantile,0.55,67.24915586139971
UMass-flusion_spatial2,46,3,2024-01-20,2023-12-30,wk inc flu hosp,quantile,0.6,73.22673744284
UMass-flusion_spatial2,46,3,2024-01-20,2023-12-30,wk inc flu hosp,quantile,0.65,80.83503992452899
UMass-flusion_spatial2,46,3,2024-01-20,2023-12-30,wk inc flu hosp,quantile,0.7,87.39175544544571
UMass-flusion_spatial2,46,3,2024-01-20,2023-12-30,wk inc flu hosp,quantile,0.75,95.48054453392706
UMass-flusion_spatial2,46,3,2024-01-20,2023-12-30,wk inc flu hosp,quantile,0.8,103.34711707001662
UMass-flusion_spatial2,46,3,2024-01-20,2023-12-30,wk inc flu hosp,quantile,0.85,116.0867628412058
UMass-flusion_spatial2,46,3,2024-01-20,2023-12-30,wk inc flu hosp,quantile,0.9,130.81619085473375
UMass-flusion_spatial2,46,3,2024-01-20,2023-12-30,wk inc flu hosp,quantile,0.95,162.82529995746262
UMass-flusion_spatial2,46,3,2024-01-20,2023-12-30,wk inc flu hosp,quantile,0.975,190.55069366739775
UMass-flusion_spatial2,46,3,2024-01-20,2023-12-30,wk inc flu hosp,quantile,0.99,233.1617365307102
UMass-flusion_spatial2,47,0,2023-12-30,2023-12-30,wk inc flu hosp,quantile,0.01,178.03416895803377
UMass-flusion_spatial2,47,0,2023-12-30,2023-12-30,wk inc flu hosp,quantile,0.025,207.60111334823586
UMass-flusion_spatial2,47,0,2023-12-30,2023-12-30,wk inc flu hosp,quantile,0.05,231.1005589484816
UMass-flusion_spatial2,47,0,2023-12-30,2023-12-30,wk inc flu hosp,quantile,0.1,254.15793309823732
UMass-flusion_spatial2,47,0,2023-12-30,2023-12-30,wk inc flu hosp,quantile,0.15,275.60484236994444
UMass-flusion_spatial2,47,0,2023-12-30,2023-12-30,wk inc flu hosp,quantile,0.2,295.4787621809165
UMass-flusion_spatial2,47,0,2023-12-30,2023-12-30,wk inc flu hosp,quantile,0.25,310.59609727452676
UMass-flusion_spatial2,47,0,2023-12-30,2023-12-30,wk inc flu hosp,quantile,0.3,321.19018621976386
UMass-flusion_spatial2,47,0,2023-12-30,2023-12-30,wk inc flu hosp,quantile,0.35,326.2317636547344
UMass-flusion_spatial2,47,0,2023-12-30,2023-12-30,wk inc flu hosp,quantile,0.4,331.01158947556485
UMass-flusion_spatial2,47,0,2023-12-30,2023-12-30,wk inc flu hosp,quantile,0.45,343.1048755982347
UMass-flusion_spatial2,47,0,2023-12-30,2023-12-30,wk inc flu hosp,quantile,0.5,350.8569939948651
UMass-flusion_spatial2,47,0,2023-12-30,2023-12-30,wk inc flu hosp,quantile,0.55,362.15427008153284
UMass-flusion_spatial2,47,0,2023-12-30,2023-12-30,wk inc flu hosp,quantile,0.6,371.55652337579727
UMass-flusion_spatial2,47,0,2023-12-30,2023-12-30,wk inc flu hosp,quantile,0.65,386.96617577932193
UMass-flusion_spatial2,47,0,2023-12-30,2023-12-30,wk inc flu hosp,quantile,0.7,399.8973194970789
UMass-flusion_spatial2,47,0,2023-12-30,2023-12-30,wk inc flu hosp,quantile,0.75,410.4727109305468
UMass-flusion_spatial2,47,0,2023-12-30,2023-12-30,wk inc flu hosp,quantile,0.8,423.19559914855586
UMass-flusion_spatial2,47,0,2023-12-30,2023-12-30,wk inc flu hosp,quantile,0.85,432.89319453133083
UMass-flusion_spatial2,47,0,2023-12-30,2023-12-30,wk inc flu hosp,quantile,0.9,448.01403259144024
UMass-flusion_spatial2,47,0,2023-12-30,2023-12-30,wk inc flu hosp,quantile,0.95,482.02831946583973
UMass-flusion_spatial2,47,0,2023-12-30,2023-12-30,wk inc flu hosp,quantile,0.975,508.9595459471376
UMass-flusion_spatial2,47,0,2023-12-30,2023-12-30,wk inc flu hosp,quantile,0.99,549.6340331142441
UMass-flusion_spatial2,47,1,2024-01-06,2023-12-30,wk inc flu hosp,quantile,0.01,148.59550561381786
UMass-flusion_spatial2,47,1,2024-01-06,2023-12-30,wk inc flu hosp,quantile,0.025,179.23721892852433
UMass-flusion_spatial2,47,1,2024-01-06,2023-12-30,wk inc flu hosp,quantile,0.05,207.57466356182468
UMass-flusion_spatial2,47,1,2024-01-06,2023-12-30,wk inc flu hosp,quantile,0.1,239.59727060665563
UMass-flusion_spatial2,47,1,2024-01-06,2023-12-30,wk inc flu hosp,quantile,0.15,265.25677940606056
UMass-flusion_spatial2,47,1,2024-01-06,2023-12-30,wk inc flu hosp,quantile,0.2,288.8894284210729
UMass-flusion_spatial2,47,1,2024-01-06,2023-12-30,wk inc flu hosp,quantile,0.25,306.86769213394626
UMass-flusion_spatial2,47,1,2024-01-06,2023-12-30,wk inc flu hosp,quantile,0.3,320.6581229446279
UMass-flusion_spatial2,47,1,2024-01-06,2023-12-30,wk inc flu hosp,quantile,0.35,329.09114143916497
UMass-flusion_spatial2,47,1,2024-01-06,2023-12-30,wk inc flu hosp,quantile,0.4,334.6240085382876
UMass-flusion_spatial2,47,1,2024-01-06,2023-12-30,wk inc flu hosp,quantile,0.45,350.0608088039613
UMass-flusion_spatial2,47,1,2024-01-06,2023-12-30,wk inc flu hosp,quantile,0.5,363.41091927613434
UMass-flusion_spatial2,47,1,2024-01-06,2023-12-30,wk inc flu hosp,quantile,0.55,376.67963064381405
UMass-flusion_spatial2,47,1,2024-01-06,2023-12-30,wk inc flu hosp,quantile,0.6,391.4757856859685
UMass-flusion_spatial2,47,1,2024-01-06,2023-12-30,wk inc flu hosp,quantile,0.65,410.03712717319564
UMass-flusion_spatial2,47,1,2024-01-06,2023-12-30,wk inc flu hosp,quantile,0.7,425.10873475248957
UMass-flusion_spatial2,47,1,2024-01-06,2023-12-30,wk inc flu hosp,quantile,0.75,441.81441701011295
UMass-flusion_spatial2,47,1,2024-01-06,2023-12-30,wk inc flu hosp,quantile,0.8,463.7196513461303
UMass-flusion_spatial2,47,1,2024-01-06,2023-12-30,wk inc flu hosp,quantile,0.85,486.76465193902527
UMass-flusion_spatial2,47,1,2024-01-06,2023-12-30,wk inc flu hosp,quantile,0.9,519.9441698298972
UMass-flusion_spatial2,47,1,2024-01-06,2023-12-30,wk inc flu hosp,quantile,0.95,575.2884923762263
UMass-flusion_spatial2,47,1,2024-01-06,2023-12-30,wk inc flu hosp,quantile,0.975,619.2376560172729
UMass-flusion_spatial2,47,1,2024-01-06,2023-12-30,wk inc flu hosp,quantile,0.99,690.1862596386458
UMass-flusion_spatial2,47,2,2024-01-13,2023-12-30,wk inc flu hosp,quantile,0.01,119.97384488395546
UMass-flusion_spatial2,47,2,2024-01-13,2023-12-30,wk inc flu hosp,quantile,0.025,150.30752322061164
UMass-flusion_spatial2,47,2,2024-01-13,2023-12-30,wk inc flu hosp,quantile,0.05,182.40584747108426
UMass-flusion_spatial2,47,2,2024-01-13,2023-12-30,wk inc flu hosp,quantile,0.1,216.4695837433532
UMass-flusion_spatial2,47,2,2024-01-13,2023-12-30,wk inc flu hosp,quantile,0.15,243.7734548844318
UMass-flusion_spatial2,47,2,2024-01-13,2023-12-30,wk inc flu hosp,quantile,0.2,268.472260951277
UMass-flusion_spatial2,47,2,2024-01-13,2023-12-30,wk inc flu hosp,quantile,0.25,285.572443728655
UMass-flusion_spatial2,47,2,2024-01-13,2023-12-30,wk inc flu hosp,quantile,0.3,302.610973507013
UMass-flusion_spatial2,47,2,2024-01-13,2023-12-30,wk inc flu hosp,quantile,0.35,314.369771918354
UMass-flusion_spatial2,47,2,2024-01-13,2023-12-30,wk inc flu hosp,quantile,0.4,325.0946228194033
UMass-flusion_spatial2,47,2,2024-01-13,2023-12-30,wk inc flu hosp,quantile,0.45,343.1559779325489
UMass-flusion_spatial2,47,2,2024-01-13,2023-12-30,wk inc flu hosp,quantile,0.5,359.1954309361647
UMass-flusion_spatial2,47,2,2024-01-13,2023-12-30,wk inc flu hosp,quantile,0.55,371.73851226961256
UMass-flusion_spatial2,47,2,2024-01-13,2023-12-30,wk inc flu hosp,quantile,0.6,391.3554041111012
UMass-flusion_spatial2,47,2,2024-01-13,2023-12-30,wk inc flu hosp,quantile,0.65,413.5205264599871
UMass-flusion_spatial2,47,2,2024-01-13,2023-12-30,wk inc flu hosp,quantile,0.7,427.6102806350597
UMass-flusion_spatial2,47,2,2024-01-13,2023-12-30,wk inc flu hosp,quantile,0.75,446.8242510846783
UMass-flusion_spatial2,47,2,2024-01-13,2023-12-30,wk inc flu hosp,quantile,0.8,470.1871518458786
UMass-flusion_spatial2,47,2,2024-01-13,2023-12-30,wk inc flu hosp,quantile,0.85,500.8211189032047
UMass-flusion_spatial2,47,2,2024-01-13,2023-12-30,wk inc flu hosp,quantile,0.9,550.7456059904733
UMass-flusion_spatial2,47,2,2024-01-13,2023-12-30,wk inc flu hosp,quantile,0.95,631.5300009979501
UMass-flusion_spatial2,47,2,2024-01-13,2023-12-30,wk inc flu hosp,quantile,0.975,705.0854057670167
UMass-flusion_spatial2,47,2,2024-01-13,2023-12-30,wk inc flu hosp,quantile,0.99,801.9444257796188
UMass-flusion_spatial2,47,3,2024-01-20,2023-12-30,wk inc flu hosp,quantile,0.01,97.86150949212413
UMass-flusion_spatial2,47,3,2024-01-20,2023-12-30,wk inc flu hosp,quantile,0.025,128.42076935105024
UMass-flusion_spatial2,47,3,2024-01-20,2023-12-30,wk inc flu hosp,quantile,0.05,161.3049821028194
UMass-flusion_spatial2,47,3,2024-01-20,2023-12-30,wk inc flu hosp,quantile,0.1,197.1514107489561
UMass-flusion_spatial2,47,3,2024-01-20,2023-12-30,wk inc flu hosp,quantile,0.15,223.98573032009728
UMass-flusion_spatial2,47,3,2024-01-20,2023-12-30,wk inc flu hosp,quantile,0.2,245.86524103103545
UMass-flusion_spatial2,47,3,2024-01-20,2023-12-30,wk inc flu hosp,quantile,0.25,264.96159782194957
UMass-flusion_spatial2,47,3,2024-01-20,2023-12-30,wk inc flu hosp,quantile,0.3,281.054131871142
UMass-flusion_spatial2,47,3,2024-01-20,2023-12-30,wk inc flu hosp,quantile,0.35,295.9589380412648
UMass-flusion_spatial2,47,3,2024-01-20,2023-12-30,wk inc flu hosp,quantile,0.4,306.731831252262
UMass-flusion_spatial2,47,3,2024-01-20,2023-12-30,wk inc flu hosp,quantile,0.45,327.282641862
UMass-flusion_spatial2,47,3,2024-01-20,2023-12-30,wk inc flu hosp,quantile,0.5,343.29689644798145
UMass-flusion_spatial2,47,3,2024-01-20,2023-12-30,wk inc flu hosp,quantile,0.55,360.6165202984016
UMass-flusion_spatial2,47,3,2024-01-20,2023-12-30,wk inc flu hosp,quantile,0.6,379.43400789148194
UMass-flusion_spatial2,47,3,2024-01-20,2023-12-30,wk inc flu hosp,quantile,0.65,398.0885140465732
UMass-flusion_spatial2,47,3,2024-01-20,2023-12-30,wk inc flu hosp,quantile,0.7,417.3059120767499
UMass-flusion_spatial2,47,3,2024-01-20,2023-12-30,wk inc flu hosp,quantile,0.75,435.912340280958
UMass-flusion_spatial2,47,3,2024-01-20,2023-12-30,wk inc flu hosp,quantile,0.8,465.64052666107057
UMass-flusion_spatial2,47,3,2024-01-20,2023-12-30,wk inc flu hosp,quantile,0.85,504.46328915973896
UMass-flusion_spatial2,47,3,2024-01-20,2023-12-30,wk inc flu hosp,quantile,0.9,564.4225361649108
UMass-flusion_spatial2,47,3,2024-01-20,2023-12-30,wk inc flu hosp,quantile,0.95,659.9416057983672
UMass-flusion_spatial2,47,3,2024-01-20,2023-12-30,wk inc flu hosp,quantile,0.975,759.1201966243087
UMass-flusion_spatial2,47,3,2024-01-20,2023-12-30,wk inc flu hosp,quantile,0.99,880.6427083377653
UMass-flusion_spatial2,48,0,2023-12-30,2023-12-30,wk inc flu hosp,quantile,0.01,1110.3483651933243
UMass-flusion_spatial2,48,0,2023-12-30,2023-12-30,wk inc flu hosp,quantile,0.025,1202.8023370426731
UMass-flusion_spatial2,48,0,2023-12-30,2023-12-30,wk inc flu hosp,quantile,0.05,1294.18404860293
UMass-flusion_spatial2,48,0,2023-12-30,2023-12-30,wk inc flu hosp,quantile,0.1,1398.4304347520897
UMass-flusion_spatial2,48,0,2023-12-30,2023-12-30,wk inc flu hosp,quantile,0.15,1475.6760587492781
UMass-flusion_spatial2,48,0,2023-12-30,2023-12-30,wk inc flu hosp,quantile,0.2,1553.7202206579957
UMass-flusion_spatial2,48,0,2023-12-30,2023-12-30,wk inc flu hosp,quantile,0.25,1619.3004001000484
UMass-flusion_spatial2,48,0,2023-12-30,2023-12-30,wk inc flu hosp,quantile,0.3,1678.3144842399597
UMass-flusion_spatial2,48,0,2023-12-30,2023-12-30,wk inc flu hosp,quantile,0.35,1693.7836184643666
UMass-flusion_spatial2,48,0,2023-12-30,2023-12-30,wk inc flu hosp,quantile,0.4,1734.4924478127248
UMass-flusion_spatial2,48,0,2023-12-30,2023-12-30,wk inc flu hosp,quantile,0.45,1811.530621676421
UMass-flusion_spatial2,48,0,2023-12-30,2023-12-30,wk inc flu hosp,quantile,0.5,1845.643269670409
UMass-flusion_spatial2,48,0,2023-12-30,2023-12-30,wk inc flu hosp,quantile,0.55,1893.3463669146693
UMass-flusion_spatial2,48,0,2023-12-30,2023-12-30,wk inc flu hosp,quantile,0.6,1942.5289794831392
UMass-flusion_spatial2,48,0,2023-12-30,2023-12-30,wk inc flu hosp,quantile,0.65,2006.6986102901737
UMass-flusion_spatial2,48,0,2023-12-30,2023-12-30,wk inc flu hosp,quantile,0.7,2051.233267406079
UMass-flusion_spatial2,48,0,2023-12-30,2023-12-30,wk inc flu hosp,quantile,0.75,2095.7981391134144
UMass-flusion_spatial2,48,0,2023-12-30,2023-12-30,wk inc flu hosp,quantile,0.8,2143.121935224097
UMass-flusion_spatial2,48,0,2023-12-30,2023-12-30,wk inc flu hosp,quantile,0.85,2165.243569778324
UMass-flusion_spatial2,48,0,2023-12-30,2023-12-30,wk inc flu hosp,quantile,0.9,2212.884221646263
UMass-flusion_spatial2,48,0,2023-12-30,2023-12-30,wk inc flu hosp,quantile,0.95,2320.937839114514
UMass-flusion_spatial2,48,0,2023-12-30,2023-12-30,wk inc flu hosp,quantile,0.975,2418.237141716886
UMass-flusion_spatial2,48,0,2023-12-30,2023-12-30,wk inc flu hosp,quantile,0.99,2580.592195860161
UMass-flusion_spatial2,48,1,2024-01-06,2023-12-30,wk inc flu hosp,quantile,0.01,977.5527833716371
UMass-flusion_spatial2,48,1,2024-01-06,2023-12-30,wk inc flu hosp,quantile,0.025,1077.5678452317004
UMass-flusion_spatial2,48,1,2024-01-06,2023-12-30,wk inc flu hosp,quantile,0.05,1186.915185724566
UMass-flusion_spatial2,48,1,2024-01-06,2023-12-30,wk inc flu hosp,quantile,0.1,1342.3244684872316
UMass-flusion_spatial2,48,1,2024-01-06,2023-12-30,wk inc flu hosp,quantile,0.15,1435.3553193383318
UMass-flusion_spatial2,48,1,2024-01-06,2023-12-30,wk inc flu hosp,quantile,0.2,1514.2262063905805
UMass-flusion_spatial2,48,1,2024-01-06,2023-12-30,wk inc flu hosp,quantile,0.25,1581.1470912819286
UMass-flusion_spatial2,48,1,2024-01-06,2023-12-30,wk inc flu hosp,quantile,0.3,1663.9328723816777
UMass-flusion_spatial2,48,1,2024-01-06,2023-12-30,wk inc flu hosp,quantile,0.35,1692.5156942508677
UMass-flusion_spatial2,48,1,2024-01-06,2023-12-30,wk inc flu hosp,quantile,0.4,1747.1284235609396
UMass-flusion_spatial2,48,1,2024-01-06,2023-12-30,wk inc flu hosp,quantile,0.45,1810.6181216923105
UMass-flusion_spatial2,48,1,2024-01-06,2023-12-30,wk inc flu hosp,quantile,0.5,1878.4411423873175
UMass-flusion_spatial2,48,1,2024-01-06,2023-12-30,wk inc flu hosp,quantile,0.55,1926.7076936048047
UMass-flusion_spatial2,48,1,2024-01-06,2023-12-30,wk inc flu hosp,quantile,0.6,1992.0922113903166
UMass-flusion_spatial2,48,1,2024-01-06,2023-12-30,wk inc flu hosp,quantile,0.65,2073.245565053362
UMass-flusion_spatial2,48,1,2024-01-06,2023-12-30,wk inc flu hosp,quantile,0.7,2152.0973799362687
UMass-flusion_spatial2,48,1,2024-01-06,2023-12-30,wk inc flu hosp,quantile,0.75,2213.570317257017
UMass-flusion_spatial2,48,1,2024-01-06,2023-12-30,wk inc flu hosp,quantile,0.8,2291.0150928506882
UMass-flusion_spatial2,48,1,2024-01-06,2023-12-30,wk inc flu hosp,quantile,0.85,2365.4154479123117
UMass-flusion_spatial2,48,1,2024-01-06,2023-12-30,wk inc flu hosp,quantile,0.9,2484.464383852627
UMass-flusion_spatial2,48,1,2024-01-06,2023-12-30,wk inc flu hosp,quantile,0.95,2633.9855544183956
UMass-flusion_spatial2,48,1,2024-01-06,2023-12-30,wk inc flu hosp,quantile,0.975,2800.820330700353
UMass-flusion_spatial2,48,1,2024-01-06,2023-12-30,wk inc flu hosp,quantile,0.99,3064.361281233412
UMass-flusion_spatial2,48,2,2024-01-13,2023-12-30,wk inc flu hosp,quantile,0.01,839.7003947968833
UMass-flusion_spatial2,48,2,2024-01-13,2023-12-30,wk inc flu hosp,quantile,0.025,947.856134475509
UMass-flusion_spatial2,48,2,2024-01-13,2023-12-30,wk inc flu hosp,quantile,0.05,1085.3661352470303
UMass-flusion_spatial2,48,2,2024-01-13,2023-12-30,wk inc flu hosp,quantile,0.1,1245.7993662552333
UMass-flusion_spatial2,48,2,2024-01-13,2023-12-30,wk inc flu hosp,quantile,0.15,1339.7319592198025
UMass-flusion_spatial2,48,2,2024-01-13,2023-12-30,wk inc flu hosp,quantile,0.2,1416.7451537988868
UMass-flusion_spatial2,48,2,2024-01-13,2023-12-30,wk inc flu hosp,quantile,0.25,1504.2976248800132
UMass-flusion_spatial2,48,2,2024-01-13,2023-12-30,wk inc flu hosp,quantile,0.3,1574.140599683264
UMass-flusion_spatial2,48,2,2024-01-13,2023-12-30,wk inc flu hosp,quantile,0.35,1629.5469323643288
UMass-flusion_spatial2,48,2,2024-01-13,2023-12-30,wk inc flu hosp,quantile,0.4,1698.006192952897
UMass-flusion_spatial2,48,2,2024-01-13,2023-12-30,wk inc flu hosp,quantile,0.45,1772.1659296123232
UMass-flusion_spatial2,48,2,2024-01-13,2023-12-30,wk inc flu hosp,quantile,0.5,1845.7365101298674
UMass-flusion_spatial2,48,2,2024-01-13,2023-12-30,wk inc flu hosp,quantile,0.55,1888.0038920748716
UMass-flusion_spatial2,48,2,2024-01-13,2023-12-30,wk inc flu hosp,quantile,0.6,1968.1575442723997
UMass-flusion_spatial2,48,2,2024-01-13,2023-12-30,wk inc flu hosp,quantile,0.65,2051.916331659065
UMass-flusion_spatial2,48,2,2024-01-13,2023-12-30,wk inc flu hosp,quantile,0.7,2129.6156815717322
UMass-flusion_spatial2,48,2,2024-01-13,2023-12-30,wk inc flu hosp,quantile,0.75,2192.4178025672227
UMass-flusion_spatial2,48,2,2024-01-13,2023-12-30,wk inc flu hosp,quantile,0.8,2284.128698292704
UMass-flusion_spatial2,48,2,2024-01-13,2023-12-30,wk inc flu hosp,quantile,0.85,2372.566577642261
UMass-flusion_spatial2,48,2,2024-01-13,2023-12-30,wk inc flu hosp,quantile,0.9,2547.715730245508
UMass-flusion_spatial2,48,2,2024-01-13,2023-12-30,wk inc flu hosp,quantile,0.95,2769.4054040061965
UMass-flusion_spatial2,48,2,2024-01-13,2023-12-30,wk inc flu hosp,quantile,0.975,3074.8617768063123
UMass-flusion_spatial2,48,2,2024-01-13,2023-12-30,wk inc flu hosp,quantile,0.99,3363.5000325294222
UMass-flusion_spatial2,48,3,2024-01-20,2023-12-30,wk inc flu hosp,quantile,0.01,740.6308551485997
UMass-flusion_spatial2,48,3,2024-01-20,2023-12-30,wk inc flu hosp,quantile,0.025,848.0145278740548
UMass-flusion_spatial2,48,3,2024-01-20,2023-12-30,wk inc flu hosp,quantile,0.05,979.948795076205
UMass-flusion_spatial2,48,3,2024-01-20,2023-12-30,wk inc flu hosp,quantile,0.1,1151.7605858552974
UMass-flusion_spatial2,48,3,2024-01-20,2023-12-30,wk inc flu hosp,quantile,0.15,1240.656380976624
UMass-flusion_spatial2,48,3,2024-01-20,2023-12-30,wk inc flu hosp,quantile,0.2,1309.2003616382128
UMass-flusion_spatial2,48,3,2024-01-20,2023-12-30,wk inc flu hosp,quantile,0.25,1410.9179751019242
UMass-flusion_spatial2,48,3,2024-01-20,2023-12-30,wk inc flu hosp,quantile,0.3,1501.8233942344812
UMass-flusion_spatial2,48,3,2024-01-20,2023-12-30,wk inc flu hosp,quantile,0.35,1560.5838199238042
UMass-flusion_spatial2,48,3,2024-01-20,2023-12-30,wk inc flu hosp,quantile,0.4,1625.308476898616
UMass-flusion_spatial2,48,3,2024-01-20,2023-12-30,wk inc flu hosp,quantile,0.45,1681.2571499984213
UMass-flusion_spatial2,48,3,2024-01-20,2023-12-30,wk inc flu hosp,quantile,0.5,1740.6828116126026
UMass-flusion_spatial2,48,3,2024-01-20,2023-12-30,wk inc flu hosp,quantile,0.55,1809.708496028286
UMass-flusion_spatial2,48,3,2024-01-20,2023-12-30,wk inc flu hosp,quantile,0.6,1899.3015729471776
UMass-flusion_spatial2,48,3,2024-01-20,2023-12-30,wk inc flu hosp,quantile,0.65,1977.939061273048
UMass-flusion_spatial2,48,3,2024-01-20,2023-12-30,wk inc flu hosp,quantile,0.7,2038.1239552614975
UMass-flusion_spatial2,48,3,2024-01-20,2023-12-30,wk inc flu hosp,quantile,0.75,2153.9022708296097
UMass-flusion_spatial2,48,3,2024-01-20,2023-12-30,wk inc flu hosp,quantile,0.8,2247.7763657998303
UMass-flusion_spatial2,48,3,2024-01-20,2023-12-30,wk inc flu hosp,quantile,0.85,2374.490289279984
UMass-flusion_spatial2,48,3,2024-01-20,2023-12-30,wk inc flu hosp,quantile,0.9,2575.480635638458
UMass-flusion_spatial2,48,3,2024-01-20,2023-12-30,wk inc flu hosp,quantile,0.95,2884.434476547369
UMass-flusion_spatial2,48,3,2024-01-20,2023-12-30,wk inc flu hosp,quantile,0.975,3182.2347580449295
UMass-flusion_spatial2,48,3,2024-01-20,2023-12-30,wk inc flu hosp,quantile,0.99,3540.880299848826
UMass-flusion_spatial2,49,0,2023-12-30,2023-12-30,wk inc flu hosp,quantile,0.01,31.29176056903092
UMass-flusion_spatial2,49,0,2023-12-30,2023-12-30,wk inc flu hosp,quantile,0.025,37.3420474428397
UMass-flusion_spatial2,49,0,2023-12-30,2023-12-30,wk inc flu hosp,quantile,0.05,42.89488916066585
UMass-flusion_spatial2,49,0,2023-12-30,2023-12-30,wk inc flu hosp,quantile,0.1,49.272574201915575
UMass-flusion_spatial2,49,0,2023-12-30,2023-12-30,wk inc flu hosp,quantile,0.15,55.192356023218
UMass-flusion_spatial2,49,0,2023-12-30,2023-12-30,wk inc flu hosp,quantile,0.2,60.12963099754197
UMass-flusion_spatial2,49,0,2023-12-30,2023-12-30,wk inc flu hosp,quantile,0.25,64.05094110376557
UMass-flusion_spatial2,49,0,2023-12-30,2023-12-30,wk inc flu hosp,quantile,0.3,66.7033151031155
UMass-flusion_spatial2,49,0,2023-12-30,2023-12-30,wk inc flu hosp,quantile,0.35,68.54883613972606
UMass-flusion_spatial2,49,0,2023-12-30,2023-12-30,wk inc flu hosp,quantile,0.4,70.00732549057926
UMass-flusion_spatial2,49,0,2023-12-30,2023-12-30,wk inc flu hosp,quantile,0.45,72.99009508610897
UMass-flusion_spatial2,49,0,2023-12-30,2023-12-30,wk inc flu hosp,quantile,0.5,76.28224675192374
UMass-flusion_spatial2,49,0,2023-12-30,2023-12-30,wk inc flu hosp,quantile,0.55,78.67733489590329
UMass-flusion_spatial2,49,0,2023-12-30,2023-12-30,wk inc flu hosp,quantile,0.6,81.57740943626085
UMass-flusion_spatial2,49,0,2023-12-30,2023-12-30,wk inc flu hosp,quantile,0.65,84.98621059208736
UMass-flusion_spatial2,49,0,2023-12-30,2023-12-30,wk inc flu hosp,quantile,0.7,86.06124123034371
UMass-flusion_spatial2,49,0,2023-12-30,2023-12-30,wk inc flu hosp,quantile,0.75,88.76571976055578
UMass-flusion_spatial2,49,0,2023-12-30,2023-12-30,wk inc flu hosp,quantile,0.8,90.65727583521803
UMass-flusion_spatial2,49,0,2023-12-30,2023-12-30,wk inc flu hosp,quantile,0.85,93.26532181856427
UMass-flusion_spatial2,49,0,2023-12-30,2023-12-30,wk inc flu hosp,quantile,0.9,96.23593618414225
UMass-flusion_spatial2,49,0,2023-12-30,2023-12-30,wk inc flu hosp,quantile,0.95,103.67514757760756
UMass-flusion_spatial2,49,0,2023-12-30,2023-12-30,wk inc flu hosp,quantile,0.975,110.00442722070245
UMass-flusion_spatial2,49,0,2023-12-30,2023-12-30,wk inc flu hosp,quantile,0.99,121.92631283471047
UMass-flusion_spatial2,49,1,2024-01-06,2023-12-30,wk inc flu hosp,quantile,0.01,24.74565560055093
UMass-flusion_spatial2,49,1,2024-01-06,2023-12-30,wk inc flu hosp,quantile,0.025,31.53457925662466
UMass-flusion_spatial2,49,1,2024-01-06,2023-12-30,wk inc flu hosp,quantile,0.05,37.86887025401293
UMass-flusion_spatial2,49,1,2024-01-06,2023-12-30,wk inc flu hosp,quantile,0.1,46.000116649356364
UMass-flusion_spatial2,49,1,2024-01-06,2023-12-30,wk inc flu hosp,quantile,0.15,53.542624800599214
UMass-flusion_spatial2,49,1,2024-01-06,2023-12-30,wk inc flu hosp,quantile,0.2,59.317870100053185
UMass-flusion_spatial2,49,1,2024-01-06,2023-12-30,wk inc flu hosp,quantile,0.25,63.47383536596285
UMass-flusion_spatial2,49,1,2024-01-06,2023-12-30,wk inc flu hosp,quantile,0.3,67.16795568838637
UMass-flusion_spatial2,49,1,2024-01-06,2023-12-30,wk inc flu hosp,quantile,0.35,70.27021313195348
UMass-flusion_spatial2,49,1,2024-01-06,2023-12-30,wk inc flu hosp,quantile,0.4,72.05207981216105
UMass-flusion_spatial2,49,1,2024-01-06,2023-12-30,wk inc flu hosp,quantile,0.45,76.15067246396518
UMass-flusion_spatial2,49,1,2024-01-06,2023-12-30,wk inc flu hosp,quantile,0.5,80.54170571690959
UMass-flusion_spatial2,49,1,2024-01-06,2023-12-30,wk inc flu hosp,quantile,0.55,84.56828004914777
UMass-flusion_spatial2,49,1,2024-01-06,2023-12-30,wk inc flu hosp,quantile,0.6,88.32281545699965
UMass-flusion_spatial2,49,1,2024-01-06,2023-12-30,wk inc flu hosp,quantile,0.65,93.69544825508396
UMass-flusion_spatial2,49,1,2024-01-06,2023-12-30,wk inc flu hosp,quantile,0.7,95.77860570713379
UMass-flusion_spatial2,49,1,2024-01-06,2023-12-30,wk inc flu hosp,quantile,0.75,99.3201607078514
UMass-flusion_spatial2,49,1,2024-01-06,2023-12-30,wk inc flu hosp,quantile,0.8,103.02874872318785
UMass-flusion_spatial2,49,1,2024-01-06,2023-12-30,wk inc flu hosp,quantile,0.85,107.35014828420036
UMass-flusion_spatial2,49,1,2024-01-06,2023-12-30,wk inc flu hosp,quantile,0.9,115.07804563950558
UMass-flusion_spatial2,49,1,2024-01-06,2023-12-30,wk inc flu hosp,quantile,0.95,128.8335715736491
UMass-flusion_spatial2,49,1,2024-01-06,2023-12-30,wk inc flu hosp,quantile,0.975,136.96596654347866
UMass-flusion_spatial2,49,1,2024-01-06,2023-12-30,wk inc flu hosp,quantile,0.99,151.83438891311727
UMass-flusion_spatial2,49,2,2024-01-13,2023-12-30,wk inc flu hosp,quantile,0.01,18.66248544783109
UMass-flusion_spatial2,49,2,2024-01-13,2023-12-30,wk inc flu hosp,quantile,0.025,25.369941357032502
UMass-flusion_spatial2,49,2,2024-01-13,2023-12-30,wk inc flu hosp,quantile,0.05,32.97615875893029
UMass-flusion_spatial2,49,2,2024-01-13,2023-12-30,wk inc flu hosp,quantile,0.1,42.88391882807688
UMass-flusion_spatial2,49,2,2024-01-13,2023-12-30,wk inc flu hosp,quantile,0.15,49.942767673843534
UMass-flusion_spatial2,49,2,2024-01-13,2023-12-30,wk inc flu hosp,quantile,0.2,56.32142458126083
UMass-flusion_spatial2,49,2,2024-01-13,2023-12-30,wk inc flu hosp,quantile,0.25,60.50832736692281
UMass-flusion_spatial2,49,2,2024-01-13,2023-12-30,wk inc flu hosp,quantile,0.3,64.96494719104169
UMass-flusion_spatial2,49,2,2024-01-13,2023-12-30,wk inc flu hosp,quantile,0.35,68.42577675228145
UMass-flusion_spatial2,49,2,2024-01-13,2023-12-30,wk inc flu hosp,quantile,0.4,71.01752419330249
UMass-flusion_spatial2,49,2,2024-01-13,2023-12-30,wk inc flu hosp,quantile,0.45,75.97934333887238
UMass-flusion_spatial2,49,2,2024-01-13,2023-12-30,wk inc flu hosp,quantile,0.5,80.7783612434068
UMass-flusion_spatial2,49,2,2024-01-13,2023-12-30,wk inc flu hosp,quantile,0.55,85.55574841302371
UMass-flusion_spatial2,49,2,2024-01-13,2023-12-30,wk inc flu hosp,quantile,0.6,90.27353546512921
UMass-flusion_spatial2,49,2,2024-01-13,2023-12-30,wk inc flu hosp,quantile,0.65,94.93577649814281
UMass-flusion_spatial2,49,2,2024-01-13,2023-12-30,wk inc flu hosp,quantile,0.7,98.26946710068191
UMass-flusion_spatial2,49,2,2024-01-13,2023-12-30,wk inc flu hosp,quantile,0.75,103.27550971509962
UMass-flusion_spatial2,49,2,2024-01-13,2023-12-30,wk inc flu hosp,quantile,0.8,107.29427087356416
UMass-flusion_spatial2,49,2,2024-01-13,2023-12-30,wk inc flu hosp,quantile,0.85,113.35549641255312
UMass-flusion_spatial2,49,2,2024-01-13,2023-12-30,wk inc flu hosp,quantile,0.9,126.18745942014633
UMass-flusion_spatial2,49,2,2024-01-13,2023-12-30,wk inc flu hosp,quantile,0.95,143.83763502017973
UMass-flusion_spatial2,49,2,2024-01-13,2023-12-30,wk inc flu hosp,quantile,0.975,162.59955828101835
UMass-flusion_spatial2,49,2,2024-01-13,2023-12-30,wk inc flu hosp,quantile,0.99,185.05877084097864
UMass-flusion_spatial2,49,3,2024-01-20,2023-12-30,wk inc flu hosp,quantile,0.01,14.265633538118799
UMass-flusion_spatial2,49,3,2024-01-20,2023-12-30,wk inc flu hosp,quantile,0.025,20.551488174944218
UMass-flusion_spatial2,49,3,2024-01-20,2023-12-30,wk inc flu hosp,quantile,0.05,29.440100715552056
UMass-flusion_spatial2,49,3,2024-01-20,2023-12-30,wk inc flu hosp,quantile,0.1,38.202236775139326
UMass-flusion_spatial2,49,3,2024-01-20,2023-12-30,wk inc flu hosp,quantile,0.15,45.48554886087737
UMass-flusion_spatial2,49,3,2024-01-20,2023-12-30,wk inc flu hosp,quantile,0.2,51.76192566676012
UMass-flusion_spatial2,49,3,2024-01-20,2023-12-30,wk inc flu hosp,quantile,0.25,56.82783437880152
UMass-flusion_spatial2,49,3,2024-01-20,2023-12-30,wk inc flu hosp,quantile,0.3,61.72680448896165
UMass-flusion_spatial2,49,3,2024-01-20,2023-12-30,wk inc flu hosp,quantile,0.35,65.00929811901507
UMass-flusion_spatial2,49,3,2024-01-20,2023-12-30,wk inc flu hosp,quantile,0.4,68.34525287350047
UMass-flusion_spatial2,49,3,2024-01-20,2023-12-30,wk inc flu hosp,quantile,0.45,74.0878440038484
UMass-flusion_spatial2,49,3,2024-01-20,2023-12-30,wk inc flu hosp,quantile,0.5,79.15334795844885
UMass-flusion_spatial2,49,3,2024-01-20,2023-12-30,wk inc flu hosp,quantile,0.55,84.88154471577424
UMass-flusion_spatial2,49,3,2024-01-20,2023-12-30,wk inc flu hosp,quantile,0.6,89.24869964395856
UMass-flusion_spatial2,49,3,2024-01-20,2023-12-30,wk inc flu hosp,quantile,0.65,94.45067245890527
UMass-flusion_spatial2,49,3,2024-01-20,2023-12-30,wk inc flu hosp,quantile,0.7,98.51977389384783
UMass-flusion_spatial2,49,3,2024-01-20,2023-12-30,wk inc flu hosp,quantile,0.75,102.77039167488195
UMass-flusion_spatial2,49,3,2024-01-20,2023-12-30,wk inc flu hosp,quantile,0.8,109.69178969024651
UMass-flusion_spatial2,49,3,2024-01-20,2023-12-30,wk inc flu hosp,quantile,0.85,118.97104617840856
UMass-flusion_spatial2,49,3,2024-01-20,2023-12-30,wk inc flu hosp,quantile,0.9,134.7839772195757
UMass-flusion_spatial2,49,3,2024-01-20,2023-12-30,wk inc flu hosp,quantile,0.95,158.25500311575712
UMass-flusion_spatial2,49,3,2024-01-20,2023-12-30,wk inc flu hosp,quantile,0.975,183.35233056106586
UMass-flusion_spatial2,49,3,2024-01-20,2023-12-30,wk inc flu hosp,quantile,0.99,213.03209422190747
UMass-flusion_spatial2,50,0,2023-12-30,2023-12-30,wk inc flu hosp,quantile,0.01,3.5655059195829626
UMass-flusion_spatial2,50,0,2023-12-30,2023-12-30,wk inc flu hosp,quantile,0.025,5.198360781337183
UMass-flusion_spatial2,50,0,2023-12-30,2023-12-30,wk inc flu hosp,quantile,0.05,6.783455551373112
UMass-flusion_spatial2,50,0,2023-12-30,2023-12-30,wk inc flu hosp,quantile,0.1,8.47323359002878
UMass-flusion_spatial2,50,0,2023-12-30,2023-12-30,wk inc flu hosp,quantile,0.15,10.003879902422948
UMass-flusion_spatial2,50,0,2023-12-30,2023-12-30,wk inc flu hosp,quantile,0.2,11.32061725218733
UMass-flusion_spatial2,50,0,2023-12-30,2023-12-30,wk inc flu hosp,quantile,0.25,12.266226734194941
UMass-flusion_spatial2,50,0,2023-12-30,2023-12-30,wk inc flu hosp,quantile,0.3,13.073823268874602
UMass-flusion_spatial2,50,0,2023-12-30,2023-12-30,wk inc flu hosp,quantile,0.35,13.847966998100684
UMass-flusion_spatial2,50,0,2023-12-30,2023-12-30,wk inc flu hosp,quantile,0.4,14.495039986493861
UMass-flusion_spatial2,50,0,2023-12-30,2023-12-30,wk inc flu hosp,quantile,0.45,15.328857009078881
UMass-flusion_spatial2,50,0,2023-12-30,2023-12-30,wk inc flu hosp,quantile,0.5,16.384615771784475
UMass-flusion_spatial2,50,0,2023-12-30,2023-12-30,wk inc flu hosp,quantile,0.55,16.988939167651555
UMass-flusion_spatial2,50,0,2023-12-30,2023-12-30,wk inc flu hosp,quantile,0.6,17.925385401146283
UMass-flusion_spatial2,50,0,2023-12-30,2023-12-30,wk inc flu hosp,quantile,0.65,19.079695346773228
UMass-flusion_spatial2,50,0,2023-12-30,2023-12-30,wk inc flu hosp,quantile,0.7,19.855607316542176
UMass-flusion_spatial2,50,0,2023-12-30,2023-12-30,wk inc flu hosp,quantile,0.75,20.72345039521235
UMass-flusion_spatial2,50,0,2023-12-30,2023-12-30,wk inc flu hosp,quantile,0.8,21.69289086338393
UMass-flusion_spatial2,50,0,2023-12-30,2023-12-30,wk inc flu hosp,quantile,0.85,22.511965860789594
UMass-flusion_spatial2,50,0,2023-12-30,2023-12-30,wk inc flu hosp,quantile,0.9,24.28616062829743
UMass-flusion_spatial2,50,0,2023-12-30,2023-12-30,wk inc flu hosp,quantile,0.95,27.578678349110184
UMass-flusion_spatial2,50,0,2023-12-30,2023-12-30,wk inc flu hosp,quantile,0.975,30.286248751986918
UMass-flusion_spatial2,50,0,2023-12-30,2023-12-30,wk inc flu hosp,quantile,0.99,34.63046921685016
UMass-flusion_spatial2,50,1,2024-01-06,2023-12-30,wk inc flu hosp,quantile,0.01,1.8752696094316588
UMass-flusion_spatial2,50,1,2024-01-06,2023-12-30,wk inc flu hosp,quantile,0.025,3.53808239683214
UMass-flusion_spatial2,50,1,2024-01-06,2023-12-30,wk inc flu hosp,quantile,0.05,5.150453553231015
UMass-flusion_spatial2,50,1,2024-01-06,2023-12-30,wk inc flu hosp,quantile,0.1,7.397969643218275
UMass-flusion_spatial2,50,1,2024-01-06,2023-12-30,wk inc flu hosp,quantile,0.15,9.359659790586637
UMass-flusion_spatial2,50,1,2024-01-06,2023-12-30,wk inc flu hosp,quantile,0.2,10.688578948760409
UMass-flusion_spatial2,50,1,2024-01-06,2023-12-30,wk inc flu hosp,quantile,0.25,11.785190946835051
UMass-flusion_spatial2,50,1,2024-01-06,2023-12-30,wk inc flu hosp,quantile,0.3,13.040671205331002
UMass-flusion_spatial2,50,1,2024-01-06,2023-12-30,wk inc flu hosp,quantile,0.35,14.124067992945417
UMass-flusion_spatial2,50,1,2024-01-06,2023-12-30,wk inc flu hosp,quantile,0.4,14.993964246700287
UMass-flusion_spatial2,50,1,2024-01-06,2023-12-30,wk inc flu hosp,quantile,0.45,16.092876118041737
UMass-flusion_spatial2,50,1,2024-01-06,2023-12-30,wk inc flu hosp,quantile,0.5,17.532305875821656
UMass-flusion_spatial2,50,1,2024-01-06,2023-12-30,wk inc flu hosp,quantile,0.55,18.703368310837853
UMass-flusion_spatial2,50,1,2024-01-06,2023-12-30,wk inc flu hosp,quantile,0.6,20.03284550082104
UMass-flusion_spatial2,50,1,2024-01-06,2023-12-30,wk inc flu hosp,quantile,0.65,21.712582416306727
UMass-flusion_spatial2,50,1,2024-01-06,2023-12-30,wk inc flu hosp,quantile,0.7,23.017245090455468
UMass-flusion_spatial2,50,1,2024-01-06,2023-12-30,wk inc flu hosp,quantile,0.75,24.519433868972698
UMass-flusion_spatial2,50,1,2024-01-06,2023-12-30,wk inc flu hosp,quantile,0.8,26.553721460249527
UMass-flusion_spatial2,50,1,2024-01-06,2023-12-30,wk inc flu hosp,quantile,0.85,28.27219620276754
UMass-flusion_spatial2,50,1,2024-01-06,2023-12-30,wk inc flu hosp,quantile,0.9,31.73697478911963
UMass-flusion_spatial2,50,1,2024-01-06,2023-12-30,wk inc flu hosp,quantile,0.95,37.16855823247289
UMass-flusion_spatial2,50,1,2024-01-06,2023-12-30,wk inc flu hosp,quantile,0.975,41.198113742172815
UMass-flusion_spatial2,50,1,2024-01-06,2023-12-30,wk inc flu hosp,quantile,0.99,49.19317496301741
UMass-flusion_spatial2,50,2,2024-01-13,2023-12-30,wk inc flu hosp,quantile,0.01,1.3786970650516766
UMass-flusion_spatial2,50,2,2024-01-13,2023-12-30,wk inc flu hosp,quantile,0.025,2.5047176139332494
UMass-flusion_spatial2,50,2,2024-01-13,2023-12-30,wk inc flu hosp,quantile,0.05,4.090529893323838
UMass-flusion_spatial2,50,2,2024-01-13,2023-12-30,wk inc flu hosp,quantile,0.1,6.332665861559214
UMass-flusion_spatial2,50,2,2024-01-13,2023-12-30,wk inc flu hosp,quantile,0.15,8.269675503949742
UMass-flusion_spatial2,50,2,2024-01-13,2023-12-30,wk inc flu hosp,quantile,0.2,9.734009079781194
UMass-flusion_spatial2,50,2,2024-01-13,2023-12-30,wk inc flu hosp,quantile,0.25,11.018097385476569
UMass-flusion_spatial2,50,2,2024-01-13,2023-12-30,wk inc flu hosp,quantile,0.3,12.186799509396064
UMass-flusion_spatial2,50,2,2024-01-13,2023-12-30,wk inc flu hosp,quantile,0.35,13.407125206225842
UMass-flusion_spatial2,50,2,2024-01-13,2023-12-30,wk inc flu hosp,quantile,0.4,14.638380489906279
UMass-flusion_spatial2,50,2,2024-01-13,2023-12-30,wk inc flu hosp,quantile,0.45,16.08228645073715
UMass-flusion_spatial2,50,2,2024-01-13,2023-12-30,wk inc flu hosp,quantile,0.5,17.66929203681502
UMass-flusion_spatial2,50,2,2024-01-13,2023-12-30,wk inc flu hosp,quantile,0.55,19.106933253473585
UMass-flusion_spatial2,50,2,2024-01-13,2023-12-30,wk inc flu hosp,quantile,0.6,20.44495689009983
UMass-flusion_spatial2,50,2,2024-01-13,2023-12-30,wk inc flu hosp,quantile,0.65,22.489468307421724
UMass-flusion_spatial2,50,2,2024-01-13,2023-12-30,wk inc flu hosp,quantile,0.7,24.671532975124286
UMass-flusion_spatial2,50,2,2024-01-13,2023-12-30,wk inc flu hosp,quantile,0.75,26.293978978487278
UMass-flusion_spatial2,50,2,2024-01-13,2023-12-30,wk inc flu hosp,quantile,0.8,29.246747514740346
UMass-flusion_spatial2,50,2,2024-01-13,2023-12-30,wk inc flu hosp,quantile,0.85,31.679392846269437
UMass-flusion_spatial2,50,2,2024-01-13,2023-12-30,wk inc flu hosp,quantile,0.9,37.629423440680426
UMass-flusion_spatial2,50,2,2024-01-13,2023-12-30,wk inc flu hosp,quantile,0.95,44.30916198349297
UMass-flusion_spatial2,50,2,2024-01-13,2023-12-30,wk inc flu hosp,quantile,0.975,52.413861164085155
UMass-flusion_spatial2,50,2,2024-01-13,2023-12-30,wk inc flu hosp,quantile,0.99,63.920173547284826
UMass-flusion_spatial2,50,3,2024-01-20,2023-12-30,wk inc flu hosp,quantile,0.01,1.2602454986788836
UMass-flusion_spatial2,50,3,2024-01-20,2023-12-30,wk inc flu hosp,quantile,0.025,2.255099534075446
UMass-flusion_spatial2,50,3,2024-01-20,2023-12-30,wk inc flu hosp,quantile,0.05,3.2585982784024625
UMass-flusion_spatial2,50,3,2024-01-20,2023-12-30,wk inc flu hosp,quantile,0.1,5.5184924886398745
UMass-flusion_spatial2,50,3,2024-01-20,2023-12-30,wk inc flu hosp,quantile,0.15,7.332599407415152
UMass-flusion_spatial2,50,3,2024-01-20,2023-12-30,wk inc flu hosp,quantile,0.2,8.91867958363807
UMass-flusion_spatial2,50,3,2024-01-20,2023-12-30,wk inc flu hosp,quantile,0.25,10.100109691192829
UMass-flusion_spatial2,50,3,2024-01-20,2023-12-30,wk inc flu hosp,quantile,0.3,11.308926025409779
UMass-flusion_spatial2,50,3,2024-01-20,2023-12-30,wk inc flu hosp,quantile,0.35,12.572098044227491
UMass-flusion_spatial2,50,3,2024-01-20,2023-12-30,wk inc flu hosp,quantile,0.4,14.049015401349138
UMass-flusion_spatial2,50,3,2024-01-20,2023-12-30,wk inc flu hosp,quantile,0.45,15.476463703884685
UMass-flusion_spatial2,50,3,2024-01-20,2023-12-30,wk inc flu hosp,quantile,0.5,17.145919024676807
UMass-flusion_spatial2,50,3,2024-01-20,2023-12-30,wk inc flu hosp,quantile,0.55,18.753501253022968
UMass-flusion_spatial2,50,3,2024-01-20,2023-12-30,wk inc flu hosp,quantile,0.6,21.033647452442125
UMass-flusion_spatial2,50,3,2024-01-20,2023-12-30,wk inc flu hosp,quantile,0.65,23.01499483085354
UMass-flusion_spatial2,50,3,2024-01-20,2023-12-30,wk inc flu hosp,quantile,0.7,25.22378278105407
UMass-flusion_spatial2,50,3,2024-01-20,2023-12-30,wk inc flu hosp,quantile,0.75,27.510164038276123
UMass-flusion_spatial2,50,3,2024-01-20,2023-12-30,wk inc flu hosp,quantile,0.8,30.16734618974474
UMass-flusion_spatial2,50,3,2024-01-20,2023-12-30,wk inc flu hosp,quantile,0.85,34.468908261672006
UMass-flusion_spatial2,50,3,2024-01-20,2023-12-30,wk inc flu hosp,quantile,0.9,42.1712671727001
UMass-flusion_spatial2,50,3,2024-01-20,2023-12-30,wk inc flu hosp,quantile,0.95,50.62968630542819
UMass-flusion_spatial2,50,3,2024-01-20,2023-12-30,wk inc flu hosp,quantile,0.975,63.07001497956858
UMass-flusion_spatial2,50,3,2024-01-20,2023-12-30,wk inc flu hosp,quantile,0.99,79.40196787726661
UMass-flusion_spatial2,51,0,2023-12-30,2023-12-30,wk inc flu hosp,quantile,0.01,267.4428313013102
UMass-flusion_spatial2,51,0,2023-12-30,2023-12-30,wk inc flu hosp,quantile,0.025,298.2834285912939
UMass-flusion_spatial2,51,0,2023-12-30,2023-12-30,wk inc flu hosp,quantile,0.05,324.935577691559
UMass-flusion_spatial2,51,0,2023-12-30,2023-12-30,wk inc flu hosp,quantile,0.1,357.54454790991724
UMass-flusion_spatial2,51,0,2023-12-30,2023-12-30,wk inc flu hosp,quantile,0.15,384.2847827963882
UMass-flusion_spatial2,51,0,2023-12-30,2023-12-30,wk inc flu hosp,quantile,0.2,412.2824250510073
UMass-flusion_spatial2,51,0,2023-12-30,2023-12-30,wk inc flu hosp,quantile,0.25,428.69507260787816
UMass-flusion_spatial2,51,0,2023-12-30,2023-12-30,wk inc flu hosp,quantile,0.3,443.81125346424426
UMass-flusion_spatial2,51,0,2023-12-30,2023-12-30,wk inc flu hosp,quantile,0.35,452.68748979763774
UMass-flusion_spatial2,51,0,2023-12-30,2023-12-30,wk inc flu hosp,quantile,0.4,460.28370757500835
UMass-flusion_spatial2,51,0,2023-12-30,2023-12-30,wk inc flu hosp,quantile,0.45,472.91124920896743
UMass-flusion_spatial2,51,0,2023-12-30,2023-12-30,wk inc flu hosp,quantile,0.5,485.835150946937
UMass-flusion_spatial2,51,0,2023-12-30,2023-12-30,wk inc flu hosp,quantile,0.55,503.5982803790529
UMass-flusion_spatial2,51,0,2023-12-30,2023-12-30,wk inc flu hosp,quantile,0.6,516.2016696743332
UMass-flusion_spatial2,51,0,2023-12-30,2023-12-30,wk inc flu hosp,quantile,0.65,537.4513836320352
UMass-flusion_spatial2,51,0,2023-12-30,2023-12-30,wk inc flu hosp,quantile,0.7,545.7304865092128
UMass-flusion_spatial2,51,0,2023-12-30,2023-12-30,wk inc flu hosp,quantile,0.75,555.6710661334159
UMass-flusion_spatial2,51,0,2023-12-30,2023-12-30,wk inc flu hosp,quantile,0.8,565.6993269140262
UMass-flusion_spatial2,51,0,2023-12-30,2023-12-30,wk inc flu hosp,quantile,0.85,575.1861822555442
UMass-flusion_spatial2,51,0,2023-12-30,2023-12-30,wk inc flu hosp,quantile,0.9,589.3516361702025
UMass-flusion_spatial2,51,0,2023-12-30,2023-12-30,wk inc flu hosp,quantile,0.95,619.5166817201239
UMass-flusion_spatial2,51,0,2023-12-30,2023-12-30,wk inc flu hosp,quantile,0.975,646.3157626415007
UMass-flusion_spatial2,51,0,2023-12-30,2023-12-30,wk inc flu hosp,quantile,0.99,713.0085835108046
UMass-flusion_spatial2,51,1,2024-01-06,2023-12-30,wk inc flu hosp,quantile,0.01,232.73793539583735
UMass-flusion_spatial2,51,1,2024-01-06,2023-12-30,wk inc flu hosp,quantile,0.025,266.3954379564059
UMass-flusion_spatial2,51,1,2024-01-06,2023-12-30,wk inc flu hosp,quantile,0.05,299.3708763812426
UMass-flusion_spatial2,51,1,2024-01-06,2023-12-30,wk inc flu hosp,quantile,0.1,343.34210131921714
UMass-flusion_spatial2,51,1,2024-01-06,2023-12-30,wk inc flu hosp,quantile,0.15,371.68289322489323
UMass-flusion_spatial2,51,1,2024-01-06,2023-12-30,wk inc flu hosp,quantile,0.2,401.8203521963794
UMass-flusion_spatial2,51,1,2024-01-06,2023-12-30,wk inc flu hosp,quantile,0.25,425.16886930246596
UMass-flusion_spatial2,51,1,2024-01-06,2023-12-30,wk inc flu hosp,quantile,0.3,440.21435222377926
UMass-flusion_spatial2,51,1,2024-01-06,2023-12-30,wk inc flu hosp,quantile,0.35,452.1135283968655
UMass-flusion_spatial2,51,1,2024-01-06,2023-12-30,wk inc flu hosp,quantile,0.4,461.16462467237227
UMass-flusion_spatial2,51,1,2024-01-06,2023-12-30,wk inc flu hosp,quantile,0.45,481.5703315623985
UMass-flusion_spatial2,51,1,2024-01-06,2023-12-30,wk inc flu hosp,quantile,0.5,503.2703964972428
UMass-flusion_spatial2,51,1,2024-01-06,2023-12-30,wk inc flu hosp,quantile,0.55,523.1267675720394
UMass-flusion_spatial2,51,1,2024-01-06,2023-12-30,wk inc flu hosp,quantile,0.6,537.459811548576
UMass-flusion_spatial2,51,1,2024-01-06,2023-12-30,wk inc flu hosp,quantile,0.65,561.7805821692066
UMass-flusion_spatial2,51,1,2024-01-06,2023-12-30,wk inc flu hosp,quantile,0.7,575.1142932127443
UMass-flusion_spatial2,51,1,2024-01-06,2023-12-30,wk inc flu hosp,quantile,0.75,595.4989646909073
UMass-flusion_spatial2,51,1,2024-01-06,2023-12-30,wk inc flu hosp,quantile,0.8,618.5374199232783
UMass-flusion_spatial2,51,1,2024-01-06,2023-12-30,wk inc flu hosp,quantile,0.85,639.9062822333347
UMass-flusion_spatial2,51,1,2024-01-06,2023-12-30,wk inc flu hosp,quantile,0.9,680.3120600769082
UMass-flusion_spatial2,51,1,2024-01-06,2023-12-30,wk inc flu hosp,quantile,0.95,730.0029461021747
UMass-flusion_spatial2,51,1,2024-01-06,2023-12-30,wk inc flu hosp,quantile,0.975,785.1390537844884
UMass-flusion_spatial2,51,1,2024-01-06,2023-12-30,wk inc flu hosp,quantile,0.99,888.9417491060076
UMass-flusion_spatial2,51,2,2024-01-13,2023-12-30,wk inc flu hosp,quantile,0.01,200.94339010426177
UMass-flusion_spatial2,51,2,2024-01-13,2023-12-30,wk inc flu hosp,quantile,0.025,233.6372849891021
UMass-flusion_spatial2,51,2,2024-01-13,2023-12-30,wk inc flu hosp,quantile,0.05,266.379558623021
UMass-flusion_spatial2,51,2,2024-01-13,2023-12-30,wk inc flu hosp,quantile,0.1,313.51738345675074
UMass-flusion_spatial2,51,2,2024-01-13,2023-12-30,wk inc flu hosp,quantile,0.15,345.11067402205117
UMass-flusion_spatial2,51,2,2024-01-13,2023-12-30,wk inc flu hosp,quantile,0.2,377.9272867922753
UMass-flusion_spatial2,51,2,2024-01-13,2023-12-30,wk inc flu hosp,quantile,0.25,402.1993444161851
UMass-flusion_spatial2,51,2,2024-01-13,2023-12-30,wk inc flu hosp,quantile,0.3,421.1594019583709
UMass-flusion_spatial2,51,2,2024-01-13,2023-12-30,wk inc flu hosp,quantile,0.35,436.532550282681
UMass-flusion_spatial2,51,2,2024-01-13,2023-12-30,wk inc flu hosp,quantile,0.4,453.9456225239819
UMass-flusion_spatial2,51,2,2024-01-13,2023-12-30,wk inc flu hosp,quantile,0.45,476.3469563848381
UMass-flusion_spatial2,51,2,2024-01-13,2023-12-30,wk inc flu hosp,quantile,0.5,501.76453336357156
UMass-flusion_spatial2,51,2,2024-01-13,2023-12-30,wk inc flu hosp,quantile,0.55,515.7582871412408
UMass-flusion_spatial2,51,2,2024-01-13,2023-12-30,wk inc flu hosp,quantile,0.6,536.9617934581993
UMass-flusion_spatial2,51,2,2024-01-13,2023-12-30,wk inc flu hosp,quantile,0.65,558.7577147814504
UMass-flusion_spatial2,51,2,2024-01-13,2023-12-30,wk inc flu hosp,quantile,0.7,577.3971054686049
UMass-flusion_spatial2,51,2,2024-01-13,2023-12-30,wk inc flu hosp,quantile,0.75,597.9780937488689
UMass-flusion_spatial2,51,2,2024-01-13,2023-12-30,wk inc flu hosp,quantile,0.8,627.5107022654342
UMass-flusion_spatial2,51,2,2024-01-13,2023-12-30,wk inc flu hosp,quantile,0.85,657.8901696565495
UMass-flusion_spatial2,51,2,2024-01-13,2023-12-30,wk inc flu hosp,quantile,0.9,712.8471924671367
UMass-flusion_spatial2,51,2,2024-01-13,2023-12-30,wk inc flu hosp,quantile,0.95,790.6336505651034
UMass-flusion_spatial2,51,2,2024-01-13,2023-12-30,wk inc flu hosp,quantile,0.975,872.2905084251995
UMass-flusion_spatial2,51,2,2024-01-13,2023-12-30,wk inc flu hosp,quantile,0.99,1004.3075923556466
UMass-flusion_spatial2,51,3,2024-01-20,2023-12-30,wk inc flu hosp,quantile,0.01,164.2935609545582
UMass-flusion_spatial2,51,3,2024-01-20,2023-12-30,wk inc flu hosp,quantile,0.025,200.02249173495898
UMass-flusion_spatial2,51,3,2024-01-20,2023-12-30,wk inc flu hosp,quantile,0.05,238.4515395524079
UMass-flusion_spatial2,51,3,2024-01-20,2023-12-30,wk inc flu hosp,quantile,0.1,284.3314334022889
UMass-flusion_spatial2,51,3,2024-01-20,2023-12-30,wk inc flu hosp,quantile,0.15,320.4412550843251
UMass-flusion_spatial2,51,3,2024-01-20,2023-12-30,wk inc flu hosp,quantile,0.2,346.8891268399291
UMass-flusion_spatial2,51,3,2024-01-20,2023-12-30,wk inc flu hosp,quantile,0.25,377.1544885723629
UMass-flusion_spatial2,51,3,2024-01-20,2023-12-30,wk inc flu hosp,quantile,0.3,397.42457207918176
UMass-flusion_spatial2,51,3,2024-01-20,2023-12-30,wk inc flu hosp,quantile,0.35,415.97991341524653
UMass-flusion_spatial2,51,3,2024-01-20,2023-12-30,wk inc flu hosp,quantile,0.4,432.30252331992074
UMass-flusion_spatial2,51,3,2024-01-20,2023-12-30,wk inc flu hosp,quantile,0.45,458.92328085140076
UMass-flusion_spatial2,51,3,2024-01-20,2023-12-30,wk inc flu hosp,quantile,0.5,482.7699787835145
UMass-flusion_spatial2,51,3,2024-01-20,2023-12-30,wk inc flu hosp,quantile,0.55,504.3921717825996
UMass-flusion_spatial2,51,3,2024-01-20,2023-12-30,wk inc flu hosp,quantile,0.6,522.4200365152205
UMass-flusion_spatial2,51,3,2024-01-20,2023-12-30,wk inc flu hosp,quantile,0.65,546.3292905598512
UMass-flusion_spatial2,51,3,2024-01-20,2023-12-30,wk inc flu hosp,quantile,0.7,562.9171485906169
UMass-flusion_spatial2,51,3,2024-01-20,2023-12-30,wk inc flu hosp,quantile,0.75,588.2401822606062
UMass-flusion_spatial2,51,3,2024-01-20,2023-12-30,wk inc flu hosp,quantile,0.8,624.5810018457548
UMass-flusion_spatial2,51,3,2024-01-20,2023-12-30,wk inc flu hosp,quantile,0.85,667.6676920136479
UMass-flusion_spatial2,51,3,2024-01-20,2023-12-30,wk inc flu hosp,quantile,0.9,735.6575024665655
UMass-flusion_spatial2,51,3,2024-01-20,2023-12-30,wk inc flu hosp,quantile,0.95,839.2188567009385
UMass-flusion_spatial2,51,3,2024-01-20,2023-12-30,wk inc flu hosp,quantile,0.975,937.3722271819308
UMass-flusion_spatial2,51,3,2024-01-20,2023-12-30,wk inc flu hosp,quantile,0.99,1081.6295170862236
UMass-flusion_spatial2,53,0,2023-12-30,2023-12-30,wk inc flu hosp,quantile,0.01,96.60714148622841
UMass-flusion_spatial2,53,0,2023-12-30,2023-12-30,wk inc flu hosp,quantile,0.025,115.54873280710312
UMass-flusion_spatial2,53,0,2023-12-30,2023-12-30,wk inc flu hosp,quantile,0.05,133.8080901124664
UMass-flusion_spatial2,53,0,2023-12-30,2023-12-30,wk inc flu hosp,quantile,0.1,154.97033798848187
UMass-flusion_spatial2,53,0,2023-12-30,2023-12-30,wk inc flu hosp,quantile,0.15,171.43564187019115
UMass-flusion_spatial2,53,0,2023-12-30,2023-12-30,wk inc flu hosp,quantile,0.2,187.73459288925724
UMass-flusion_spatial2,53,0,2023-12-30,2023-12-30,wk inc flu hosp,quantile,0.25,202.73933294171894
UMass-flusion_spatial2,53,0,2023-12-30,2023-12-30,wk inc flu hosp,quantile,0.3,210.95866205812635
UMass-flusion_spatial2,53,0,2023-12-30,2023-12-30,wk inc flu hosp,quantile,0.35,218.9627728093414
UMass-flusion_spatial2,53,0,2023-12-30,2023-12-30,wk inc flu hosp,quantile,0.4,223.7393124908334
UMass-flusion_spatial2,53,0,2023-12-30,2023-12-30,wk inc flu hosp,quantile,0.45,234.6364176186185
UMass-flusion_spatial2,53,0,2023-12-30,2023-12-30,wk inc flu hosp,quantile,0.5,240.10388183434063
UMass-flusion_spatial2,53,0,2023-12-30,2023-12-30,wk inc flu hosp,quantile,0.55,248.15275933181073
UMass-flusion_spatial2,53,0,2023-12-30,2023-12-30,wk inc flu hosp,quantile,0.6,258.03404948121334
UMass-flusion_spatial2,53,0,2023-12-30,2023-12-30,wk inc flu hosp,quantile,0.65,268.559311601325
UMass-flusion_spatial2,53,0,2023-12-30,2023-12-30,wk inc flu hosp,quantile,0.7,277.54773601886916
UMass-flusion_spatial2,53,0,2023-12-30,2023-12-30,wk inc flu hosp,quantile,0.75,283.5971424896614
UMass-flusion_spatial2,53,0,2023-12-30,2023-12-30,wk inc flu hosp,quantile,0.8,295.3128125141924
UMass-flusion_spatial2,53,0,2023-12-30,2023-12-30,wk inc flu hosp,quantile,0.85,301.701412324128
UMass-flusion_spatial2,53,0,2023-12-30,2023-12-30,wk inc flu hosp,quantile,0.9,316.26018954462586
UMass-flusion_spatial2,53,0,2023-12-30,2023-12-30,wk inc flu hosp,quantile,0.95,337.9488269503023
UMass-flusion_spatial2,53,0,2023-12-30,2023-12-30,wk inc flu hosp,quantile,0.975,363.72743383388206
UMass-flusion_spatial2,53,0,2023-12-30,2023-12-30,wk inc flu hosp,quantile,0.99,393.30929997245886
UMass-flusion_spatial2,53,1,2024-01-06,2023-12-30,wk inc flu hosp,quantile,0.01,79.15484449743752
UMass-flusion_spatial2,53,1,2024-01-06,2023-12-30,wk inc flu hosp,quantile,0.025,98.09832552818756
UMass-flusion_spatial2,53,1,2024-01-06,2023-12-30,wk inc flu hosp,quantile,0.05,117.3214285102755
UMass-flusion_spatial2,53,1,2024-01-06,2023-12-30,wk inc flu hosp,quantile,0.1,145.15936949423627
UMass-flusion_spatial2,53,1,2024-01-06,2023-12-30,wk inc flu hosp,quantile,0.15,164.99811250906626
UMass-flusion_spatial2,53,1,2024-01-06,2023-12-30,wk inc flu hosp,quantile,0.2,186.45205624746166
UMass-flusion_spatial2,53,1,2024-01-06,2023-12-30,wk inc flu hosp,quantile,0.25,204.5137400271456
UMass-flusion_spatial2,53,1,2024-01-06,2023-12-30,wk inc flu hosp,quantile,0.3,217.40241015502073
UMass-flusion_spatial2,53,1,2024-01-06,2023-12-30,wk inc flu hosp,quantile,0.35,228.96025504910625
UMass-flusion_spatial2,53,1,2024-01-06,2023-12-30,wk inc flu hosp,quantile,0.4,237.50481196051442
UMass-flusion_spatial2,53,1,2024-01-06,2023-12-30,wk inc flu hosp,quantile,0.45,248.71298841116538
UMass-flusion_spatial2,53,1,2024-01-06,2023-12-30,wk inc flu hosp,quantile,0.5,258.84295099158555
UMass-flusion_spatial2,53,1,2024-01-06,2023-12-30,wk inc flu hosp,quantile,0.55,269.03244938466344
UMass-flusion_spatial2,53,1,2024-01-06,2023-12-30,wk inc flu hosp,quantile,0.6,285.63437613302426
UMass-flusion_spatial2,53,1,2024-01-06,2023-12-30,wk inc flu hosp,quantile,0.65,299.86034475408576
UMass-flusion_spatial2,53,1,2024-01-06,2023-12-30,wk inc flu hosp,quantile,0.7,316.03520392077905
UMass-flusion_spatial2,53,1,2024-01-06,2023-12-30,wk inc flu hosp,quantile,0.75,327.90618150505315
UMass-flusion_spatial2,53,1,2024-01-06,2023-12-30,wk inc flu hosp,quantile,0.8,345.45082585903344
UMass-flusion_spatial2,53,1,2024-01-06,2023-12-30,wk inc flu hosp,quantile,0.85,358.49547116008836
UMass-flusion_spatial2,53,1,2024-01-06,2023-12-30,wk inc flu hosp,quantile,0.9,386.22106454543416
UMass-flusion_spatial2,53,1,2024-01-06,2023-12-30,wk inc flu hosp,quantile,0.95,432.74468843107996
UMass-flusion_spatial2,53,1,2024-01-06,2023-12-30,wk inc flu hosp,quantile,0.975,464.29422778204673
UMass-flusion_spatial2,53,1,2024-01-06,2023-12-30,wk inc flu hosp,quantile,0.99,524.5828738411378
UMass-flusion_spatial2,53,2,2024-01-13,2023-12-30,wk inc flu hosp,quantile,0.01,63.08830183774786
UMass-flusion_spatial2,53,2,2024-01-13,2023-12-30,wk inc flu hosp,quantile,0.025,82.68874038079014
UMass-flusion_spatial2,53,2,2024-01-13,2023-12-30,wk inc flu hosp,quantile,0.05,103.98570560685032
UMass-flusion_spatial2,53,2,2024-01-13,2023-12-30,wk inc flu hosp,quantile,0.1,132.54199516446522
UMass-flusion_spatial2,53,2,2024-01-13,2023-12-30,wk inc flu hosp,quantile,0.15,154.59121475286298
UMass-flusion_spatial2,53,2,2024-01-13,2023-12-30,wk inc flu hosp,quantile,0.2,176.92627799532772
UMass-flusion_spatial2,53,2,2024-01-13,2023-12-30,wk inc flu hosp,quantile,0.25,195.74335398917555
UMass-flusion_spatial2,53,2,2024-01-13,2023-12-30,wk inc flu hosp,quantile,0.3,211.82140770732576
UMass-flusion_spatial2,53,2,2024-01-13,2023-12-30,wk inc flu hosp,quantile,0.35,225.05405437737042
UMass-flusion_spatial2,53,2,2024-01-13,2023-12-30,wk inc flu hosp,quantile,0.4,241.56418722598875
UMass-flusion_spatial2,53,2,2024-01-13,2023-12-30,wk inc flu hosp,quantile,0.45,249.37528867622137
UMass-flusion_spatial2,53,2,2024-01-13,2023-12-30,wk inc flu hosp,quantile,0.5,263.39141688628104
UMass-flusion_spatial2,53,2,2024-01-13,2023-12-30,wk inc flu hosp,quantile,0.55,278.74804639608533
UMass-flusion_spatial2,53,2,2024-01-13,2023-12-30,wk inc flu hosp,quantile,0.6,291.20181750523034
UMass-flusion_spatial2,53,2,2024-01-13,2023-12-30,wk inc flu hosp,quantile,0.65,310.64093091809536
UMass-flusion_spatial2,53,2,2024-01-13,2023-12-30,wk inc flu hosp,quantile,0.7,327.5301444908823
UMass-flusion_spatial2,53,2,2024-01-13,2023-12-30,wk inc flu hosp,quantile,0.75,345.8455662950743
UMass-flusion_spatial2,53,2,2024-01-13,2023-12-30,wk inc flu hosp,quantile,0.8,366.2155005518805
UMass-flusion_spatial2,53,2,2024-01-13,2023-12-30,wk inc flu hosp,quantile,0.85,381.9926072905894
UMass-flusion_spatial2,53,2,2024-01-13,2023-12-30,wk inc flu hosp,quantile,0.9,435.1304109821317
UMass-flusion_spatial2,53,2,2024-01-13,2023-12-30,wk inc flu hosp,quantile,0.95,503.22682411372347
UMass-flusion_spatial2,53,2,2024-01-13,2023-12-30,wk inc flu hosp,quantile,0.975,573.1043430059773
UMass-flusion_spatial2,53,2,2024-01-13,2023-12-30,wk inc flu hosp,quantile,0.99,641.3512648521337
UMass-flusion_spatial2,53,3,2024-01-20,2023-12-30,wk inc flu hosp,quantile,0.01,50.55600780140343
UMass-flusion_spatial2,53,3,2024-01-20,2023-12-30,wk inc flu hosp,quantile,0.025,70.21873731700059
UMass-flusion_spatial2,53,3,2024-01-20,2023-12-30,wk inc flu hosp,quantile,0.05,92.48684186259625
UMass-flusion_spatial2,53,3,2024-01-20,2023-12-30,wk inc flu hosp,quantile,0.1,121.86738647027848
UMass-flusion_spatial2,53,3,2024-01-20,2023-12-30,wk inc flu hosp,quantile,0.15,144.4670315974908
UMass-flusion_spatial2,53,3,2024-01-20,2023-12-30,wk inc flu hosp,quantile,0.2,165.6586315302418
UMass-flusion_spatial2,53,3,2024-01-20,2023-12-30,wk inc flu hosp,quantile,0.25,184.44214580160678
UMass-flusion_spatial2,53,3,2024-01-20,2023-12-30,wk inc flu hosp,quantile,0.3,205.16548936938733
UMass-flusion_spatial2,53,3,2024-01-20,2023-12-30,wk inc flu hosp,quantile,0.35,216.39403637564791
UMass-flusion_spatial2,53,3,2024-01-20,2023-12-30,wk inc flu hosp,quantile,0.4,231.25265100836776
UMass-flusion_spatial2,53,3,2024-01-20,2023-12-30,wk inc flu hosp,quantile,0.45,245.1311744701301
UMass-flusion_spatial2,53,3,2024-01-20,2023-12-30,wk inc flu hosp,quantile,0.5,257.62009576434855
UMass-flusion_spatial2,53,3,2024-01-20,2023-12-30,wk inc flu hosp,quantile,0.55,279.5611904274377
UMass-flusion_spatial2,53,3,2024-01-20,2023-12-30,wk inc flu hosp,quantile,0.6,295.0973453710135
UMass-flusion_spatial2,53,3,2024-01-20,2023-12-30,wk inc flu hosp,quantile,0.65,312.36490949076153
UMass-flusion_spatial2,53,3,2024-01-20,2023-12-30,wk inc flu hosp,quantile,0.7,331.8192811200404
UMass-flusion_spatial2,53,3,2024-01-20,2023-12-30,wk inc flu hosp,quantile,0.75,357.77472522745325
UMass-flusion_spatial2,53,3,2024-01-20,2023-12-30,wk inc flu hosp,quantile,0.8,383.1949067954258
UMass-flusion_spatial2,53,3,2024-01-20,2023-12-30,wk inc flu hosp,quantile,0.85,402.08633261715266
UMass-flusion_spatial2,53,3,2024-01-20,2023-12-30,wk inc flu hosp,quantile,0.9,465.93648181746494
UMass-flusion_spatial2,53,3,2024-01-20,2023-12-30,wk inc flu hosp,quantile,0.95,560.5433419501144
UMass-flusion_spatial2,53,3,2024-01-20,2023-12-30,wk inc flu hosp,quantile,0.975,638.5677570310015
UMass-flusion_spatial2,53,3,2024-01-20,2023-12-30,wk inc flu hosp,quantile,0.99,723.8419204699173
UMass-flusion_spatial2,54,0,2023-12-30,2023-12-30,wk inc flu hosp,quantile,0.01,43.4208291125381
UMass-flusion_spatial2,54,0,2023-12-30,2023-12-30,wk inc flu hosp,quantile,0.025,51.64321081753079
UMass-flusion_spatial2,54,0,2023-12-30,2023-12-30,wk inc flu hosp,quantile,0.05,59.95210762955658
UMass-flusion_spatial2,54,0,2023-12-30,2023-12-30,wk inc flu hosp,quantile,0.1,70.52694227759326
UMass-flusion_spatial2,54,0,2023-12-30,2023-12-30,wk inc flu hosp,quantile,0.15,80.24786505123588
UMass-flusion_spatial2,54,0,2023-12-30,2023-12-30,wk inc flu hosp,quantile,0.2,89.8338352714831
UMass-flusion_spatial2,54,0,2023-12-30,2023-12-30,wk inc flu hosp,quantile,0.25,95.69600907276983
UMass-flusion_spatial2,54,0,2023-12-30,2023-12-30,wk inc flu hosp,quantile,0.3,101.08971976166957
UMass-flusion_spatial2,54,0,2023-12-30,2023-12-30,wk inc flu hosp,quantile,0.35,104.75103458495255
UMass-flusion_spatial2,54,0,2023-12-30,2023-12-30,wk inc flu hosp,quantile,0.4,106.91129867666717
UMass-flusion_spatial2,54,0,2023-12-30,2023-12-30,wk inc flu hosp,quantile,0.45,110.9864076626514
UMass-flusion_spatial2,54,0,2023-12-30,2023-12-30,wk inc flu hosp,quantile,0.5,114.15080574211689
UMass-flusion_spatial2,54,0,2023-12-30,2023-12-30,wk inc flu hosp,quantile,0.55,119.25792497417348
UMass-flusion_spatial2,54,0,2023-12-30,2023-12-30,wk inc flu hosp,quantile,0.6,122.81064582285798
UMass-flusion_spatial2,54,0,2023-12-30,2023-12-30,wk inc flu hosp,quantile,0.65,128.1297035739484
UMass-flusion_spatial2,54,0,2023-12-30,2023-12-30,wk inc flu hosp,quantile,0.7,132.16753946995462
UMass-flusion_spatial2,54,0,2023-12-30,2023-12-30,wk inc flu hosp,quantile,0.75,136.28252944846236
UMass-flusion_spatial2,54,0,2023-12-30,2023-12-30,wk inc flu hosp,quantile,0.8,140.74845217800993
UMass-flusion_spatial2,54,0,2023-12-30,2023-12-30,wk inc flu hosp,quantile,0.85,146.1559188566859
UMass-flusion_spatial2,54,0,2023-12-30,2023-12-30,wk inc flu hosp,quantile,0.9,152.19164600432697
UMass-flusion_spatial2,54,0,2023-12-30,2023-12-30,wk inc flu hosp,quantile,0.95,166.55247897037043
UMass-flusion_spatial2,54,0,2023-12-30,2023-12-30,wk inc flu hosp,quantile,0.975,180.88041941067908
UMass-flusion_spatial2,54,0,2023-12-30,2023-12-30,wk inc flu hosp,quantile,0.99,202.3894065643581
UMass-flusion_spatial2,54,1,2024-01-06,2023-12-30,wk inc flu hosp,quantile,0.01,36.853526595598964
UMass-flusion_spatial2,54,1,2024-01-06,2023-12-30,wk inc flu hosp,quantile,0.025,46.279941773487224
UMass-flusion_spatial2,54,1,2024-01-06,2023-12-30,wk inc flu hosp,quantile,0.05,55.34246747228068
UMass-flusion_spatial2,54,1,2024-01-06,2023-12-30,wk inc flu hosp,quantile,0.1,68.71346911233721
UMass-flusion_spatial2,54,1,2024-01-06,2023-12-30,wk inc flu hosp,quantile,0.15,79.54875358194795
UMass-flusion_spatial2,54,1,2024-01-06,2023-12-30,wk inc flu hosp,quantile,0.2,91.8997213484158
UMass-flusion_spatial2,54,1,2024-01-06,2023-12-30,wk inc flu hosp,quantile,0.25,99.70892024666354
UMass-flusion_spatial2,54,1,2024-01-06,2023-12-30,wk inc flu hosp,quantile,0.3,107.34578766391726
UMass-flusion_spatial2,54,1,2024-01-06,2023-12-30,wk inc flu hosp,quantile,0.35,112.80298813765992
UMass-flusion_spatial2,54,1,2024-01-06,2023-12-30,wk inc flu hosp,quantile,0.4,119.03367116594046
UMass-flusion_spatial2,54,1,2024-01-06,2023-12-30,wk inc flu hosp,quantile,0.45,123.34796740912986
UMass-flusion_spatial2,54,1,2024-01-06,2023-12-30,wk inc flu hosp,quantile,0.5,129.99835298309472
UMass-flusion_spatial2,54,1,2024-01-06,2023-12-30,wk inc flu hosp,quantile,0.55,136.18637341561282
UMass-flusion_spatial2,54,1,2024-01-06,2023-12-30,wk inc flu hosp,quantile,0.6,143.0549378745688
UMass-flusion_spatial2,54,1,2024-01-06,2023-12-30,wk inc flu hosp,quantile,0.65,152.83397041798435
UMass-flusion_spatial2,54,1,2024-01-06,2023-12-30,wk inc flu hosp,quantile,0.7,159.57193360114343
UMass-flusion_spatial2,54,1,2024-01-06,2023-12-30,wk inc flu hosp,quantile,0.75,164.36464319897138
UMass-flusion_spatial2,54,1,2024-01-06,2023-12-30,wk inc flu hosp,quantile,0.8,171.91524093495764
UMass-flusion_spatial2,54,1,2024-01-06,2023-12-30,wk inc flu hosp,quantile,0.85,181.1083609246253
UMass-flusion_spatial2,54,1,2024-01-06,2023-12-30,wk inc flu hosp,quantile,0.9,198.51073281493666
UMass-flusion_spatial2,54,1,2024-01-06,2023-12-30,wk inc flu hosp,quantile,0.95,229.24547116083488
UMass-flusion_spatial2,54,1,2024-01-06,2023-12-30,wk inc flu hosp,quantile,0.975,244.18720869601162
UMass-flusion_spatial2,54,1,2024-01-06,2023-12-30,wk inc flu hosp,quantile,0.99,276.08112824717887
UMass-flusion_spatial2,54,2,2024-01-13,2023-12-30,wk inc flu hosp,quantile,0.01,28.779513180587443
UMass-flusion_spatial2,54,2,2024-01-13,2023-12-30,wk inc flu hosp,quantile,0.025,38.69637707664998
UMass-flusion_spatial2,54,2,2024-01-13,2023-12-30,wk inc flu hosp,quantile,0.05,48.887160014458345
UMass-flusion_spatial2,54,2,2024-01-13,2023-12-30,wk inc flu hosp,quantile,0.1,63.7146993149413
UMass-flusion_spatial2,54,2,2024-01-13,2023-12-30,wk inc flu hosp,quantile,0.15,76.5385784686087
UMass-flusion_spatial2,54,2,2024-01-13,2023-12-30,wk inc flu hosp,quantile,0.2,88.95168791108513
UMass-flusion_spatial2,54,2,2024-01-13,2023-12-30,wk inc flu hosp,quantile,0.25,98.26989816364471
UMass-flusion_spatial2,54,2,2024-01-13,2023-12-30,wk inc flu hosp,quantile,0.3,108.64043584433372
UMass-flusion_spatial2,54,2,2024-01-13,2023-12-30,wk inc flu hosp,quantile,0.35,116.57379666375562
UMass-flusion_spatial2,54,2,2024-01-13,2023-12-30,wk inc flu hosp,quantile,0.4,123.53441356589938
UMass-flusion_spatial2,54,2,2024-01-13,2023-12-30,wk inc flu hosp,quantile,0.45,130.12793803594425
UMass-flusion_spatial2,54,2,2024-01-13,2023-12-30,wk inc flu hosp,quantile,0.5,137.97333702145409
UMass-flusion_spatial2,54,2,2024-01-13,2023-12-30,wk inc flu hosp,quantile,0.55,145.79663668784497
UMass-flusion_spatial2,54,2,2024-01-13,2023-12-30,wk inc flu hosp,quantile,0.6,154.65100587977352
UMass-flusion_spatial2,54,2,2024-01-13,2023-12-30,wk inc flu hosp,quantile,0.65,164.44602777922304
UMass-flusion_spatial2,54,2,2024-01-13,2023-12-30,wk inc flu hosp,quantile,0.7,174.52936608773996
UMass-flusion_spatial2,54,2,2024-01-13,2023-12-30,wk inc flu hosp,quantile,0.75,182.55859479833725
UMass-flusion_spatial2,54,2,2024-01-13,2023-12-30,wk inc flu hosp,quantile,0.8,194.66398110535152
UMass-flusion_spatial2,54,2,2024-01-13,2023-12-30,wk inc flu hosp,quantile,0.85,205.74217350549466
UMass-flusion_spatial2,54,2,2024-01-13,2023-12-30,wk inc flu hosp,quantile,0.9,230.94520905379036
UMass-flusion_spatial2,54,2,2024-01-13,2023-12-30,wk inc flu hosp,quantile,0.95,281.0684940992172
UMass-flusion_spatial2,54,2,2024-01-13,2023-12-30,wk inc flu hosp,quantile,0.975,317.05264894719016
UMass-flusion_spatial2,54,2,2024-01-13,2023-12-30,wk inc flu hosp,quantile,0.99,352.18400642458096
UMass-flusion_spatial2,54,3,2024-01-20,2023-12-30,wk inc flu hosp,quantile,0.01,24.119750619740422
UMass-flusion_spatial2,54,3,2024-01-20,2023-12-30,wk inc flu hosp,quantile,0.025,34.594029778365645
UMass-flusion_spatial2,54,3,2024-01-20,2023-12-30,wk inc flu hosp,quantile,0.05,45.058198624868375
UMass-flusion_spatial2,54,3,2024-01-20,2023-12-30,wk inc flu hosp,quantile,0.1,60.62104881575055
UMass-flusion_spatial2,54,3,2024-01-20,2023-12-30,wk inc flu hosp,quantile,0.15,73.14561254950925
UMass-flusion_spatial2,54,3,2024-01-20,2023-12-30,wk inc flu hosp,quantile,0.2,85.33408274241158
UMass-flusion_spatial2,54,3,2024-01-20,2023-12-30,wk inc flu hosp,quantile,0.25,95.50587982125492
UMass-flusion_spatial2,54,3,2024-01-20,2023-12-30,wk inc flu hosp,quantile,0.3,106.86050048789963
UMass-flusion_spatial2,54,3,2024-01-20,2023-12-30,wk inc flu hosp,quantile,0.35,115.52489635900457
UMass-flusion_spatial2,54,3,2024-01-20,2023-12-30,wk inc flu hosp,quantile,0.4,125.24118987479636
UMass-flusion_spatial2,54,3,2024-01-20,2023-12-30,wk inc flu hosp,quantile,0.45,133.34037776297015
UMass-flusion_spatial2,54,3,2024-01-20,2023-12-30,wk inc flu hosp,quantile,0.5,142.01385579414614
UMass-flusion_spatial2,54,3,2024-01-20,2023-12-30,wk inc flu hosp,quantile,0.55,151.42082937095657
UMass-flusion_spatial2,54,3,2024-01-20,2023-12-30,wk inc flu hosp,quantile,0.6,160.71716447606858
UMass-flusion_spatial2,54,3,2024-01-20,2023-12-30,wk inc flu hosp,quantile,0.65,174.44556877470455
UMass-flusion_spatial2,54,3,2024-01-20,2023-12-30,wk inc flu hosp,quantile,0.7,183.56626054035357
UMass-flusion_spatial2,54,3,2024-01-20,2023-12-30,wk inc flu hosp,quantile,0.75,196.31036975475172
UMass-flusion_spatial2,54,3,2024-01-20,2023-12-30,wk inc flu hosp,quantile,0.8,209.5477260288846
UMass-flusion_spatial2,54,3,2024-01-20,2023-12-30,wk inc flu hosp,quantile,0.85,225.54204845107142
UMass-flusion_spatial2,54,3,2024-01-20,2023-12-30,wk inc flu hosp,quantile,0.9,262.08603183733123
UMass-flusion_spatial2,54,3,2024-01-20,2023-12-30,wk inc flu hosp,quantile,0.95,319.3542503990099
UMass-flusion_spatial2,54,3,2024-01-20,2023-12-30,wk inc flu hosp,quantile,0.975,361.1014945727262
UMass-flusion_spatial2,54,3,2024-01-20,2023-12-30,wk inc flu hosp,quantile,0.99,419.3845284957106
UMass-flusion_spatial2,55,0,2023-12-30,2023-12-30,wk inc flu hosp,quantile,0.01,104.53747701144118
UMass-flusion_spatial2,55,0,2023-12-30,2023-12-30,wk inc flu hosp,quantile,0.025,123.91747261873913
UMass-flusion_spatial2,55,0,2023-12-30,2023-12-30,wk inc flu hosp,quantile,0.05,141.22302437629213
UMass-flusion_spatial2,55,0,2023-12-30,2023-12-30,wk inc flu hosp,quantile,0.1,160.65123430027103
UMass-flusion_spatial2,55,0,2023-12-30,2023-12-30,wk inc flu hosp,quantile,0.15,173.19757287158274
UMass-flusion_spatial2,55,0,2023-12-30,2023-12-30,wk inc flu hosp,quantile,0.2,187.5847033473732
UMass-flusion_spatial2,55,0,2023-12-30,2023-12-30,wk inc flu hosp,quantile,0.25,199.73285818034458
UMass-flusion_spatial2,55,0,2023-12-30,2023-12-30,wk inc flu hosp,quantile,0.3,208.85109459804139
UMass-flusion_spatial2,55,0,2023-12-30,2023-12-30,wk inc flu hosp,quantile,0.35,214.12245031829792
UMass-flusion_spatial2,55,0,2023-12-30,2023-12-30,wk inc flu hosp,quantile,0.4,219.7838114939189
UMass-flusion_spatial2,55,0,2023-12-30,2023-12-30,wk inc flu hosp,quantile,0.45,229.09535996264054
UMass-flusion_spatial2,55,0,2023-12-30,2023-12-30,wk inc flu hosp,quantile,0.5,236.1902587749688
UMass-flusion_spatial2,55,0,2023-12-30,2023-12-30,wk inc flu hosp,quantile,0.55,244.11768378599052
UMass-flusion_spatial2,55,0,2023-12-30,2023-12-30,wk inc flu hosp,quantile,0.6,253.64111848710252
UMass-flusion_spatial2,55,0,2023-12-30,2023-12-30,wk inc flu hosp,quantile,0.65,264.6787225284367
UMass-flusion_spatial2,55,0,2023-12-30,2023-12-30,wk inc flu hosp,quantile,0.7,274.16174766084896
UMass-flusion_spatial2,55,0,2023-12-30,2023-12-30,wk inc flu hosp,quantile,0.75,283.2652911826731
UMass-flusion_spatial2,55,0,2023-12-30,2023-12-30,wk inc flu hosp,quantile,0.8,288.99023674743637
UMass-flusion_spatial2,55,0,2023-12-30,2023-12-30,wk inc flu hosp,quantile,0.85,297.1944232374561
UMass-flusion_spatial2,55,0,2023-12-30,2023-12-30,wk inc flu hosp,quantile,0.9,308.2844380751552
UMass-flusion_spatial2,55,0,2023-12-30,2023-12-30,wk inc flu hosp,quantile,0.95,330.49454501102764
UMass-flusion_spatial2,55,0,2023-12-30,2023-12-30,wk inc flu hosp,quantile,0.975,347.64153269069936
UMass-flusion_spatial2,55,0,2023-12-30,2023-12-30,wk inc flu hosp,quantile,0.99,379.9587902537949
UMass-flusion_spatial2,55,1,2024-01-06,2023-12-30,wk inc flu hosp,quantile,0.01,85.08489370019409
UMass-flusion_spatial2,55,1,2024-01-06,2023-12-30,wk inc flu hosp,quantile,0.025,103.2812756848284
UMass-flusion_spatial2,55,1,2024-01-06,2023-12-30,wk inc flu hosp,quantile,0.05,123.80394489193299
UMass-flusion_spatial2,55,1,2024-01-06,2023-12-30,wk inc flu hosp,quantile,0.1,150.3476983669869
UMass-flusion_spatial2,55,1,2024-01-06,2023-12-30,wk inc flu hosp,quantile,0.15,167.85309861893086
UMass-flusion_spatial2,55,1,2024-01-06,2023-12-30,wk inc flu hosp,quantile,0.2,184.18299699624038
UMass-flusion_spatial2,55,1,2024-01-06,2023-12-30,wk inc flu hosp,quantile,0.25,196.01659017763646
UMass-flusion_spatial2,55,1,2024-01-06,2023-12-30,wk inc flu hosp,quantile,0.3,206.59297599283167
UMass-flusion_spatial2,55,1,2024-01-06,2023-12-30,wk inc flu hosp,quantile,0.35,216.87570823236504
UMass-flusion_spatial2,55,1,2024-01-06,2023-12-30,wk inc flu hosp,quantile,0.4,223.03123557003437
UMass-flusion_spatial2,55,1,2024-01-06,2023-12-30,wk inc flu hosp,quantile,0.45,234.33774529674207
UMass-flusion_spatial2,55,1,2024-01-06,2023-12-30,wk inc flu hosp,quantile,0.5,242.33851317389224
UMass-flusion_spatial2,55,1,2024-01-06,2023-12-30,wk inc flu hosp,quantile,0.55,252.8607374219327
UMass-flusion_spatial2,55,1,2024-01-06,2023-12-30,wk inc flu hosp,quantile,0.6,268.2187871182201
UMass-flusion_spatial2,55,1,2024-01-06,2023-12-30,wk inc flu hosp,quantile,0.65,285.0510981249382
UMass-flusion_spatial2,55,1,2024-01-06,2023-12-30,wk inc flu hosp,quantile,0.7,298.4915068040899
UMass-flusion_spatial2,55,1,2024-01-06,2023-12-30,wk inc flu hosp,quantile,0.75,308.8210896231271
UMass-flusion_spatial2,55,1,2024-01-06,2023-12-30,wk inc flu hosp,quantile,0.8,325.1124373770283
UMass-flusion_spatial2,55,1,2024-01-06,2023-12-30,wk inc flu hosp,quantile,0.85,339.5911888353537
UMass-flusion_spatial2,55,1,2024-01-06,2023-12-30,wk inc flu hosp,quantile,0.9,367.37369729040324
UMass-flusion_spatial2,55,1,2024-01-06,2023-12-30,wk inc flu hosp,quantile,0.95,402.39600421274736
UMass-flusion_spatial2,55,1,2024-01-06,2023-12-30,wk inc flu hosp,quantile,0.975,425.52065067796366
UMass-flusion_spatial2,55,1,2024-01-06,2023-12-30,wk inc flu hosp,quantile,0.99,478.87903189388567
UMass-flusion_spatial2,55,2,2024-01-13,2023-12-30,wk inc flu hosp,quantile,0.01,68.35980924806671
UMass-flusion_spatial2,55,2,2024-01-13,2023-12-30,wk inc flu hosp,quantile,0.025,85.33807412928907
UMass-flusion_spatial2,55,2,2024-01-13,2023-12-30,wk inc flu hosp,quantile,0.05,107.92298418735047
UMass-flusion_spatial2,55,2,2024-01-13,2023-12-30,wk inc flu hosp,quantile,0.1,134.14561503503572
UMass-flusion_spatial2,55,2,2024-01-13,2023-12-30,wk inc flu hosp,quantile,0.15,154.51694434980632
UMass-flusion_spatial2,55,2,2024-01-13,2023-12-30,wk inc flu hosp,quantile,0.2,169.4402209539353
UMass-flusion_spatial2,55,2,2024-01-13,2023-12-30,wk inc flu hosp,quantile,0.25,180.96695266267
UMass-flusion_spatial2,55,2,2024-01-13,2023-12-30,wk inc flu hosp,quantile,0.3,191.59986154959495
UMass-flusion_spatial2,55,2,2024-01-13,2023-12-30,wk inc flu hosp,quantile,0.35,203.6121708937274
UMass-flusion_spatial2,55,2,2024-01-13,2023-12-30,wk inc flu hosp,quantile,0.4,214.58473538248882
UMass-flusion_spatial2,55,2,2024-01-13,2023-12-30,wk inc flu hosp,quantile,0.45,226.41024196600972
UMass-flusion_spatial2,55,2,2024-01-13,2023-12-30,wk inc flu hosp,quantile,0.5,237.94759066370347
UMass-flusion_spatial2,55,2,2024-01-13,2023-12-30,wk inc flu hosp,quantile,0.55,252.11862825920142
UMass-flusion_spatial2,55,2,2024-01-13,2023-12-30,wk inc flu hosp,quantile,0.6,266.6859689825269
UMass-flusion_spatial2,55,2,2024-01-13,2023-12-30,wk inc flu hosp,quantile,0.65,283.85411008466735
UMass-flusion_spatial2,55,2,2024-01-13,2023-12-30,wk inc flu hosp,quantile,0.7,298.2777544683593
UMass-flusion_spatial2,55,2,2024-01-13,2023-12-30,wk inc flu hosp,quantile,0.75,310.5970545442922
UMass-flusion_spatial2,55,2,2024-01-13,2023-12-30,wk inc flu hosp,quantile,0.8,330.38096549365684
UMass-flusion_spatial2,55,2,2024-01-13,2023-12-30,wk inc flu hosp,quantile,0.85,349.5014513252464
UMass-flusion_spatial2,55,2,2024-01-13,2023-12-30,wk inc flu hosp,quantile,0.9,385.28242861687636
UMass-flusion_spatial2,55,2,2024-01-13,2023-12-30,wk inc flu hosp,quantile,0.95,438.03250923627627
UMass-flusion_spatial2,55,2,2024-01-13,2023-12-30,wk inc flu hosp,quantile,0.975,490.5004369887009
UMass-flusion_spatial2,55,2,2024-01-13,2023-12-30,wk inc flu hosp,quantile,0.99,553.7824106622745
UMass-flusion_spatial2,55,3,2024-01-20,2023-12-30,wk inc flu hosp,quantile,0.01,52.524705957130976
UMass-flusion_spatial2,55,3,2024-01-20,2023-12-30,wk inc flu hosp,quantile,0.025,71.31368477729171
UMass-flusion_spatial2,55,3,2024-01-20,2023-12-30,wk inc flu hosp,quantile,0.05,93.76558694425792
UMass-flusion_spatial2,55,3,2024-01-20,2023-12-30,wk inc flu hosp,quantile,0.1,120.24646595161593
UMass-flusion_spatial2,55,3,2024-01-20,2023-12-30,wk inc flu hosp,quantile,0.15,136.30256531874755
UMass-flusion_spatial2,55,3,2024-01-20,2023-12-30,wk inc flu hosp,quantile,0.2,150.65948730728493
UMass-flusion_spatial2,55,3,2024-01-20,2023-12-30,wk inc flu hosp,quantile,0.25,166.10743809903352
UMass-flusion_spatial2,55,3,2024-01-20,2023-12-30,wk inc flu hosp,quantile,0.3,179.01218214976205
UMass-flusion_spatial2,55,3,2024-01-20,2023-12-30,wk inc flu hosp,quantile,0.35,190.48097714504422
UMass-flusion_spatial2,55,3,2024-01-20,2023-12-30,wk inc flu hosp,quantile,0.4,202.42558466044323
UMass-flusion_spatial2,55,3,2024-01-20,2023-12-30,wk inc flu hosp,quantile,0.45,216.2011007813229
UMass-flusion_spatial2,55,3,2024-01-20,2023-12-30,wk inc flu hosp,quantile,0.5,223.87538439473104
UMass-flusion_spatial2,55,3,2024-01-20,2023-12-30,wk inc flu hosp,quantile,0.55,239.36560021573837
UMass-flusion_spatial2,55,3,2024-01-20,2023-12-30,wk inc flu hosp,quantile,0.6,256.2323175066783
UMass-flusion_spatial2,55,3,2024-01-20,2023-12-30,wk inc flu hosp,quantile,0.65,272.06222413798764
UMass-flusion_spatial2,55,3,2024-01-20,2023-12-30,wk inc flu hosp,quantile,0.7,283.42864278033426
UMass-flusion_spatial2,55,3,2024-01-20,2023-12-30,wk inc flu hosp,quantile,0.75,300.4294198008764
UMass-flusion_spatial2,55,3,2024-01-20,2023-12-30,wk inc flu hosp,quantile,0.8,321.7117570122091
UMass-flusion_spatial2,55,3,2024-01-20,2023-12-30,wk inc flu hosp,quantile,0.85,354.42006316797784
UMass-flusion_spatial2,55,3,2024-01-20,2023-12-30,wk inc flu hosp,quantile,0.9,395.6622216514133
UMass-flusion_spatial2,55,3,2024-01-20,2023-12-30,wk inc flu hosp,quantile,0.95,460.15670987720614
UMass-flusion_spatial2,55,3,2024-01-20,2023-12-30,wk inc flu hosp,quantile,0.975,529.6045669792386
UMass-flusion_spatial2,55,3,2024-01-20,2023-12-30,wk inc flu hosp,quantile,0.99,596.8518741705154
UMass-flusion_spatial2,56,0,2023-12-30,2023-12-30,wk inc flu hosp,quantile,0.01,9.860938714456674
UMass-flusion_spatial2,56,0,2023-12-30,2023-12-30,wk inc flu hosp,quantile,0.025,12.65829707288756
UMass-flusion_spatial2,56,0,2023-12-30,2023-12-30,wk inc flu hosp,quantile,0.05,14.659969986633172
UMass-flusion_spatial2,56,0,2023-12-30,2023-12-30,wk inc flu hosp,quantile,0.1,17.48773013858833
UMass-flusion_spatial2,56,0,2023-12-30,2023-12-30,wk inc flu hosp,quantile,0.15,20.03620270897936
UMass-flusion_spatial2,56,0,2023-12-30,2023-12-30,wk inc flu hosp,quantile,0.2,21.787034336243572
UMass-flusion_spatial2,56,0,2023-12-30,2023-12-30,wk inc flu hosp,quantile,0.25,23.489867649949282
UMass-flusion_spatial2,56,0,2023-12-30,2023-12-30,wk inc flu hosp,quantile,0.3,25.005509932892775
UMass-flusion_spatial2,56,0,2023-12-30,2023-12-30,wk inc flu hosp,quantile,0.35,26.306895714678895
UMass-flusion_spatial2,56,0,2023-12-30,2023-12-30,wk inc flu hosp,quantile,0.4,27.698624659273428
UMass-flusion_spatial2,56,0,2023-12-30,2023-12-30,wk inc flu hosp,quantile,0.45,28.903989202427407
UMass-flusion_spatial2,56,0,2023-12-30,2023-12-30,wk inc flu hosp,quantile,0.5,30.175861979733185
UMass-flusion_spatial2,56,0,2023-12-30,2023-12-30,wk inc flu hosp,quantile,0.55,30.909896475828027
UMass-flusion_spatial2,56,0,2023-12-30,2023-12-30,wk inc flu hosp,quantile,0.6,32.26177458991373
UMass-flusion_spatial2,56,0,2023-12-30,2023-12-30,wk inc flu hosp,quantile,0.65,33.87581096749953
UMass-flusion_spatial2,56,0,2023-12-30,2023-12-30,wk inc flu hosp,quantile,0.7,36.1869613848985
UMass-flusion_spatial2,56,0,2023-12-30,2023-12-30,wk inc flu hosp,quantile,0.75,38.39072446027207
UMass-flusion_spatial2,56,0,2023-12-30,2023-12-30,wk inc flu hosp,quantile,0.8,40.187267074085455
UMass-flusion_spatial2,56,0,2023-12-30,2023-12-30,wk inc flu hosp,quantile,0.85,43.213045022747814
UMass-flusion_spatial2,56,0,2023-12-30,2023-12-30,wk inc flu hosp,quantile,0.9,46.061613625698314
UMass-flusion_spatial2,56,0,2023-12-30,2023-12-30,wk inc flu hosp,quantile,0.95,50.79322996150924
UMass-flusion_spatial2,56,0,2023-12-30,2023-12-30,wk inc flu hosp,quantile,0.975,56.96427415729107
UMass-flusion_spatial2,56,0,2023-12-30,2023-12-30,wk inc flu hosp,quantile,0.99,65.79484934326028
UMass-flusion_spatial2,56,1,2024-01-06,2023-12-30,wk inc flu hosp,quantile,0.01,5.68010331890421
UMass-flusion_spatial2,56,1,2024-01-06,2023-12-30,wk inc flu hosp,quantile,0.025,8.153714253316295
UMass-flusion_spatial2,56,1,2024-01-06,2023-12-30,wk inc flu hosp,quantile,0.05,9.869619626376313
UMass-flusion_spatial2,56,1,2024-01-06,2023-12-30,wk inc flu hosp,quantile,0.1,12.278831095903794
UMass-flusion_spatial2,56,1,2024-01-06,2023-12-30,wk inc flu hosp,quantile,0.15,14.527447771052069
UMass-flusion_spatial2,56,1,2024-01-06,2023-12-30,wk inc flu hosp,quantile,0.2,16.61325351459123
UMass-flusion_spatial2,56,1,2024-01-06,2023-12-30,wk inc flu hosp,quantile,0.25,18.188777238546347
UMass-flusion_spatial2,56,1,2024-01-06,2023-12-30,wk inc flu hosp,quantile,0.3,20.226812901645438
UMass-flusion_spatial2,56,1,2024-01-06,2023-12-30,wk inc flu hosp,quantile,0.35,21.497136167430675
UMass-flusion_spatial2,56,1,2024-01-06,2023-12-30,wk inc flu hosp,quantile,0.4,23.043095053676353
UMass-flusion_spatial2,56,1,2024-01-06,2023-12-30,wk inc flu hosp,quantile,0.45,24.31176045070425
UMass-flusion_spatial2,56,1,2024-01-06,2023-12-30,wk inc flu hosp,quantile,0.5,25.561374053036374
UMass-flusion_spatial2,56,1,2024-01-06,2023-12-30,wk inc flu hosp,quantile,0.55,27.138425514615896
UMass-flusion_spatial2,56,1,2024-01-06,2023-12-30,wk inc flu hosp,quantile,0.6,28.86960747693446
UMass-flusion_spatial2,56,1,2024-01-06,2023-12-30,wk inc flu hosp,quantile,0.65,31.44959220136662
UMass-flusion_spatial2,56,1,2024-01-06,2023-12-30,wk inc flu hosp,quantile,0.7,33.874850537229335
UMass-flusion_spatial2,56,1,2024-01-06,2023-12-30,wk inc flu hosp,quantile,0.75,36.815220428972395
UMass-flusion_spatial2,56,1,2024-01-06,2023-12-30,wk inc flu hosp,quantile,0.8,39.39312597790049
UMass-flusion_spatial2,56,1,2024-01-06,2023-12-30,wk inc flu hosp,quantile,0.85,43.770195829990506
UMass-flusion_spatial2,56,1,2024-01-06,2023-12-30,wk inc flu hosp,quantile,0.9,48.465985252099195
UMass-flusion_spatial2,56,1,2024-01-06,2023-12-30,wk inc flu hosp,quantile,0.95,56.05772690683756
UMass-flusion_spatial2,56,1,2024-01-06,2023-12-30,wk inc flu hosp,quantile,0.975,65.68382364536906
UMass-flusion_spatial2,56,1,2024-01-06,2023-12-30,wk inc flu hosp,quantile,0.99,76.9627747820897
UMass-flusion_spatial2,56,2,2024-01-13,2023-12-30,wk inc flu hosp,quantile,0.01,3.5210002446421824
UMass-flusion_spatial2,56,2,2024-01-13,2023-12-30,wk inc flu hosp,quantile,0.025,4.942415624115046
UMass-flusion_spatial2,56,2,2024-01-13,2023-12-30,wk inc flu hosp,quantile,0.05,5.76431623016215
UMass-flusion_spatial2,56,2,2024-01-13,2023-12-30,wk inc flu hosp,quantile,0.1,7.829145039801974
UMass-flusion_spatial2,56,2,2024-01-13,2023-12-30,wk inc flu hosp,quantile,0.15,10.037548841053292
UMass-flusion_spatial2,56,2,2024-01-13,2023-12-30,wk inc flu hosp,quantile,0.2,11.39028212017275
UMass-flusion_spatial2,56,2,2024-01-13,2023-12-30,wk inc flu hosp,quantile,0.25,12.870198837355485
UMass-flusion_spatial2,56,2,2024-01-13,2023-12-30,wk inc flu hosp,quantile,0.3,14.529111740304092
UMass-flusion_spatial2,56,2,2024-01-13,2023-12-30,wk inc flu hosp,quantile,0.35,16.124526720734373
UMass-flusion_spatial2,56,2,2024-01-13,2023-12-30,wk inc flu hosp,quantile,0.4,17.81082710807933
UMass-flusion_spatial2,56,2,2024-01-13,2023-12-30,wk inc flu hosp,quantile,0.45,19.21888373562692
UMass-flusion_spatial2,56,2,2024-01-13,2023-12-30,wk inc flu hosp,quantile,0.5,20.233655246240502
UMass-flusion_spatial2,56,2,2024-01-13,2023-12-30,wk inc flu hosp,quantile,0.55,21.55771935114849
UMass-flusion_spatial2,56,2,2024-01-13,2023-12-30,wk inc flu hosp,quantile,0.6,24.352972545555204
UMass-flusion_spatial2,56,2,2024-01-13,2023-12-30,wk inc flu hosp,quantile,0.65,26.665058317806228
UMass-flusion_spatial2,56,2,2024-01-13,2023-12-30,wk inc flu hosp,quantile,0.7,29.386469207700046
UMass-flusion_spatial2,56,2,2024-01-13,2023-12-30,wk inc flu hosp,quantile,0.75,32.642613776104966
UMass-flusion_spatial2,56,2,2024-01-13,2023-12-30,wk inc flu hosp,quantile,0.8,35.59325798077137
UMass-flusion_spatial2,56,2,2024-01-13,2023-12-30,wk inc flu hosp,quantile,0.85,39.49241408057831
UMass-flusion_spatial2,56,2,2024-01-13,2023-12-30,wk inc flu hosp,quantile,0.9,45.88821008524417
UMass-flusion_spatial2,56,2,2024-01-13,2023-12-30,wk inc flu hosp,quantile,0.95,57.196068710676855
UMass-flusion_spatial2,56,2,2024-01-13,2023-12-30,wk inc flu hosp,quantile,0.975,69.92282149243452
UMass-flusion_spatial2,56,2,2024-01-13,2023-12-30,wk inc flu hosp,quantile,0.99,87.45648762979589
UMass-flusion_spatial2,56,3,2024-01-20,2023-12-30,wk inc flu hosp,quantile,0.01,2.7424373618803624
UMass-flusion_spatial2,56,3,2024-01-20,2023-12-30,wk inc flu hosp,quantile,0.025,3.5339363692636705
UMass-flusion_spatial2,56,3,2024-01-20,2023-12-30,wk inc flu hosp,quantile,0.05,3.6137677613841155
UMass-flusion_spatial2,56,3,2024-01-20,2023-12-30,wk inc flu hosp,quantile,0.1,5.007541863391721
UMass-flusion_spatial2,56,3,2024-01-20,2023-12-30,wk inc flu hosp,quantile,0.15,6.764204929401851
UMass-flusion_spatial2,56,3,2024-01-20,2023-12-30,wk inc flu hosp,quantile,0.2,7.881779627272238
UMass-flusion_spatial2,56,3,2024-01-20,2023-12-30,wk inc flu hosp,quantile,0.25,9.04547893598491
UMass-flusion_spatial2,56,3,2024-01-20,2023-12-30,wk inc flu hosp,quantile,0.3,10.389278297656903
UMass-flusion_spatial2,56,3,2024-01-20,2023-12-30,wk inc flu hosp,quantile,0.35,12.078607711428763
UMass-flusion_spatial2,56,3,2024-01-20,2023-12-30,wk inc flu hosp,quantile,0.4,13.374808626519172
UMass-flusion_spatial2,56,3,2024-01-20,2023-12-30,wk inc flu hosp,quantile,0.45,14.830592627084709
UMass-flusion_spatial2,56,3,2024-01-20,2023-12-30,wk inc flu hosp,quantile,0.5,16.044679047749785
UMass-flusion_spatial2,56,3,2024-01-20,2023-12-30,wk inc flu hosp,quantile,0.55,17.4671368630558
UMass-flusion_spatial2,56,3,2024-01-20,2023-12-30,wk inc flu hosp,quantile,0.6,19.970132942075292
UMass-flusion_spatial2,56,3,2024-01-20,2023-12-30,wk inc flu hosp,quantile,0.65,22.73176664257624
UMass-flusion_spatial2,56,3,2024-01-20,2023-12-30,wk inc flu hosp,quantile,0.7,25.434464304173737
UMass-flusion_spatial2,56,3,2024-01-20,2023-12-30,wk inc flu hosp,quantile,0.75,29.11410071978668
UMass-flusion_spatial2,56,3,2024-01-20,2023-12-30,wk inc flu hosp,quantile,0.8,32.11596296366915
UMass-flusion_spatial2,56,3,2024-01-20,2023-12-30,wk inc flu hosp,quantile,0.85,37.26905628190609
UMass-flusion_spatial2,56,3,2024-01-20,2023-12-30,wk inc flu hosp,quantile,0.9,45.25878572104597
UMass-flusion_spatial2,56,3,2024-01-20,2023-12-30,wk inc flu hosp,quantile,0.95,56.79595088057308
UMass-flusion_spatial2,56,3,2024-01-20,2023-12-30,wk inc flu hosp,quantile,0.975,70.80749899687976
UMass-flusion_spatial2,56,3,2024-01-20,2023-12-30,wk inc flu hosp,quantile,0.99,92.71980247652817
UMass-flusion_spatial2,72,0,2023-12-30,2023-12-30,wk inc flu hosp,quantile,0.01,26.018463846689823
UMass-flusion_spatial2,72,0,2023-12-30,2023-12-30,wk inc flu hosp,quantile,0.025,30.682369122982188
UMass-flusion_spatial2,72,0,2023-12-30,2023-12-30,wk inc flu hosp,quantile,0.05,34.3034101730541
UMass-flusion_spatial2,72,0,2023-12-30,2023-12-30,wk inc flu hosp,quantile,0.1,39.37782498380882
UMass-flusion_spatial2,72,0,2023-12-30,2023-12-30,wk inc flu hosp,quantile,0.15,43.56774105391467
UMass-flusion_spatial2,72,0,2023-12-30,2023-12-30,wk inc flu hosp,quantile,0.2,45.873755450710135
UMass-flusion_spatial2,72,0,2023-12-30,2023-12-30,wk inc flu hosp,quantile,0.25,47.484009781396296
UMass-flusion_spatial2,72,0,2023-12-30,2023-12-30,wk inc flu hosp,quantile,0.3,49.88014132510022
UMass-flusion_spatial2,72,0,2023-12-30,2023-12-30,wk inc flu hosp,quantile,0.35,51.62751798294516
UMass-flusion_spatial2,72,0,2023-12-30,2023-12-30,wk inc flu hosp,quantile,0.4,53.964595513129865
UMass-flusion_spatial2,72,0,2023-12-30,2023-12-30,wk inc flu hosp,quantile,0.45,56.18102967225837
UMass-flusion_spatial2,72,0,2023-12-30,2023-12-30,wk inc flu hosp,quantile,0.5,58.06368476658453
UMass-flusion_spatial2,72,0,2023-12-30,2023-12-30,wk inc flu hosp,quantile,0.55,60.303351405298216
UMass-flusion_spatial2,72,0,2023-12-30,2023-12-30,wk inc flu hosp,quantile,0.6,62.370889102217014
UMass-flusion_spatial2,72,0,2023-12-30,2023-12-30,wk inc flu hosp,quantile,0.65,64.63478555295907
UMass-flusion_spatial2,72,0,2023-12-30,2023-12-30,wk inc flu hosp,quantile,0.7,67.04141572579053
UMass-flusion_spatial2,72,0,2023-12-30,2023-12-30,wk inc flu hosp,quantile,0.75,69.53767769542583
UMass-flusion_spatial2,72,0,2023-12-30,2023-12-30,wk inc flu hosp,quantile,0.8,72.17058312210983
UMass-flusion_spatial2,72,0,2023-12-30,2023-12-30,wk inc flu hosp,quantile,0.85,75.78286170317031
UMass-flusion_spatial2,72,0,2023-12-30,2023-12-30,wk inc flu hosp,quantile,0.9,81.05805309318961
UMass-flusion_spatial2,72,0,2023-12-30,2023-12-30,wk inc flu hosp,quantile,0.95,90.48891394725486
UMass-flusion_spatial2,72,0,2023-12-30,2023-12-30,wk inc flu hosp,quantile,0.975,97.44422566304064
UMass-flusion_spatial2,72,0,2023-12-30,2023-12-30,wk inc flu hosp,quantile,0.99,107.88001710502168
UMass-flusion_spatial2,72,1,2024-01-06,2023-12-30,wk inc flu hosp,quantile,0.01,17.024243079696827
UMass-flusion_spatial2,72,1,2024-01-06,2023-12-30,wk inc flu hosp,quantile,0.025,21.759363501858644
UMass-flusion_spatial2,72,1,2024-01-06,2023-12-30,wk inc flu hosp,quantile,0.05,27.172719396078158
UMass-flusion_spatial2,72,1,2024-01-06,2023-12-30,wk inc flu hosp,quantile,0.1,32.11975706359739
UMass-flusion_spatial2,72,1,2024-01-06,2023-12-30,wk inc flu hosp,quantile,0.15,37.23877736952838
UMass-flusion_spatial2,72,1,2024-01-06,2023-12-30,wk inc flu hosp,quantile,0.2,39.93522914391497
UMass-flusion_spatial2,72,1,2024-01-06,2023-12-30,wk inc flu hosp,quantile,0.25,41.85859946253581
UMass-flusion_spatial2,72,1,2024-01-06,2023-12-30,wk inc flu hosp,quantile,0.3,44.66084762449094
UMass-flusion_spatial2,72,1,2024-01-06,2023-12-30,wk inc flu hosp,quantile,0.35,46.75880350133401
UMass-flusion_spatial2,72,1,2024-01-06,2023-12-30,wk inc flu hosp,quantile,0.4,49.65287012102566
UMass-flusion_spatial2,72,1,2024-01-06,2023-12-30,wk inc flu hosp,quantile,0.45,52.5210999955265
UMass-flusion_spatial2,72,1,2024-01-06,2023-12-30,wk inc flu hosp,quantile,0.5,54.75759847302939
UMass-flusion_spatial2,72,1,2024-01-06,2023-12-30,wk inc flu hosp,quantile,0.55,57.46958849201014
UMass-flusion_spatial2,72,1,2024-01-06,2023-12-30,wk inc flu hosp,quantile,0.6,60.3872704040144
UMass-flusion_spatial2,72,1,2024-01-06,2023-12-30,wk inc flu hosp,quantile,0.65,63.548227073275015
UMass-flusion_spatial2,72,1,2024-01-06,2023-12-30,wk inc flu hosp,quantile,0.7,67.17964985184415
UMass-flusion_spatial2,72,1,2024-01-06,2023-12-30,wk inc flu hosp,quantile,0.75,70.58134143519459
UMass-flusion_spatial2,72,1,2024-01-06,2023-12-30,wk inc flu hosp,quantile,0.8,74.85061624011092
UMass-flusion_spatial2,72,1,2024-01-06,2023-12-30,wk inc flu hosp,quantile,0.85,80.55554125598965
UMass-flusion_spatial2,72,1,2024-01-06,2023-12-30,wk inc flu hosp,quantile,0.9,87.53268927740572
UMass-flusion_spatial2,72,1,2024-01-06,2023-12-30,wk inc flu hosp,quantile,0.95,100.20705489211537
UMass-flusion_spatial2,72,1,2024-01-06,2023-12-30,wk inc flu hosp,quantile,0.975,111.55868631132154
UMass-flusion_spatial2,72,1,2024-01-06,2023-12-30,wk inc flu hosp,quantile,0.99,130.1444475021961
UMass-flusion_spatial2,72,2,2024-01-13,2023-12-30,wk inc flu hosp,quantile,0.01,12.276748392059297
UMass-flusion_spatial2,72,2,2024-01-13,2023-12-30,wk inc flu hosp,quantile,0.025,17.811845491463274
UMass-flusion_spatial2,72,2,2024-01-13,2023-12-30,wk inc flu hosp,quantile,0.05,22.953712330200553
UMass-flusion_spatial2,72,2,2024-01-13,2023-12-30,wk inc flu hosp,quantile,0.1,28.179082092126094
UMass-flusion_spatial2,72,2,2024-01-13,2023-12-30,wk inc flu hosp,quantile,0.15,33.06410005668333
UMass-flusion_spatial2,72,2,2024-01-13,2023-12-30,wk inc flu hosp,quantile,0.2,35.24387444782685
UMass-flusion_spatial2,72,2,2024-01-13,2023-12-30,wk inc flu hosp,quantile,0.25,37.193196580135876
UMass-flusion_spatial2,72,2,2024-01-13,2023-12-30,wk inc flu hosp,quantile,0.3,40.08088313321266
UMass-flusion_spatial2,72,2,2024-01-13,2023-12-30,wk inc flu hosp,quantile,0.35,42.8489948774255
UMass-flusion_spatial2,72,2,2024-01-13,2023-12-30,wk inc flu hosp,quantile,0.4,46.972097849718665
UMass-flusion_spatial2,72,2,2024-01-13,2023-12-30,wk inc flu hosp,quantile,0.45,50.740627740157606
UMass-flusion_spatial2,72,2,2024-01-13,2023-12-30,wk inc flu hosp,quantile,0.5,53.53420418105888
UMass-flusion_spatial2,72,2,2024-01-13,2023-12-30,wk inc flu hosp,quantile,0.55,56.69366791219989
UMass-flusion_spatial2,72,2,2024-01-13,2023-12-30,wk inc flu hosp,quantile,0.6,60.575817897295266
UMass-flusion_spatial2,72,2,2024-01-13,2023-12-30,wk inc flu hosp,quantile,0.65,64.32972099052049
UMass-flusion_spatial2,72,2,2024-01-13,2023-12-30,wk inc flu hosp,quantile,0.7,67.78705495235312
UMass-flusion_spatial2,72,2,2024-01-13,2023-12-30,wk inc flu hosp,quantile,0.75,73.84398344401495
UMass-flusion_spatial2,72,2,2024-01-13,2023-12-30,wk inc flu hosp,quantile,0.8,80.41251240827972
UMass-flusion_spatial2,72,2,2024-01-13,2023-12-30,wk inc flu hosp,quantile,0.85,89.29233172717508
UMass-flusion_spatial2,72,2,2024-01-13,2023-12-30,wk inc flu hosp,quantile,0.9,98.92679222625219
UMass-flusion_spatial2,72,2,2024-01-13,2023-12-30,wk inc flu hosp,quantile,0.95,112.20384578492767
UMass-flusion_spatial2,72,2,2024-01-13,2023-12-30,wk inc flu hosp,quantile,0.975,127.47694536311383
UMass-flusion_spatial2,72,2,2024-01-13,2023-12-30,wk inc flu hosp,quantile,0.99,153.1690567395979
UMass-flusion_spatial2,72,3,2024-01-20,2023-12-30,wk inc flu hosp,quantile,0.01,11.041125132689874
UMass-flusion_spatial2,72,3,2024-01-20,2023-12-30,wk inc flu hosp,quantile,0.025,14.178852563778202
UMass-flusion_spatial2,72,3,2024-01-20,2023-12-30,wk inc flu hosp,quantile,0.05,19.75898427563271
UMass-flusion_spatial2,72,3,2024-01-20,2023-12-30,wk inc flu hosp,quantile,0.1,24.937120694222955
UMass-flusion_spatial2,72,3,2024-01-20,2023-12-30,wk inc flu hosp,quantile,0.15,30.746695385169446
UMass-flusion_spatial2,72,3,2024-01-20,2023-12-30,wk inc flu hosp,quantile,0.2,32.68778687816257
UMass-flusion_spatial2,72,3,2024-01-20,2023-12-30,wk inc flu hosp,quantile,0.25,35.11781347560752
UMass-flusion_spatial2,72,3,2024-01-20,2023-12-30,wk inc flu hosp,quantile,0.3,38.243211221076066
UMass-flusion_spatial2,72,3,2024-01-20,2023-12-30,wk inc flu hosp,quantile,0.35,40.678938638392935
UMass-flusion_spatial2,72,3,2024-01-20,2023-12-30,wk inc flu hosp,quantile,0.4,45.28645997677049
UMass-flusion_spatial2,72,3,2024-01-20,2023-12-30,wk inc flu hosp,quantile,0.45,49.89195188611292
UMass-flusion_spatial2,72,3,2024-01-20,2023-12-30,wk inc flu hosp,quantile,0.5,53.27967794949052
UMass-flusion_spatial2,72,3,2024-01-20,2023-12-30,wk inc flu hosp,quantile,0.55,57.01895364891165
UMass-flusion_spatial2,72,3,2024-01-20,2023-12-30,wk inc flu hosp,quantile,0.6,61.589402774653564
UMass-flusion_spatial2,72,3,2024-01-20,2023-12-30,wk inc flu hosp,quantile,0.65,66.24743954308114
UMass-flusion_spatial2,72,3,2024-01-20,2023-12-30,wk inc flu hosp,quantile,0.7,70.40243271671731
UMass-flusion_spatial2,72,3,2024-01-20,2023-12-30,wk inc flu hosp,quantile,0.75,77.95909545997466
UMass-flusion_spatial2,72,3,2024-01-20,2023-12-30,wk inc flu hosp,quantile,0.8,85.06037595034988
UMass-flusion_spatial2,72,3,2024-01-20,2023-12-30,wk inc flu hosp,quantile,0.85,95.9769274319521
UMass-flusion_spatial2,72,3,2024-01-20,2023-12-30,wk inc flu hosp,quantile,0.9,110.22936534817002
UMass-flusion_spatial2,72,3,2024-01-20,2023-12-30,wk inc flu hosp,quantile,0.95,129.12464306225758
UMass-flusion_spatial2,72,3,2024-01-20,2023-12-30,wk inc flu hosp,quantile,0.975,148.08248837435775
UMass-flusion_spatial2,72,3,2024-01-20,2023-12-30,wk inc flu hosp,quantile,0.99,174.67851275618858
UMass-flusion_spatial2,US,0,2023-12-30,2023-12-30,wk inc flu hosp,quantile,0.01,10897.023162303713
UMass-flusion_spatial2,US,0,2023-12-30,2023-12-30,wk inc flu hosp,quantile,0.025,12012.694188221954
UMass-flusion_spatial2,US,0,2023-12-30,2023-12-30,wk inc flu hosp,quantile,0.05,12832.178720825257
UMass-flusion_spatial2,US,0,2023-12-30,2023-12-30,wk inc flu hosp,quantile,0.1,14022.281553810062
UMass-flusion_spatial2,US,0,2023-12-30,2023-12-30,wk inc flu hosp,quantile,0.15,14816.988074965242
UMass-flusion_spatial2,US,0,2023-12-30,2023-12-30,wk inc flu hosp,quantile,0.2,15498.069091297431
UMass-flusion_spatial2,US,0,2023-12-30,2023-12-30,wk inc flu hosp,quantile,0.25,16249.001796204862
UMass-flusion_spatial2,US,0,2023-12-30,2023-12-30,wk inc flu hosp,quantile,0.3,16918.33509687768
UMass-flusion_spatial2,US,0,2023-12-30,2023-12-30,wk inc flu hosp,quantile,0.35,17347.248596800266
UMass-flusion_spatial2,US,0,2023-12-30,2023-12-30,wk inc flu hosp,quantile,0.4,17869.853262228844
UMass-flusion_spatial2,US,0,2023-12-30,2023-12-30,wk inc flu hosp,quantile,0.45,18065.152994489225
UMass-flusion_spatial2,US,0,2023-12-30,2023-12-30,wk inc flu hosp,quantile,0.5,18327.963892170752
UMass-flusion_spatial2,US,0,2023-12-30,2023-12-30,wk inc flu hosp,quantile,0.55,18898.444527944717
UMass-flusion_spatial2,US,0,2023-12-30,2023-12-30,wk inc flu hosp,quantile,0.6,19472.2765191747
UMass-flusion_spatial2,US,0,2023-12-30,2023-12-30,wk inc flu hosp,quantile,0.65,19882.78914120938
UMass-flusion_spatial2,US,0,2023-12-30,2023-12-30,wk inc flu hosp,quantile,0.7,20243.232584269004
UMass-flusion_spatial2,US,0,2023-12-30,2023-12-30,wk inc flu hosp,quantile,0.75,20706.148716729338
UMass-flusion_spatial2,US,0,2023-12-30,2023-12-30,wk inc flu hosp,quantile,0.8,20923.52323508418
UMass-flusion_spatial2,US,0,2023-12-30,2023-12-30,wk inc flu hosp,quantile,0.85,21163.047095409558
UMass-flusion_spatial2,US,0,2023-12-30,2023-12-30,wk inc flu hosp,quantile,0.9,21585.34116748884
UMass-flusion_spatial2,US,0,2023-12-30,2023-12-30,wk inc flu hosp,quantile,0.95,22000.500931115523
UMass-flusion_spatial2,US,0,2023-12-30,2023-12-30,wk inc flu hosp,quantile,0.975,22350.038714675604
UMass-flusion_spatial2,US,0,2023-12-30,2023-12-30,wk inc flu hosp,quantile,0.99,23688.853523766396
UMass-flusion_spatial2,US,1,2024-01-06,2023-12-30,wk inc flu hosp,quantile,0.01,9838.57370639294
UMass-flusion_spatial2,US,1,2024-01-06,2023-12-30,wk inc flu hosp,quantile,0.025,11050.911944461233
UMass-flusion_spatial2,US,1,2024-01-06,2023-12-30,wk inc flu hosp,quantile,0.05,12068.597901251786
UMass-flusion_spatial2,US,1,2024-01-06,2023-12-30,wk inc flu hosp,quantile,0.1,13397.13928734059
UMass-flusion_spatial2,US,1,2024-01-06,2023-12-30,wk inc flu hosp,quantile,0.15,14489.21034026196
UMass-flusion_spatial2,US,1,2024-01-06,2023-12-30,wk inc flu hosp,quantile,0.2,15348.616363481295
UMass-flusion_spatial2,US,1,2024-01-06,2023-12-30,wk inc flu hosp,quantile,0.25,16178.963581577133
UMass-flusion_spatial2,US,1,2024-01-06,2023-12-30,wk inc flu hosp,quantile,0.3,16879.698830713467
UMass-flusion_spatial2,US,1,2024-01-06,2023-12-30,wk inc flu hosp,quantile,0.35,17404.297654639384
UMass-flusion_spatial2,US,1,2024-01-06,2023-12-30,wk inc flu hosp,quantile,0.4,18018.678682515532
UMass-flusion_spatial2,US,1,2024-01-06,2023-12-30,wk inc flu hosp,quantile,0.45,18332.970202314344
UMass-flusion_spatial2,US,1,2024-01-06,2023-12-30,wk inc flu hosp,quantile,0.5,18943.387253863257
UMass-flusion_spatial2,US,1,2024-01-06,2023-12-30,wk inc flu hosp,quantile,0.55,19428.568296229263
UMass-flusion_spatial2,US,1,2024-01-06,2023-12-30,wk inc flu hosp,quantile,0.6,20193.35510130738
UMass-flusion_spatial2,US,1,2024-01-06,2023-12-30,wk inc flu hosp,quantile,0.65,20853.086630604907
UMass-flusion_spatial2,US,1,2024-01-06,2023-12-30,wk inc flu hosp,quantile,0.7,21632.29563530199
UMass-flusion_spatial2,US,1,2024-01-06,2023-12-30,wk inc flu hosp,quantile,0.75,22385.966834400977
UMass-flusion_spatial2,US,1,2024-01-06,2023-12-30,wk inc flu hosp,quantile,0.8,23332.98535140182
UMass-flusion_spatial2,US,1,2024-01-06,2023-12-30,wk inc flu hosp,quantile,0.85,24103.17484540012
UMass-flusion_spatial2,US,1,2024-01-06,2023-12-30,wk inc flu hosp,quantile,0.9,24806.648230033075
UMass-flusion_spatial2,US,1,2024-01-06,2023-12-30,wk inc flu hosp,quantile,0.95,25421.39003251501
UMass-flusion_spatial2,US,1,2024-01-06,2023-12-30,wk inc flu hosp,quantile,0.975,26444.166524090208
UMass-flusion_spatial2,US,1,2024-01-06,2023-12-30,wk inc flu hosp,quantile,0.99,28462.079059216343
UMass-flusion_spatial2,US,2,2024-01-13,2023-12-30,wk inc flu hosp,quantile,0.01,8556.161798060166
UMass-flusion_spatial2,US,2,2024-01-13,2023-12-30,wk inc flu hosp,quantile,0.025,9806.212279097166
UMass-flusion_spatial2,US,2,2024-01-13,2023-12-30,wk inc flu hosp,quantile,0.05,10974.807053168279
UMass-flusion_spatial2,US,2,2024-01-13,2023-12-30,wk inc flu hosp,quantile,0.1,12340.743555294783
UMass-flusion_spatial2,US,2,2024-01-13,2023-12-30,wk inc flu hosp,quantile,0.15,13499.139595777573
UMass-flusion_spatial2,US,2,2024-01-13,2023-12-30,wk inc flu hosp,quantile,0.2,14487.071108797552
UMass-flusion_spatial2,US,2,2024-01-13,2023-12-30,wk inc flu hosp,quantile,0.25,15355.74574899541
UMass-flusion_spatial2,US,2,2024-01-13,2023-12-30,wk inc flu hosp,quantile,0.3,16301.343354103923
UMass-flusion_spatial2,US,2,2024-01-13,2023-12-30,wk inc flu hosp,quantile,0.35,16787.493322245053
UMass-flusion_spatial2,US,2,2024-01-13,2023-12-30,wk inc flu hosp,quantile,0.4,17456.38272318428
UMass-flusion_spatial2,US,2,2024-01-13,2023-12-30,wk inc flu hosp,quantile,0.45,18086.08209560369
UMass-flusion_spatial2,US,2,2024-01-13,2023-12-30,wk inc flu hosp,quantile,0.5,18729.83085956668
UMass-flusion_spatial2,US,2,2024-01-13,2023-12-30,wk inc flu hosp,quantile,0.55,19199.85736684875
UMass-flusion_spatial2,US,2,2024-01-13,2023-12-30,wk inc flu hosp,quantile,0.6,19679.732987928335
UMass-flusion_spatial2,US,2,2024-01-13,2023-12-30,wk inc flu hosp,quantile,0.65,20296.704853365853
UMass-flusion_spatial2,US,2,2024-01-13,2023-12-30,wk inc flu hosp,quantile,0.7,21093.285047608217
UMass-flusion_spatial2,US,2,2024-01-13,2023-12-30,wk inc flu hosp,quantile,0.75,22044.652518329458
UMass-flusion_spatial2,US,2,2024-01-13,2023-12-30,wk inc flu hosp,quantile,0.8,22947.43184684463
UMass-flusion_spatial2,US,2,2024-01-13,2023-12-30,wk inc flu hosp,quantile,0.85,23587.740239574763
UMass-flusion_spatial2,US,2,2024-01-13,2023-12-30,wk inc flu hosp,quantile,0.9,24353.09509771003
UMass-flusion_spatial2,US,2,2024-01-13,2023-12-30,wk inc flu hosp,quantile,0.95,25957.014683492336
UMass-flusion_spatial2,US,2,2024-01-13,2023-12-30,wk inc flu hosp,quantile,0.975,28260.840151700446
UMass-flusion_spatial2,US,2,2024-01-13,2023-12-30,wk inc flu hosp,quantile,0.99,31357.182252964376
UMass-flusion_spatial2,US,3,2024-01-20,2023-12-30,wk inc flu hosp,quantile,0.01,7381.562714435135
UMass-flusion_spatial2,US,3,2024-01-20,2023-12-30,wk inc flu hosp,quantile,0.025,8647.50274339697
UMass-flusion_spatial2,US,3,2024-01-20,2023-12-30,wk inc flu hosp,quantile,0.05,9726.620258049854
UMass-flusion_spatial2,US,3,2024-01-20,2023-12-30,wk inc flu hosp,quantile,0.1,11361.00892164653
UMass-flusion_spatial2,US,3,2024-01-20,2023-12-30,wk inc flu hosp,quantile,0.15,12476.289073750644
UMass-flusion_spatial2,US,3,2024-01-20,2023-12-30,wk inc flu hosp,quantile,0.2,13513.121815401768
UMass-flusion_spatial2,US,3,2024-01-20,2023-12-30,wk inc flu hosp,quantile,0.25,14590.114986089397
UMass-flusion_spatial2,US,3,2024-01-20,2023-12-30,wk inc flu hosp,quantile,0.3,15617.075822658393
UMass-flusion_spatial2,US,3,2024-01-20,2023-12-30,wk inc flu hosp,quantile,0.35,16093.14154895403
UMass-flusion_spatial2,US,3,2024-01-20,2023-12-30,wk inc flu hosp,quantile,0.4,16541.81046317915
UMass-flusion_spatial2,US,3,2024-01-20,2023-12-30,wk inc flu hosp,quantile,0.45,17144.760543994147
UMass-flusion_spatial2,US,3,2024-01-20,2023-12-30,wk inc flu hosp,quantile,0.5,17545.86862162422
UMass-flusion_spatial2,US,3,2024-01-20,2023-12-30,wk inc flu hosp,quantile,0.55,18282.767523754883
UMass-flusion_spatial2,US,3,2024-01-20,2023-12-30,wk inc flu hosp,quantile,0.6,18795.038852449863
UMass-flusion_spatial2,US,3,2024-01-20,2023-12-30,wk inc flu hosp,quantile,0.65,19634.76067261534
UMass-flusion_spatial2,US,3,2024-01-20,2023-12-30,wk inc flu hosp,quantile,0.7,20123.4398172651
UMass-flusion_spatial2,US,3,2024-01-20,2023-12-30,wk inc flu hosp,quantile,0.75,21258.849457830882
UMass-flusion_spatial2,US,3,2024-01-20,2023-12-30,wk inc flu hosp,quantile,0.8,22017.301954934497
UMass-flusion_spatial2,US,3,2024-01-20,2023-12-30,wk inc flu hosp,quantile,0.85,22991.287921381037
UMass-flusion_spatial2,US,3,2024-01-20,2023-12-30,wk inc flu hosp,quantile,0.9,24150.338972564008
UMass-flusion_spatial2,US,3,2024-01-20,2023-12-30,wk inc flu hosp,quantile,0.95,26504.18870761409
UMass-flusion_spatial2,US,3,2024-01-20,2023-12-30,wk inc flu hosp,quantile,0.975,29313.230441476066
UMass-flusion_spatial2,US,3,2024-01-20,2023-12-30,wk inc flu hosp,quantile,0.99,33171.286664019615
